1710556325935 0.0 0
1710556401975 1.0 1
1710556480467 2.0 2
1710556568278 3.0 3
1710556657340 4.0 4
1710556747704 5.0 5
1710556836672 6.0 6
1710556925680 7.0 7
1710557038358 8.0 8
1710557149087 9.0 9
1710557258683 10.0 10
1710557368797 11.0 11
1710557477617 12.0 12
1710557586371 13.0 13
1710557695077 14.0 14
1710557801215 15.0 15
1710557904885 16.0 16
1710558006547 17.0 17
1710558105395 18.0 18
1710558205755 19.0 19
1710558307498 20.0 20
1710558408300 21.0 21
1710558511977 22.0 22
1710558616466 23.0 23
1710558723674 24.0 24
1710558830288 25.0 25
1710558937694 26.0 26
1710559045768 27.0 27
1710559152790 28.0 28
1710559258672 29.0 29
1710559364832 30.0 30
1710559468798 31.0 31
1710559570820 32.0 32
1710559672112 33.0 33
1710559772478 34.0 34
1710559876581 35.0 35
1710559980670 36.0 36
1710560081483 37.0 37
1710560185511 38.0 38
1710560290708 39.0 39
1710560397884 40.0 40
1710560506098 41.0 41
1710560614949 42.0 42
1710560724112 43.0 43
1710560833150 44.0 44
1710560941459 45.0 45
1710561050388 46.0 46
1710561161213 47.0 47
1710561272109 48.0 48
1710561382827 49.0 49
1710561494446 50.0 50
1710561609153 51.0 51
1710561721473 52.0 52
1710561832623 53.0 53
1710561943476 54.0 54
1710562053611 55.0 55
1710562163250 56.0 56
1710562275949 57.0 57
1710562385441 58.0 58
1710562496638 59.0 59
1710562608505 60.0 60
1710562719202 61.0 61
1710562829000 62.0 62
1710562939280 63.0 63
1710563048831 64.0 64
1710563156790 65.0 65
1710563265517 66.0 66
1710563375842 67.0 67
1710563484207 68.0 68
1710563592952 69.0 69
1710563701145 70.0 70
1710563807892 71.0 71
1710563912624 72.0 72
1710564017108 73.0 73
1710564118798 74.0 74
1710564220188 75.0 75
1710564325179 76.0 76
1710564427462 77.0 77
1710564526645 78.0 78
1710564633470 79.0 79
1710564736069 80.0 80
1710564840980 81.0 81
1710564947063 82.0 82
1710565056915 83.0 83
1710565162906 84.0 84
1710565270674 85.0 85
1710565379947 86.0 86
1710565490063 87.0 87
1710565601729 88.0 88
1710565710970 89.0 89
1710565845314 90.0 90
1710565978384 91.0 91
1710566112283 92.0 92
1710566246181 93.0 93
1710566380671 94.0 94
1710566514447 95.0 95
1710566649649 96.0 96
1710566784688 97.0 97
1710566918693 98.0 98
1710567053317 99.0 99
1710567188029 100.0 100
1710567321980 101.0 101
1710567455057 102.0 102
1710567588930 103.0 103
1710567722201 104.0 104
1710567854830 105.0 105
1710567988759 106.0 106
1710568122409 107.0 107
1710568255396 108.0 108
1710568389036 109.0 109
1710568524385 110.0 110
1710568658688 111.0 111
1710568793422 112.0 112
1710568926039 113.0 113
1710569059035 114.0 114
1710569191807 115.0 115
1710569326528 116.0 116
1710569460188 117.0 117
1710569593845 118.0 118
1710569726112 119.0 119
1710569859293 120.0 120
1710569991461 121.0 121
1710570121779 122.0 122
1710570251874 123.0 123
1710570383601 124.0 124
1710570515517 125.0 125
1710570647831 126.0 126
1710570779275 127.0 127
1710570910468 128.0 128
1710571042049 129.0 129
1710571172961 130.0 130
1710571306230 131.0 131
1710571438491 132.0 132
1710571570978 133.0 133
1710571702179 134.0 134
1710571834221 135.0 135
1710571965570 136.0 136
1710572096391 137.0 137
1710572225588 138.0 138
1710572356733 139.0 139
1710572488422 140.0 140
1710572618878 141.0 141
1710572749928 142.0 142
1710572881602 143.0 143
1710573013026 144.0 144
1710573143922 145.0 145
1710573273463 146.0 146
1710573404716 147.0 147
1710573535435 148.0 148
1710573664505 149.0 149
1710573793903 150.0 150
1710573922826 151.0 151
1710574050879 152.0 152
1710574181387 153.0 153
1710574311947 154.0 154
1710574444464 155.0 155
1710574577986 156.0 156
1710574711490 157.0 157
1710574845435 158.0 158
1710574979397 159.0 159
1710575112933 160.0 160
1710575246935 161.0 161
1710575381194 162.0 162
1710575514847 163.0 163
1710575647665 164.0 164
1710575780841 165.0 165
1710575915087 166.0 166
1710576048562 167.0 167
1710576182847 168.0 168
1710576317938 169.0 169
1710576453735 170.0 170
1710576588140 171.0 171
1710576720900 172.0 172
1710576855709 173.0 173
1710576988892 174.0 174
1710577122808 175.0 175
1710577255831 176.0 176
1710577389513 177.0 177
1710577522144 178.0 178
1710577654395 179.0 179
1710577786038 180.0 180
1710577916485 181.0 181
1710578044759 182.0 182
1710578172531 183.0 183
1710578301291 184.0 184
1710578430004 185.0 185
1710578556577 186.0 186
1710578685518 187.0 187
1710578814343 188.0 188
1710578944302 189.0 189
1710579074294 190.0 190
1710579203103 191.0 191
1710579332552 192.0 192
1710579462296 193.0 193
1710579592960 194.0 194
1710579724112 195.0 195
1710579856359 196.0 196
1710579987987 197.0 197
1710580122051 198.0 198
1710580255957 199.0 199
1710580390608 200.0 200
1710580524348 201.0 201
1710580657320 202.0 202
1710580791731 203.0 203
1710580926235 204.0 204
1710581061140 205.0 205
1710581194917 206.0 206
1710581328245 207.0 207
1710581461787 208.0 208
1710581594479 209.0 209
1710581727896 210.0 210
1710581863220 211.0 211
1710581997189 212.0 212
1710582131765 213.0 213
1710582266301 214.0 214
1710582400001 215.0 215
1710582533849 216.0 216
1710582668517 217.0 217
1710582803209 218.0 218
1710582937558 219.0 219
1710583071919 220.0 220
1710583206481 221.0 221
1710583342082 222.0 222
1710583475532 223.0 223
1710583608809 224.0 224
1710583742558 225.0 225
1710583875911 226.0 226
1710584009694 227.0 227
1710584143487 228.0 228
1710584276095 229.0 229
1710584409781 230.0 230
1710584542899 231.0 231
1710584676226 232.0 232
1710584807678 233.0 233
1710584939924 234.0 234
1710585071363 235.0 235
1710585201008 236.0 236
1710585331104 237.0 237
1710585461553 238.0 238
1710585591311 239.0 239
1710585721687 240.0 240
1710585852762 241.0 241
1710585984426 242.0 242
1710586115270 243.0 243
1710586245768 244.0 244
1710586375210 245.0 245
1710586506653 246.0 246
1710586637873 247.0 247
1710586767560 248.0 248
1710586896511 249.0 249
1710587026159 250.0 250
1710587155614 251.0 251
1710587286088 252.0 252
1710587418023 253.0 253
1710587549213 254.0 254
1710587680239 255.0 255
1710587811981 256.0 256
1710587943458 257.0 257
1710588074481 258.0 258
1710588204870 259.0 259
1710588336087 260.0 260
1710588467007 261.0 261
1710588598416 262.0 262
1710588730180 263.0 263
1710588861782 264.0 264
1710588994223 265.0 265
1710589126420 266.0 266
1710589258847 267.0 267
1710589391637 268.0 268
1710589524146 269.0 269
1710589657421 270.0 270
1710589789217 271.0 271
1710589922492 272.0 272
1710590057541 273.0 273
1710590191860 274.0 274
1710590326787 275.0 275
1710590460128 276.0 276
1710590594134 277.0 277
1710590729202 278.0 278
1710590863011 279.0 279
1710590997099 280.0 280
1710591130233 281.0 281
1710591264030 282.0 282
1710591397658 283.0 283
1710591531519 284.0 284
1710591664901 285.0 285
1710591798251 286.0 286
1710591930730 287.0 287
1710592062477 288.0 288
1710592194463 289.0 289
1710592324015 290.0 290
1710592453110 291.0 291
1710592580378 292.0 292
1710592709712 293.0 293
1710592837368 294.0 294
1710592965460 295.0 295
1710593094592 296.0 296
1710593222245 297.0 297
1710593350663 298.0 298
1710593477533 299.0 299
1710593603660 300.0 300
1710593732110 301.0 301
1710593860377 302.0 302
1710593988349 303.0 303
1710594116735 304.0 304
1710594246646 305.0 305
1710594379042 306.0 306
1710594513034 307.0 307
1710594647185 308.0 308
1710594780342 309.0 309
1710594914960 310.0 310
1710595049353 311.0 311
1710595182689 312.0 312
1710595316498 313.0 313
1710595450466 314.0 314
1710595585587 315.0 315
1710595720169 316.0 316
1710595853655 317.0 317
1710595987183 318.0 318
1710596121419 319.0 319
1710596256214 320.0 320
1710596390578 321.0 321
1710596524369 322.0 322
1710596657527 323.0 323
1710596790815 324.0 324
1710596923110 325.0 325
1710597054746 326.0 326
1710597186310 327.0 327
1710597317176 328.0 328
1710597447501 329.0 329
1710597576681 330.0 330
1710597705786 331.0 331
1710597835879 332.0 332
1710597965752 333.0 333
1710598096356 334.0 334
1710598227084 335.0 335
1710598357218 336.0 336
1710598486814 337.0 337
1710598616486 338.0 338
1710598745100 339.0 339
1710598875513 340.0 340
1710599005930 341.0 341
1710599135175 342.0 342
1710599264551 343.0 343
1710599394125 344.0 344
1710599523001 345.0 345
1710599652097 346.0 346
1710599782456 347.0 347
1710599911918 348.0 348
1710600041449 349.0 349
1710600170311 350.0 350
1710600301197 351.0 351
1710600429658 352.0 352
1710600560641 353.0 353
1710600692327 354.0 354
1710600824369 355.0 355
1710600957725 356.0 356
1710601090663 357.0 357
1710601224155 358.0 358
1710601356508 359.0 359
1710601490897 360.0 360
1710601624521 361.0 361
1710601757986 362.0 362
1710601892308 363.0 363
1710602026543 364.0 364
1710602159024 365.0 365
1710602292161 366.0 366
1710602425257 367.0 367
1710602558975 368.0 368
1710602692186 369.0 369
1710602826157 370.0 370
1710602958697 371.0 371
1710603092229 372.0 372
1710603224125 373.0 373
1710603356047 374.0 374
1710603489103 375.0 375
1710603621384 376.0 376
1710603753907 377.0 377
1710603886915 378.0 378
1710604019025 379.0 379
1710604151507 380.0 380
1710604283199 381.0 381
1710604414406 382.0 382
1710604545883 383.0 383
1710604677687 384.0 384
1710604808646 385.0 385
1710604939862 386.0 386
1710605072186 387.0 387
1710605202248 388.0 388
1710605333602 389.0 389
1710605463621 390.0 390
1710605592829 391.0 391
1710605723175 392.0 392
1710605853747 393.0 393
1710605981684 394.0 394
1710606108651 395.0 395
1710606231112 396.0 396
1710606330858 397.0 397
1710606429068 398.0 398
1710606527889 399.0 399
