1710556325935 6993608.0 0
1710556401976 6993608.0 1
1710556480468 6993608.0 2
1710556568280 6993608.0 3
1710556657342 6993608.0 4
1710556747705 6993608.0 5
1710556836674 6993608.0 6
1710556925680 6993608.0 7
1710557038360 6993608.0 8
1710557149088 6993608.0 9
1710557258685 6993608.0 10
1710557368799 6993608.0 11
1710557477619 6993608.0 12
1710557586372 6993608.0 13
1710557695078 6993608.0 14
1710557801216 6993608.0 15
1710557904886 6993608.0 16
1710558006548 6993608.0 17
1710558105396 6993608.0 18
1710558205755 6993608.0 19
1710558307498 6993608.0 20
1710558408301 6993608.0 21
1710558511979 6993608.0 22
1710558616467 6993608.0 23
1710558723675 6993608.0 24
1710558830289 6993608.0 25
1710558937695 6993608.0 26
1710559045770 6993608.0 27
1710559152792 6993608.0 28
1710559258673 6993608.0 29
1710559364833 6993608.0 30
1710559468798 6993608.0 31
1710559570821 6993608.0 32
1710559672112 6993608.0 33
1710559772479 6993608.0 34
1710559876582 6993608.0 35
1710559980671 6993608.0 36
1710560081483 6993608.0 37
1710560185511 6993608.0 38
1710560290709 6993608.0 39
1710560397884 6993608.0 40
1710560506099 6993608.0 41
1710560614949 6993608.0 42
1710560724113 6993608.0 43
1710560833151 6993608.0 44
1710560941460 6993608.0 45
1710561050390 6993608.0 46
1710561161214 6993608.0 47
1710561272110 6993608.0 48
1710561382828 6993608.0 49
1710561494448 6993608.0 50
1710561609153 6993608.0 51
1710561721473 6993608.0 52
1710561832625 6993608.0 53
1710561943477 6993608.0 54
1710562053612 6993608.0 55
1710562163251 6993608.0 56
1710562275950 6993608.0 57
1710562385442 6993608.0 58
1710562496639 6993608.0 59
1710562608506 6993608.0 60
1710562719203 6993608.0 61
1710562829001 6993608.0 62
1710562939281 6993608.0 63
1710563048831 6993608.0 64
1710563156790 6993608.0 65
1710563265518 6993608.0 66
1710563375843 6993608.0 67
1710563484208 6993608.0 68
1710563592954 6993608.0 69
1710563701146 6993608.0 70
1710563807892 6993608.0 71
1710563912625 6993608.0 72
1710564017109 6993608.0 73
1710564118799 6993608.0 74
1710564220190 6993608.0 75
1710564325180 6993608.0 76
1710564427463 6993608.0 77
1710564526646 6993608.0 78
1710564633471 6993608.0 79
1710564736070 6993608.0 80
1710564840981 6993608.0 81
1710564947064 6993608.0 82
1710565056916 6993608.0 83
1710565162907 6993608.0 84
1710565270675 6993608.0 85
1710565379949 6993608.0 86
1710565490065 6993608.0 87
1710565601730 6993608.0 88
1710565710970 6993608.0 89
1710565845314 6993608.0 90
1710565978385 6993608.0 91
1710566112284 6993608.0 92
1710566246182 6993608.0 93
1710566380672 6993608.0 94
1710566514447 6993608.0 95
1710566649651 6993608.0 96
1710566784689 6993608.0 97
1710566918693 6993608.0 98
1710567053318 6993608.0 99
1710567188030 6993608.0 100
1710567321980 6993608.0 101
1710567455058 6993608.0 102
1710567588931 6993608.0 103
1710567722201 6993608.0 104
1710567854831 6993608.0 105
1710567988760 6993608.0 106
1710568122410 6993608.0 107
1710568255397 6993608.0 108
1710568389036 6993608.0 109
1710568524387 6993608.0 110
1710568658690 6993608.0 111
1710568793424 6993608.0 112
1710568926040 6993608.0 113
1710569059036 6993608.0 114
1710569191808 6993608.0 115
1710569326529 6993608.0 116
1710569460189 6993608.0 117
1710569593846 6993608.0 118
1710569726113 6993608.0 119
1710569859294 6993608.0 120
1710569991462 6993608.0 121
1710570121780 6993608.0 122
1710570251875 6993608.0 123
1710570383603 6993608.0 124
1710570515518 6993608.0 125
1710570647832 6993608.0 126
1710570779276 6993608.0 127
1710570910469 6993608.0 128
1710571042050 6993608.0 129
1710571172962 6993608.0 130
1710571306232 6993608.0 131
1710571438492 6993608.0 132
1710571570979 6993608.0 133
1710571702180 6993608.0 134
1710571834222 6993608.0 135
1710571965570 6993608.0 136
1710572096392 6993608.0 137
1710572225589 6993608.0 138
1710572356734 6993608.0 139
1710572488423 6993608.0 140
1710572618879 6993608.0 141
1710572749930 6993608.0 142
1710572881604 6993608.0 143
1710573013028 6993608.0 144
1710573143922 6993608.0 145
1710573273464 6993608.0 146
1710573404717 6993608.0 147
1710573535436 6993608.0 148
1710573664506 6993608.0 149
1710573793905 6993608.0 150
1710573922828 6993608.0 151
1710574050880 6993608.0 152
1710574181389 6993608.0 153
1710574311948 6993608.0 154
1710574444464 6993608.0 155
1710574577986 6993608.0 156
1710574711491 6993608.0 157
1710574845436 6993608.0 158
1710574979398 6993608.0 159
1710575112934 6993608.0 160
1710575246935 6993608.0 161
1710575381195 6993608.0 162
1710575514848 6993608.0 163
1710575647666 6993608.0 164
1710575780841 6993608.0 165
1710575915088 6993608.0 166
1710576048563 6993608.0 167
1710576182847 6993608.0 168
1710576317940 6993608.0 169
1710576453737 6993608.0 170
1710576588142 6993608.0 171
1710576720901 6993608.0 172
1710576855710 6993608.0 173
1710576988893 6993608.0 174
1710577122809 6993608.0 175
1710577255831 6993608.0 176
1710577389514 6993608.0 177
1710577522146 6993608.0 178
1710577654396 6993608.0 179
1710577786038 6993608.0 180
1710577916485 6993608.0 181
1710578044760 6993608.0 182
1710578172531 6993608.0 183
1710578301291 6993608.0 184
1710578430005 6993608.0 185
1710578556578 6993608.0 186
1710578685519 6993608.0 187
1710578814344 6993608.0 188
1710578944303 6993608.0 189
1710579074296 6993608.0 190
1710579203103 6993608.0 191
1710579332553 6993608.0 192
1710579462297 6993608.0 193
1710579592961 6993608.0 194
1710579724113 6993608.0 195
1710579856360 6993608.0 196
1710579987988 6993608.0 197
1710580122052 6993608.0 198
1710580255958 6993608.0 199
1710580390609 6993608.0 200
1710580524350 6993608.0 201
1710580657321 6993608.0 202
1710580791732 6993608.0 203
1710580926236 6993608.0 204
1710581061141 6993608.0 205
1710581194919 6993608.0 206
1710581328246 6993608.0 207
1710581461787 6993608.0 208
1710581594480 6993608.0 209
1710581727897 6993608.0 210
1710581863222 6993608.0 211
1710581997190 6993608.0 212
1710582131766 6993608.0 213
1710582266302 6993608.0 214
1710582400001 6993608.0 215
1710582533850 6993608.0 216
1710582668518 6993608.0 217
1710582803211 6993608.0 218
1710582937559 6993608.0 219
1710583071920 6993608.0 220
1710583206482 6993608.0 221
1710583342083 6993608.0 222
1710583475532 6993608.0 223
1710583608810 6993608.0 224
1710583742559 6993608.0 225
1710583875911 6993608.0 226
1710584009694 6993608.0 227
1710584143487 6993608.0 228
1710584276096 6993608.0 229
1710584409781 6993608.0 230
1710584542899 6993608.0 231
1710584676226 6993608.0 232
1710584807679 6993608.0 233
1710584939925 6993608.0 234
1710585071364 6993608.0 235
1710585201009 6993608.0 236
1710585331105 6993608.0 237
1710585461554 6993608.0 238
1710585591311 6993608.0 239
1710585721687 6993608.0 240
1710585852763 6993608.0 241
1710585984427 6993608.0 242
1710586115271 6993608.0 243
1710586245769 6993608.0 244
1710586375211 6993608.0 245
1710586506654 6993608.0 246
1710586637874 6993608.0 247
1710586767562 6993608.0 248
1710586896513 6993608.0 249
1710587026159 6993608.0 250
1710587155615 6993608.0 251
1710587286090 6993608.0 252
1710587418024 6993608.0 253
1710587549214 6993608.0 254
1710587680240 6993608.0 255
1710587811983 6993608.0 256
1710587943459 6993608.0 257
1710588074481 6993608.0 258
1710588204871 6993608.0 259
1710588336088 6993608.0 260
1710588467007 6993608.0 261
1710588598417 6993608.0 262
1710588730181 6993608.0 263
1710588861783 6993608.0 264
1710588994224 6993608.0 265
1710589126421 6993608.0 266
1710589258847 6993608.0 267
1710589391638 6993608.0 268
1710589524146 6993608.0 269
1710589657421 6993608.0 270
1710589789217 6993608.0 271
1710589922492 6993608.0 272
1710590057542 6993608.0 273
1710590191861 6993608.0 274
1710590326788 6993608.0 275
1710590460129 6993608.0 276
1710590594135 6993608.0 277
1710590729204 6993608.0 278
1710590863012 6993608.0 279
1710590997100 6993608.0 280
1710591130234 6993608.0 281
1710591264031 6993608.0 282
1710591397659 6993608.0 283
1710591531520 6993608.0 284
1710591664902 6993608.0 285
1710591798252 6993608.0 286
1710591930731 6993608.0 287
1710592062478 6993608.0 288
1710592194464 6993608.0 289
1710592324016 6993608.0 290
1710592453111 6993608.0 291
1710592580379 6993608.0 292
1710592709713 6993608.0 293
1710592837369 6993608.0 294
1710592965460 6993608.0 295
1710593094593 6993608.0 296
1710593222246 6993608.0 297
1710593350665 6993608.0 298
1710593477533 6993608.0 299
1710593603661 6993608.0 300
1710593732112 6993608.0 301
1710593860378 6993608.0 302
1710593988349 6993608.0 303
1710594116735 6993608.0 304
1710594246647 6993608.0 305
1710594379043 6993608.0 306
1710594513035 6993608.0 307
1710594647186 6993608.0 308
1710594780343 6993608.0 309
1710594914962 6993608.0 310
1710595049354 6993608.0 311
1710595182689 6993608.0 312
1710595316499 6993608.0 313
1710595450467 6993608.0 314
1710595585589 6993608.0 315
1710595720169 6993608.0 316
1710595853657 6993608.0 317
1710595987183 6993608.0 318
1710596121420 6993608.0 319
1710596256214 6993608.0 320
1710596390578 6993608.0 321
1710596524370 6993608.0 322
1710596657528 6993608.0 323
1710596790817 6993608.0 324
1710596923110 6993608.0 325
1710597054747 6993608.0 326
1710597186312 6993608.0 327
1710597317177 6993608.0 328
1710597447502 6993608.0 329
1710597576682 6993608.0 330
1710597705787 6993608.0 331
1710597835880 6993608.0 332
1710597965753 6993608.0 333
1710598096357 6993608.0 334
1710598227086 6993608.0 335
1710598357219 6993608.0 336
1710598486816 6993608.0 337
1710598616486 6993608.0 338
1710598745101 6993608.0 339
1710598875513 6993608.0 340
1710599005930 6993608.0 341
1710599135175 6993608.0 342
1710599264552 6993608.0 343
1710599394126 6993608.0 344
1710599523002 6993608.0 345
1710599652097 6993608.0 346
1710599782457 6993608.0 347
1710599911919 6993608.0 348
1710600041451 6993608.0 349
1710600170312 6993608.0 350
1710600301198 6993608.0 351
1710600429659 6993608.0 352
1710600560642 6993608.0 353
1710600692327 6993608.0 354
1710600824370 6993608.0 355
1710600957725 6993608.0 356
1710601090663 6993608.0 357
1710601224156 6993608.0 358
1710601356509 6993608.0 359
1710601490898 6993608.0 360
1710601624522 6993608.0 361
1710601757986 6993608.0 362
1710601892309 6993608.0 363
1710602026543 6993608.0 364
1710602159024 6993608.0 365
1710602292162 6993608.0 366
1710602425258 6993608.0 367
1710602558976 6993608.0 368
1710602692187 6993608.0 369
1710602826158 6993608.0 370
1710602958698 6993608.0 371
1710603092230 6993608.0 372
1710603224127 6993608.0 373
1710603356048 6993608.0 374
1710603489104 6993608.0 375
1710603621384 6993608.0 376
1710603753908 6993608.0 377
1710603886916 6993608.0 378
1710604019025 6993608.0 379
1710604151508 6993608.0 380
1710604283200 6993608.0 381
1710604414407 6993608.0 382
1710604545883 6993608.0 383
1710604677688 6993608.0 384
1710604808647 6993608.0 385
1710604939863 6993608.0 386
1710605072186 6993608.0 387
1710605202249 6993608.0 388
1710605333603 6993608.0 389
1710605463622 6993608.0 390
1710605592830 6993608.0 391
1710605723176 6993608.0 392
1710605853748 6993608.0 393
1710605981685 6993608.0 394
1710606108651 6993608.0 395
1710606231113 6993608.0 396
1710606330860 6993608.0 397
1710606429068 6993608.0 398
1710606527890 6993608.0 399
