1710556325932 1.0000000000000067e-06 0
1710556401970 1.0000000000000067e-06 1
1710556480460 1.4249999999999948e-06 2
1710556568267 1.8499999999999948e-06 3
1710556657329 2.275000000000012e-06 4
1710556747700 2.7000000000000097e-06 5
1710556836662 3.127650187922505e-06 6
1710556925676 3.1288160548182245e-06 7
1710557038347 3.1301937275137775e-06 8
1710557149075 3.131783121027827e-06 9
1710557258673 3.1335841373190476e-06 10
1710557368785 3.135596665292377e-06 11
1710557477611 3.1378205808054982e-06 12
1710557586366 3.1402557466768937e-06 13
1710557695066 3.1429020126940784e-06 14
1710557801209 3.1457592156228314e-06 15
1710557904880 3.148827179217415e-06 16
1710558006543 3.152105714231481e-06 17
1710558105391 3.155594618429475e-06 18
1710558205751 3.159293676599311e-06 19
1710558307494 3.163202660565756e-06 20
1710558408297 3.167321329204226e-06 21
1710558511971 3.171649428455816e-06 22
1710558616463 3.1761866913429474e-06 23
1710558723668 3.1809328379859615e-06 24
1710558830281 3.18588757562015e-06 25
1710558937690 3.1910505986138867e-06 26
1710559045755 3.1964215884876648e-06 27
1710559152778 3.2020002139335585e-06 28
1710559258668 3.207786130835554e-06 29
1710559364829 3.2137789822911555e-06 30
1710559468794 3.2199783986329948e-06 31
1710559570814 3.2263839974518777e-06 32
1710559672107 3.2329953836203124e-06 33
1710559772466 3.2398121493168977e-06 34
1710559876575 3.2468338740513355e-06 35
1710559980667 3.2540601246905894e-06 36
1710560081479 3.2614904554855263e-06 37
1710560185506 3.269124408098291e-06 38
1710560290700 3.2769615116307227e-06 39
1710560397880 3.2850012826534547e-06 40
1710560506091 3.293243225235424e-06 41
1710560614943 3.301686830974817e-06 42
1710560724108 3.310331579030345e-06 43
1710560833147 3.3191769361531026e-06 44
1710560941456 3.3282223567198484e-06 45
1710561050379 3.337467282766471e-06 46
1710561161209 3.3469111440223374e-06 47
1710561272106 3.356553357945617e-06 48
1710561382823 3.366393329759125e-06 49
1710561494440 3.3764304524870693e-06 50
1710561609148 3.386664106992458e-06 51
1710561721468 3.3970936620152395e-06 52
1710561832616 3.4077184742113084e-06 53
1710561943472 3.4185378881922784e-06 54
1710562053607 3.4295512365656337e-06 55
1710562163246 3.4407578399762747e-06 56
1710562275936 3.4521570071480768e-06 57
1710562385437 3.463748034926665e-06 58
1710562496634 3.4755302083228893e-06 59
1710562608501 3.487502800556772e-06 60
1710562719192 3.499665073102477e-06 61
1710562828988 3.512016275733724e-06 62
1710562939269 3.5245556465701175e-06 63
1710563048827 3.5372824121242175e-06 64
1710563156784 3.550195787349194e-06 65
1710563265510 3.5632949756872333e-06 66
1710563375836 3.5765791691187e-06 67
1710563484199 3.5900475482119777e-06 68
1710563592941 3.603699282173934e-06 69
1710563701139 3.617533528901411e-06 70
1710563807888 3.6315494350328142e-06 71
1710563912618 3.6457461360010962e-06 72
1710564017096 3.660122756086849e-06 73
1710564118786 3.674678408472368e-06 74
1710564220180 3.689412195296578e-06 75
1710564325173 3.7043232077099947e-06 76
1710564427456 3.719410525931217e-06 77
1710564526637 3.7346732193032682e-06 78
1710564633465 3.7501103463514784e-06 79
1710564736064 3.7657209548410167e-06 80
1710564840972 3.781504081836121e-06 81
1710564947058 3.797458753759059e-06 82
1710565056912 3.813583986450637e-06 83
1710565162900 3.82987878523045e-06 84
1710565270669 3.846342144958544e-06 85
1710565379934 3.8629730500974185e-06 86
1710565490053 3.8797704747745065e-06 87
1710565601725 3.896733382845462e-06 88
1710565710966 3.9138607279582275e-06 89
1710565845310 3.931151453617488e-06 90
1710565978378 3.948604493249878e-06 91
1710566112279 3.96621877026969e-06 92
1710566246178 3.983993198145265e-06 93
1710566380668 4.001926680466307e-06 94
1710566514443 4.020018111011004e-06 95
1710566649638 4.0382663738148176e-06 96
1710566784685 4.056670343238915e-06 97
1710566918689 4.075228884039685e-06 98
1710567053311 4.093940851439024e-06 99
1710567188022 4.112805091194589e-06 100
1710567321975 4.131820439671227e-06 101
1710567455050 4.150985723912708e-06 102
1710567588926 4.1702997617139005e-06 103
1710567722197 4.189761361694109e-06 104
1710567854826 4.2093693233701065e-06 105
1710567988756 4.22912243723055e-06 106
1710568122405 4.249019484810189e-06 107
1710568255392 4.2690592387654595e-06 108
1710568389032 4.289240462949936e-06 109
1710568524374 4.309561912490734e-06 110
1710568658676 4.330022333865032e-06 111
1710568793411 4.3506204649776065e-06 112
1710568926033 4.371355035238865e-06 113
1710569059032 4.392224765642727e-06 114
1710569191801 4.413228368846005e-06 115
1710569326522 4.434364549247486e-06 116
1710569460183 4.45563200306792e-06 117
1710569593840 4.477029418430649e-06 118
1710569726108 4.498555475442255e-06 119
1710569859285 4.520208846274255e-06 120
1710569991456 4.541988195244638e-06 121
1710570121773 4.563892178900596e-06 122
1710570251867 4.5859194461012095e-06 123
1710570383590 4.608068638100974e-06 124
1710570515514 4.630338388633331e-06 125
1710570647825 4.65272732399509e-06 126
1710570779270 4.6752340631314495e-06 127
1710570910465 4.697857217720538e-06 128
1710571042044 4.720595392259727e-06 129
1710571172956 4.743447184151231e-06 130
1710571306220 4.766411183788904e-06 131
1710571438484 4.78948597464513e-06 132
1710571570973 4.812670133358126e-06 133
1710571702174 4.835962229819618e-06 134
1710571834209 4.859360827263582e-06 135
1710571965567 4.88286448235425e-06 136
1710572096387 4.906471745275328e-06 137
1710572225584 4.930181159819794e-06 138
1710572356730 4.953991263479306e-06 139
1710572488417 4.97790058753438e-06 140
1710572618865 5.001907657145325e-06 141
1710572749918 5.026010991442999e-06 142
1710572881591 5.050209103620257e-06 143
1710573013016 5.074500501023546e-06 144
1710573143918 5.098883685245038e-06 145
1710573273459 5.1233571522150705e-06 146
1710573404713 5.147919392294972e-06 147
1710573535432 5.172568890369989e-06 148
1710573664500 5.197304125942934e-06 149
1710573793891 5.222123573228082e-06 150
1710573922814 5.247025701245018e-06 151
1710574050876 5.27200897391311e-06 152
1710574181375 5.297071850146466e-06 153
1710574311943 5.322212783948749e-06 154
1710574444460 5.347430224508786e-06 155
1710574577981 5.37272261629608e-06 156
1710574711486 5.398088399156853e-06 157
1710574845425 5.423526008409894e-06 158
1710574979384 5.44903387494389e-06 159
1710575112928 5.474610425313276e-06 160
1710575246931 5.50025408183615e-06 161
1710575381186 5.525963262690837e-06 162
1710575514840 5.551736382013916e-06 163
1710575647660 5.577571849998206e-06 164
1710575780837 5.60346807299015e-06 165
1710575915084 5.629423453588816e-06 166
1710576048557 5.655436390744058e-06 167
1710576182843 5.681505279855296e-06 168
1710576317928 5.707628512870838e-06 169
1710576453724 5.733804478386437e-06 170
1710576588128 5.760031561745305e-06 171
1710576720894 5.7863081451374525e-06 172
1710576855703 5.81263260769935e-06 173
1710576988887 5.839003325614232e-06 174
1710577122803 5.865418672211976e-06 175
1710577255825 5.891877018069573e-06 176
1710577389510 5.918376731111557e-06 177
1710577522133 5.9449161767108485e-06 178
1710577654390 5.971493717789515e-06 179
1710577786032 5.998107714919554e-06 180
1710577916481 6.024756526424239e-06 181
1710578044754 6.051438508479322e-06 182
1710578172527 6.078152015214547e-06 183
1710578301287 6.104895398814972e-06 184
1710578430000 6.131667009622672e-06 185
1710578556573 6.1584651962387235e-06 186
1710578685513 6.185288305624547e-06 187
1710578814332 6.212134683204494e-06 188
1710578944291 6.2390026729676355e-06 189
1710579074283 6.265890617569652e-06 190
1710579203099 6.292796858435511e-06 191
1710579332547 6.319719735861622e-06 192
1710579462291 6.34665758911796e-06 193
1710579592956 6.373608756550911e-06 194
1710579724107 6.40057157568563e-06 195
1710579856355 6.4275443833281774e-06 196
1710579987983 6.454525515668929e-06 197
1710580122040 6.481513308384499e-06 198
1710580255953 6.508506096740595e-06 199
1710580390595 6.535502215695037e-06 200
1710580524336 6.562500000000025e-06 201
1710580657315 6.5894977843049435e-06 202
1710580791727 6.616493903259385e-06 203
1710580926230 6.64348669161557e-06 204
1710581061137 6.67047448433103e-06 205
1710581194906 6.697455616671809e-06 206
1710581328234 6.7244284243143485e-06 207
1710581461783 6.751391243449077e-06 208
1710581594467 6.778342410882018e-06 209
1710581727891 6.805280264138365e-06 210
1710581863208 6.832203141564479e-06 211
1710581997178 6.859109382430326e-06 212
1710582131761 6.8859973270324345e-06 213
1710582266298 6.912865316795492e-06 214
1710582399997 6.939711694375424e-06 215
1710582533845 6.966534803761341e-06 216
1710582668510 6.9933329903773016e-06 217
1710582803197 7.0201046011849945e-06 218
1710582937555 7.046847984785402e-06 219
1710583071914 7.073561491520645e-06 220
1710583206477 7.100243473575828e-06 221
1710583342078 7.126892285080514e-06 222
1710583475528 7.153506282210481e-06 223
1710583608796 7.180083823289155e-06 224
1710583742553 7.206623268888387e-06 225
1710583875906 7.233122981930386e-06 226
1710584009690 7.2595813277880215e-06 227
1710584143483 7.285996674385771e-06 228
1710584276092 7.312367392300658e-06 229
1710584409777 7.338691854862543e-06 230
1710584542895 7.36496843825466e-06 231
1710584676222 7.391195521613516e-06 232
1710584807666 7.417371487129234e-06 233
1710584939920 7.4434947201447066e-06 234
1710585071359 7.46956360925601e-06 235
1710585201003 7.495576546411156e-06 236
1710585331101 7.5215319270098495e-06 237
1710585461540 7.5474281500017896e-06 238
1710585591307 7.5732636179860984e-06 239
1710585721683 7.599036737309152e-06 240
1710585852756 7.624745918163923e-06 241
1710585984423 7.65038957468673e-06 242
1710586115266 7.675966125056184e-06 243
1710586245765 7.701473991590058e-06 244
1710586375206 7.726911600843137e-06 245
1710586506641 7.752277383703874e-06 246
1710586637867 7.777569775491166e-06 247
1710586767548 7.80278721605132e-06 248
1710586896499 7.827928149853594e-06 249
1710587026155 7.852991026086885e-06 250
1710587155610 7.877974298754958e-06 251
1710587286077 7.90287642677192e-06 252
1710587418011 7.927695874057073e-06 253
1710587549210 7.95243110963007e-06 254
1710587680236 7.977080607705101e-06 255
1710587811970 8.001642847784951e-06 256
1710587943455 8.026116314754975e-06 257
1710588074477 8.050499498976393e-06 258
1710588204866 8.074790896379772e-06 259
1710588336083 8.098989008557013e-06 260
1710588467003 8.123092342854753e-06 261
1710588598411 8.147099412465681e-06 262
1710588730175 8.171008736520695e-06 263
1710588861779 8.19481884018013e-06 264
1710588994219 8.218528254724628e-06 265
1710589126416 8.242135517645733e-06 266
1710589258843 8.26563917273637e-06 267
1710589391632 8.289037770180382e-06 268
1710589524142 8.312329866641849e-06 269
1710589657417 8.335514025354801e-06 270
1710589789213 8.35858881621105e-06 271
1710589922488 8.38155281584877e-06 272
1710590057535 8.404404607740268e-06 273
1710590191847 8.427142782279543e-06 274
1710590326784 8.44976593686853e-06 275
1710590460124 8.472272676004861e-06 276
1710590594131 8.494661611366743e-06 277
1710590729190 8.516931361899107e-06 278
1710590863002 8.539080553898744e-06 279
1710590997095 8.561107821099484e-06 280
1710591130230 8.583011804755433e-06 281
1710591264026 8.60479115372572e-06 282
1710591397654 8.626444524557675e-06 283
1710591531515 8.647970581569315e-06 284
1710591664894 8.669367996932156e-06 285
1710591798241 8.69063545075248e-06 286
1710591930726 8.711771631154035e-06 287
1710592062473 8.732775234357197e-06 288
1710592194450 8.753644964761092e-06 289
1710592324009 8.774379535022357e-06 290
1710592453106 8.794977666135016e-06 291
1710592580375 8.815438087509231e-06 292
1710592709709 8.835759537050021e-06 293
1710592837363 8.855940761234524e-06 294
1710592965456 8.875980515189773e-06 295
1710593094589 8.895877562769496e-06 296
1710593222241 8.915630676629834e-06 297
1710593350652 8.935238638305912e-06 298
1710593477529 8.954700238286037e-06 299
1710593603657 8.974014276087366e-06 300
1710593732101 8.993179560328828e-06 301
1710593860372 9.01219490880535e-06 302
1710593988345 9.031059148561002e-06 303
1710594116731 9.049771115960272e-06 304
1710594246643 9.068329656761158e-06 305
1710594379039 9.086733626185145e-06 306
1710594513030 9.104981888989057e-06 307
1710594647173 9.123073319533776e-06 308
1710594780338 9.141006801854796e-06 309
1710594914947 9.158781229730303e-06 310
1710595049350 9.176395506750148e-06 311
1710595182685 9.193848546382563e-06 312
1710595316495 9.211139272041703e-06 313
1710595450463 9.228266617154582e-06 314
1710595585576 9.245229525225483e-06 315
1710595720165 9.262026949902612e-06 316
1710595853645 9.278657855041427e-06 317
1710595987176 9.29512121476953e-06 318
1710596121415 9.311416013549352e-06 319
1710596256207 9.327541246240916e-06 320
1710596390572 9.343495918163914e-06 321
1710596524357 9.359279045158956e-06 322
1710596657524 9.374889653648451e-06 323
1710596790803 9.390326780696767e-06 324
1710596923106 9.405589474068726e-06 325
1710597054740 9.420676792290066e-06 326
1710597186303 9.435587804703375e-06 327
1710597317171 9.450321591527562e-06 328
1710597447498 9.464877243913187e-06 329
1710597576670 9.479253863998975e-06 330
1710597705781 9.493450564967135e-06 331
1710597835870 9.507466471098568e-06 332
1710597965739 9.521300717826138e-06 333
1710598096344 9.53495245178797e-06 334
1710598227073 9.548420830881277e-06 335
1710598357206 9.561705024312745e-06 336
1710598486803 9.574804212650843e-06 337
1710598616481 9.587717587875858e-06 338
1710598745095 9.600444353429831e-06 339
1710598875509 9.612983724266216e-06 340
1710599005925 9.6253349268975e-06 341
1710599135170 9.637497199443254e-06 342
1710599264546 9.649469791677055e-06 343
1710599394121 9.661251965073273e-06 344
1710599522994 9.6728429928519e-06 345
1710599652093 9.684242160023654e-06 346
1710599782453 9.695448763434405e-06 347
1710599911914 9.706462111807655e-06 348
1710600041438 9.71728152578862e-06 349
1710600170308 9.727906337984842e-06 350
1710600301190 9.738335893007468e-06 351
1710600429655 9.74856954751287e-06 352
1710600560638 9.758606670240857e-06 353
1710600692323 9.768446642054352e-06 354
1710600824364 9.778088855977596e-06 355
1710600957721 9.787532717233512e-06 356
1710601090659 9.796777643280233e-06 357
1710601224142 9.805823063846972e-06 358
1710601356505 9.814668420969627e-06 359
1710601490893 9.823313169025267e-06 360
1710601624515 9.831756774764548e-06 361
1710601757982 9.839998717346528e-06 362
1710601892305 9.848038488369316e-06 363
1710602026539 9.855875591901636e-06 364
1710602159020 9.863509544514457e-06 365
1710602292150 9.870939875309449e-06 366
1710602425253 9.878166125948646e-06 367
1710602558972 9.885187850683174e-06 368
1710602692182 9.892004616379727e-06 369
1710602826152 9.898616002548049e-06 370
1710602958694 9.90502160136709e-06 371
1710603092226 9.911221017708916e-06 372
1710603224116 9.917213869164473e-06 373
1710603356044 9.922999786066411e-06 374
1710603489099 9.928578411512368e-06 375
1710603621380 9.933949401386143e-06 376
1710603753903 9.939112424379831e-06 377
1710603886912 9.944067162014128e-06 378
1710604019021 9.94881330865704e-06 379
1710604151503 9.953350571544153e-06 380
1710604283194 9.957678670795856e-06 381
1710604414402 9.961797339434234e-06 382
1710604545879 9.965706323400632e-06 383
1710604677677 9.969405381570596e-06 384
1710604808642 9.972894285768607e-06 385
1710604939859 9.976172820782513e-06 386
1710605072182 9.979240784377138e-06 387
1710605202244 9.982097987305843e-06 388
1710605333599 9.984744253323148e-06 389
1710605463617 9.987179419194389e-06 390
1710605592822 9.989403334707711e-06 391
1710605723172 9.991415862680997e-06 392
1710605853744 9.993216878972142e-06 393
1710605981679 9.99480627248631e-06 394
1710606108647 9.996183945181853e-06 395
1710606231109 9.997349812077525e-06 396
1710606330847 9.998303801257258e-06 397
1710606429064 9.99904585387431e-06 398
1710606527885 9.999575924155709e-06 399
