1710556325933 5.335742425659428 0
1710556401971 5.320135887550271 1
1710556480462 5.326575404923895 2
1710556568270 5.313652436370435 3
1710556657333 5.318407772675805 4
1710556747701 5.316076695919037 5
1710556836665 5.308672800012257 6
1710556925677 5.304511449907137 7
1710557038351 5.302349134631779 8
1710557149079 5.30147594343061 9
1710557258675 5.299840763859127 10
1710557368789 5.298431261726048 11
1710557477613 5.29920229445333 12
1710557586368 5.301433078620745 13
1710557695070 5.2958037542260215 14
1710557801211 5.286465688892033 15
1710557904882 5.294433851604876 16
1710558006545 5.294716687306114 17
1710558105392 5.289619605178419 18
1710558205752 5.285764175912608 19
1710558307495 5.286788717560146 20
1710558408298 5.287202108165492 21
1710558511973 5.283487279777941 22
1710558616464 5.280650854110718 23
1710558723670 5.277364908353142 24
1710558830284 5.274690976609355 25
1710558937692 5.274209880310556 26
1710559045758 5.277174367852833 27
1710559152782 5.276214425978453 28
1710559258670 5.278387686480647 29
1710559364830 5.273178888403851 30
1710559468795 5.271749815215236 31
1710559570816 5.275122303029765 32
1710559672109 5.269845233015392 33
1710559772470 5.269389366326124 34
1710559876577 5.270219538522803 35
1710559980668 5.270076302082642 36
1710560081480 5.2660519260427225 37
1710560185508 5.2667637298936425 38
1710560290703 5.265597839718279 39
1710560397881 5.266612994930019 40
1710560506094 5.259751512952473 41
1710560614945 5.256747226352277 42
1710560724109 5.259912486957467 43
1710560833148 5.25542973694594 44
1710560941457 5.25867317163426 45
1710561050382 5.263719334550526 46
1710561161210 5.254531104927477 47
1710561272107 5.258975457885991 48
1710561382825 5.2624239144117935 49
1710561494442 5.2512494662533635 50
1710561609150 5.246584259945413 51
1710561721469 5.256541481484538 52
1710561832618 5.254259163918703 53
1710561943474 5.254036692173584 54
1710562053609 5.253871596377829 55
1710562163248 5.251990841782612 56
1710562275940 5.251958735611128 57
1710562385439 5.249322629493216 58
1710562496636 5.2561381653599115 59
1710562608502 5.249491725278937 60
1710562719195 5.24512434264888 61
1710562828991 5.251152187585831 62
1710562939273 5.248416064873986 63
1710563048828 5.247744854377664 64
1710563156786 5.249844082023786 65
1710563265512 5.245099032702654 66
1710563375837 5.246635151946026 67
1710563484201 5.242354991643325 68
1710563592945 5.240728891414145 69
1710563701141 5.236834273390148 70
1710563807889 5.2356299654297205 71
1710563912620 5.240844197895216 72
1710564017100 5.246395596991414 73
1710564118790 5.243770566971405 74
1710564220182 5.236518170522607 75
1710564325175 5.240761123273684 76
1710564427458 5.238366690666779 77
1710564526640 5.235481579666552 78
1710564633467 5.228924433822217 79
1710564736066 5.239709338416224 80
1710564840974 5.230017353659091 81
1710564947060 5.2299423813819885 82
1710565056913 5.234539841828139 83
1710565162902 5.233899938023609 84
1710565270671 5.225491207578908 85
1710565379938 5.2291104016096694 86
1710565490057 5.234758619381034 87
1710565601727 5.23237889745961 88
1710565710967 5.2312751347604 89
1710565845311 5.221662912679755 90
1710565978380 5.230810561905736 91
1710566112281 5.206151901379876 92
1710566246179 5.225574633349543 93
1710566380669 5.2244023460408915 94
1710566514444 5.220844548681508 95
1710566649641 5.224395596462747 96
1710566784686 5.214686520721601 97
1710566918690 5.217431173376415 98
1710567053313 5.221536938263022 99
1710567188025 5.221837778454241 100
1710567321977 5.206030638321586 101
1710567455053 5.212557698073595 102
1710567588927 5.214690769496172 103
1710567722198 5.212181022633677 104
1710567854828 5.2118092671684595 105
1710567988757 5.212391130302263 106
1710568122406 5.215527798818505 107
1710568255393 5.207038789987564 108
1710568389033 5.207264668267706 109
1710568524378 5.200965615718261 110
1710568658681 5.2120062320128735 111
1710568793415 5.207153219243755 112
1710568926035 5.199717151082081 113
1710569059033 5.211767980585927 114
1710569191803 5.207548624795416 115
1710569326524 5.2072765049727066 116
1710569460185 5.204037391621133 117
1710569593842 5.202617362789486 118
1710569726109 5.204294930333677 119
1710569859288 5.1991609166497765 120
1710569991457 5.190373589163241 121
1710570121775 5.211844680101975 122
1710570251870 5.20728490922762 123
1710570383594 5.204630895801213 124
1710570515515 5.191770898259205 125
1710570647827 5.191951449798501 126
1710570779271 5.204660746066467 127
1710570910466 5.1927309865536895 128
1710571042046 5.193169600289801 129
1710571172958 5.192459518494814 130
1710571306223 5.198323227789091 131
1710571438487 5.205819343743117 132
1710571570975 5.19510404182517 133
1710571702176 5.201300852972528 134
1710571834213 5.186827776224717 135
1710571965568 5.1986910636010375 136
1710572096389 5.1964191677777665 137
1710572225586 5.186828091092732 138
1710572356731 5.19717852058618 139
1710572488419 5.180956469929737 140
1710572618868 5.201037842294444 141
1710572749922 5.192140250102334 142
1710572881595 5.183464111193366 143
1710573013020 5.1818306212839875 144
1710573143919 5.1839920839537745 145
1710573273461 5.191380758648333 146
1710573404714 5.190895379885383 147
1710573535433 5.180702108403911 148
1710573664502 5.1816809281058935 149
1710573793895 5.185034994197928 150
1710573922818 5.188095920759698 151
1710574050877 5.177489441374074 152
1710574181378 5.182405167299768 153
1710574311944 5.178349412005881 154
1710574444461 5.177162166522897 155
1710574577983 5.1807450600292375 156
1710574711488 5.173966238032216 157
1710574845428 5.185877178026282 158
1710574979388 5.17346323961797 159
1710575112930 5.177603329005449 160
1710575246933 5.179203205782434 161
1710575381189 5.180406789416852 162
1710575514842 5.1775669027929725 163
1710575647662 5.171469107918117 164
1710575780838 5.171141174824341 165
1710575915085 5.1694662467293115 166
1710576048558 5.174299670302349 167
1710576182844 5.1596518094125 168
1710576317931 5.162067966616672 169
1710576453728 5.173528051894644 170
1710576588132 5.15713276811268 171
1710576720896 5.167350042125453 172
1710576855705 5.184996085322422 173
1710576988888 5.162531695936037 174
1710577122804 5.165404569843541 175
1710577255827 5.155695981305579 176
1710577389511 5.171672133 177
1710577522136 5.15760832765828 178
1710577654392 5.170694597389387 179
1710577786034 5.16064476578132 180
1710577916482 5.160190555064575 181
1710578044756 5.162267771751984 182
1710578172528 5.152119127304657 183
1710578301288 5.147364997345468 184
1710578430001 5.161326715479726 185
1710578556574 5.15703709617905 186
1710578685515 5.14622857518818 187
1710578814336 5.156979693018871 188
1710578944295 5.145611734493919 189
1710579074287 5.1444286328295 190
1710579203100 5.156518877848335 191
1710579332549 5.132809112901273 192
1710579462292 5.142487025779227 193
1710579592957 5.161758793436962 194
1710579724109 5.141887348631154 195
1710579856356 5.12069403477337 196
1710579987985 5.137717964856521 197
1710580122044 5.134794141935266 198
1710580255955 5.146814002938893 199
1710580390599 5.140220546204111 200
1710580524340 5.1359924311223235 201
1710580657317 5.13665418650793 202
1710580791729 5.152001217655513 203
1710580926231 5.141681742409001 204
1710581061138 5.143140441697577 205
1710581194910 5.136323107325512 206
1710581328238 5.11446280842242 207
1710581461784 5.133788570113804 208
1710581594471 5.1353046453517415 209
1710581727893 5.113139900176422 210
1710581863212 5.136686864106552 211
1710581997181 5.128909985656324 212
1710582131763 5.131010002416113 213
1710582266299 5.119636433280033 214
1710582399999 5.122575487779534 215
1710582533847 5.12074597115102 216
1710582668513 5.132420862498491 217
1710582803202 5.1257279217243195 218
1710582937556 5.128222839987797 219
1710583071916 5.113112949806711 220
1710583206479 5.115452695152034 221
1710583342079 5.112092279869577 222
1710583475530 5.114927219307941 223
1710583608799 5.112947279992311 224
1710583742554 5.119342613479366 225
1710583875908 5.10871301267458 226
1710584009691 5.126554421756579 227
1710584143484 5.097407258075217 228
1710584276093 5.117397483276284 229
1710584409778 5.114707992128704 230
1710584542896 5.099536646967349 231
1710584676223 5.105811007644819 232
1710584807670 5.106777560451756 233
1710584939922 5.091113074966099 234
1710585071361 5.101864939150603 235
1710585201005 5.095277289981428 236
1710585331102 5.1096744861291805 237
1710585461544 5.106562303460163 238
1710585591308 5.093039402495259 239
1710585721684 5.10575251734775 240
1710585852758 5.089444981968922 241
1710585984424 5.098535555860271 242
1710586115267 5.107529440651769 243
1710586245766 5.092784229827964 244
1710586375208 5.0866390440775 245
1710586506645 5.089774105859839 246
1710586637869 5.091797099165294 247
1710586767552 5.091670186623283 248
1710586896503 5.088906463073648 249
1710587026156 5.0847665719364 250
1710587155612 5.081167719934298 251
1710587286081 5.083210387955541 252
1710587418015 5.078736802806025 253
1710587549211 5.081717470417852 254
1710587680237 5.080269636019416 255
1710587811975 5.100768397683683 256
1710587943456 5.0920383178669475 257
1710588074478 5.078724481489347 258
1710588204867 5.067896763915601 259
1710588336085 5.078278448270715 260
1710588467004 5.056196192036504 261
1710588598413 5.082667964956035 262
1710588730177 5.069094372832256 263
1710588861780 5.055442105168882 264
1710588994220 5.074244351490684 265
1710589126418 5.070305333189342 266
1710589258844 5.079275110493535 267
1710589391634 5.06586424941602 268
1710589524143 5.076406861129015 269
1710589657418 5.0609591331170956 270
1710589789215 5.061513162177542 271
1710589922490 5.065649238617524 272
1710590057537 5.070671988570171 273
1710590191851 5.057858838983204 274
1710590326785 5.057332115328831 275
1710590460125 5.069090287322584 276
1710590594132 5.065038088871085 277
1710590729194 5.04473243329836 278
1710590863005 5.0587751463703485 279
1710590997097 5.065470909294874 280
1710591130231 5.04883729374927 281
1710591264027 5.051886003950368 282
1710591397656 5.05042534807454 283
1710591531517 5.028767300688702 284
1710591664896 5.053491815276768 285
1710591798244 5.062144440153371 286
1710591930727 5.044586719378181 287
1710592062474 5.046298746181571 288
1710592194454 5.050991033730299 289
1710592324011 5.03736456580784 290
1710592453108 5.040560877841452 291
1710592580376 5.046900166117626 292
1710592709710 5.042104450256928 293
1710592837365 5.037226494239724 294
1710592965458 5.0267671243004175 295
1710593094590 5.028637775908345 296
1710593222243 5.044810891151428 297
1710593350655 5.039104356713917 298
1710593477530 5.027966776619786 299
1710593603658 5.037790880255077 300
1710593732104 5.051017559092978 301
1710593860374 5.018408627613731 302
1710593988346 5.027082625938498 303
1710594116732 5.037748480620592 304
1710594246644 5.030168883178545 305
1710594379040 5.023102196662323 306
1710594513031 5.025435770335405 307
1710594647177 5.034303806398226 308
1710594780340 5.032141088143639 309
1710594914951 5.044277761293494 310
1710595049351 5.033991049165311 311
1710595182687 5.018865425949511 312
1710595316496 5.035390111415283 313
1710595450464 5.03504376826079 314
1710595585580 5.0034632734630415 315
1710595720166 5.022103040114693 316
1710595853648 5.023315346759299 317
1710595987178 5.0275823888571365 318
1710596121417 5.020563890104708 319
1710596256210 5.010020224944405 320
1710596390574 5.01651594042778 321
1710596524361 5.0046074792094855 322
1710596657525 5.023565410271935 323
1710596790808 4.993813387725664 324
1710596923107 5.004566225020782 325
1710597054742 4.9960124738838365 326
1710597186305 5.014964978332105 327
1710597317173 5.015739443509475 328
1710597447499 5.0188665545505025 329
1710597576673 5.023365312296411 330
1710597705783 5.003693173760953 331
1710597835873 5.0036112536554755 332
1710597965744 4.990725536709246 333
1710598096347 5.004106937543206 334
1710598227077 4.9949807887491975 335
1710598357210 4.993333004091097 336
1710598486807 4.990113811648411 337
1710598616483 5.005447763463725 338
1710598745096 5.006656131018763 339
1710598875510 4.985441003156745 340
1710599005927 5.007171235654665 341
1710599135172 4.986071866491566 342
1710599264547 4.996959406396617 343
1710599394122 4.989508251781049 344
1710599522997 4.9940522611141205 345
1710599652094 5.014838341785514 346
1710599782454 4.986632266770238 347
1710599911916 4.9773135340732075 348
1710600041442 4.9937976728314935 349
1710600170309 4.981647636579431 350
1710600301193 4.972639561995216 351
1710600429656 4.985053475784219 352
1710600560639 4.995162344497183 353
1710600692324 4.995112259750781 354
1710600824366 4.985502224901448 355
1710600957722 4.978299311969591 356
1710601090660 4.956693321466446 357
1710601224146 4.959453949461812 358
1710601356506 4.973669675381287 359
1710601490895 4.981438986633135 360
1710601624517 4.984306756568992 361
1710601757983 4.98653653393621 362
1710601892306 4.964371889829636 363
1710602026540 4.981181573608647 364
1710602159021 4.979508892349575 365
1710602292154 4.9640404102594955 366
1710602425255 4.9639151601687725 367
1710602558973 4.975255006033441 368
1710602692183 4.947371796421383 369
1710602826153 4.9820244390031565 370
1710602958695 4.967837173005809 371
1710603092227 4.9606015708135525 372
1710603224119 4.967890826256379 373
1710603356045 4.963267314693202 374
1710603489101 4.9643626251946325 375
1710603621381 4.939519630826038 376
1710603753905 4.970319728488508 377
1710603886913 4.958556444748588 378
1710604019022 4.967395384674487 379
1710604151504 4.945066286169964 380
1710604283195 4.957497407560763 381
1710604414404 4.956226955289426 382
1710604545880 4.9463231822718745 383
1710604677681 4.953169126873431 384
1710604808643 4.962584003158238 385
1710604939860 4.968157792868822 386
1710605072183 4.964801692444345 387
1710605202245 4.972006397402805 388
1710605333600 4.955843523792598 389
1710605463618 4.939170771318933 390
1710605592824 4.948115890440733 391
1710605723173 4.94291824231977 392
1710605853745 4.933930555115575 393
1710605981681 4.9382364179777065 394
1710606108648 4.949978460436282 395
1710606231110 4.9533108744932255 396
1710606330850 4.934692087380783 397
1710606429065 4.933052055213762 398
1710606527886 4.953632467466852 399
