1710635197680 0.0 0
1710635288510 1.0 1
1710635373636 2.0 2
1710635453027 3.0 3
1710635537382 4.0 4
1710635618849 5.0 5
1710635702134 6.0 6
1710635822253 7.0 7
1710635968533 8.0 8
1710636115094 9.0 9
1710636261379 10.0 10
1710636406881 11.0 11
1710636552496 12.0 12
1710636698665 13.0 13
1710636844107 14.0 14
1710636989467 15.0 15
1710637135795 16.0 16
1710637281587 17.0 17
1710637427280 18.0 18
1710637572489 19.0 19
1710637717965 20.0 20
1710637864927 21.0 21
1710638009871 22.0 22
1710638155656 23.0 23
1710638302289 24.0 24
1710638447614 25.0 25
1710638594078 26.0 26
1710638739542 27.0 27
1710638884570 28.0 28
1710639029902 29.0 29
1710639174794 30.0 30
1710639320594 31.0 31
1710639465184 32.0 32
1710639609675 33.0 33
1710639755016 34.0 34
1710639900128 35.0 35
1710640046635 36.0 36
1710640191529 37.0 37
1710640336922 38.0 38
1710640482417 39.0 39
1710640628433 40.0 40
1710640774232 41.0 41
1710640919734 42.0 42
1710641065258 43.0 43
1710641210138 44.0 44
1710641356067 45.0 45
1710641501266 46.0 46
1710641645306 47.0 47
1710641789999 48.0 48
1710641935082 49.0 49
1710642080377 50.0 50
1710642224739 51.0 51
1710642368044 52.0 52
1710642513173 53.0 53
1710642658273 54.0 54
1710642803304 55.0 55
1710642947601 56.0 56
1710643093509 57.0 57
1710643237513 58.0 58
1710643384156 59.0 59
1710643528544 60.0 60
1710643673665 61.0 61
1710643819503 62.0 62
1710643963255 63.0 63
1710644106592 64.0 64
1710644251353 65.0 65
1710644395414 66.0 66
1710644540761 67.0 67
1710644685889 68.0 68
1710644831327 69.0 69
1710644976612 70.0 70
1710645122661 71.0 71
1710645268470 72.0 72
1710645413948 73.0 73
1710645559801 74.0 74
1710645705444 75.0 75
1710645850972 76.0 76
1710645997364 77.0 77
1710646142701 78.0 78
1710646288037 79.0 79
1710646433709 80.0 80
1710646578963 81.0 81
1710646724624 82.0 82
1710646869859 83.0 83
1710647014775 84.0 84
1710647160189 85.0 85
1710647305316 86.0 86
1710647449753 87.0 87
1710647594336 88.0 88
1710647737821 89.0 89
1710647881781 90.0 90
1710648025549 91.0 91
1710648169710 92.0 92
1710648313301 93.0 93
1710648457658 94.0 94
1710648601522 95.0 95
1710648745611 96.0 96
1710648889116 97.0 97
1710649033080 98.0 98
1710649175681 99.0 99
1710649319501 100.0 100
1710649463864 101.0 101
1710649607135 102.0 102
1710649751986 103.0 103
1710649895340 104.0 104
1710650038926 105.0 105
1710650183385 106.0 106
1710650326706 107.0 107
1710650470266 108.0 108
1710650613957 109.0 109
1710650756427 110.0 110
1710650899911 111.0 111
1710651043254 112.0 112
1710651185762 113.0 113
1710651329018 114.0 114
1710651471486 115.0 115
1710651611565 116.0 116
1710651751111 117.0 117
1710651888712 118.0 118
1710652025039 119.0 119
1710652160572 120.0 120
1710652296716 121.0 121
1710652432703 122.0 122
1710652568240 123.0 123
1710652702896 124.0 124
1710652839532 125.0 125
1710652976794 126.0 126
1710653113458 127.0 127
1710653252678 128.0 128
1710653390710 129.0 129
1710653530048 130.0 130
1710653670235 131.0 131
1710653810985 132.0 132
1710653951966 133.0 133
1710654092137 134.0 134
1710654233161 135.0 135
1710654373174 136.0 136
1710654514878 137.0 137
1710654655966 138.0 138
1710654797458 139.0 139
1710654938441 140.0 140
1710655080383 141.0 141
1710655223195 142.0 142
1710655365744 143.0 143
1710655506133 144.0 144
1710655645573 145.0 145
1710655785379 146.0 146
1710655925532 147.0 147
1710656066291 148.0 148
1710656208593 149.0 149
1710656349657 150.0 150
1710656490475 151.0 151
1710656631847 152.0 152
1710656773729 153.0 153
1710656914898 154.0 154
1710657056520 155.0 155
1710657199769 156.0 156
1710657341804 157.0 157
1710657483437 158.0 158
1710657625754 159.0 159
1710657766703 160.0 160
1710657908310 161.0 161
1710658048796 162.0 162
1710658191088 163.0 163
1710658331184 164.0 164
1710658471463 165.0 165
1710658609917 166.0 166
1710658748264 167.0 167
1710658886660 168.0 168
1710659027131 169.0 169
1710659164291 170.0 170
1710659300471 171.0 171
1710659437856 172.0 172
1710659574350 173.0 173
1710659712597 174.0 174
1710659850023 175.0 175
1710659987714 176.0 176
1710660124975 177.0 177
1710660261885 178.0 178
1710660398724 179.0 179
1710660536349 180.0 180
1710660674992 181.0 181
1710660812238 182.0 182
1710660949467 183.0 183
1710661086943 184.0 184
1710661224953 185.0 185
1710661363273 186.0 186
1710661501458 187.0 187
1710661640084 188.0 188
1710661778956 189.0 189
1710661919302 190.0 190
1710662059657 191.0 191
1710662200255 192.0 192
1710662340272 193.0 193
1710662480957 194.0 194
1710662621396 195.0 195
1710662761852 196.0 196
1710662903104 197.0 197
1710663045099 198.0 198
1710663184843 199.0 199
1710663325439 200.0 200
1710663467014 201.0 201
1710663607866 202.0 202
1710663749113 203.0 203
1710663891108 204.0 204
1710664033016 205.0 205
1710664175057 206.0 206
1710664316264 207.0 207
1710664457938 208.0 208
1710664600097 209.0 209
1710664741896 210.0 210
1710664882765 211.0 211
1710665023950 212.0 212
1710665165575 213.0 213
1710665308078 214.0 214
1710665449448 215.0 215
1710665591655 216.0 216
1710665734007 217.0 217
1710665876348 218.0 218
1710666017223 219.0 219
1710666161168 220.0 220
1710666303765 221.0 221
1710666445803 222.0 222
1710666587155 223.0 223
1710666729249 224.0 224
1710666871406 225.0 225
1710667013543 226.0 226
1710667156019 227.0 227
1710667297465 228.0 228
1710667440684 229.0 229
1710667583113 230.0 230
1710667725390 231.0 231
1710667867716 232.0 232
1710668009965 233.0 233
1710668151275 234.0 234
1710668293267 235.0 235
1710668437222 236.0 236
1710668577910 237.0 237
1710668718240 238.0 238
1710668858346 239.0 239
1710668999487 240.0 240
1710669141625 241.0 241
1710669282756 242.0 242
1710669423859 243.0 243
1710669566394 244.0 244
1710669708222 245.0 245
1710669851184 246.0 246
1710669994324 247.0 247
1710670136358 248.0 248
1710670278842 249.0 249
1710670420411 250.0 250
1710670562025 251.0 251
1710670703261 252.0 252
1710670843850 253.0 253
1710670985835 254.0 254
1710671127514 255.0 255
1710671269091 256.0 256
1710671410523 257.0 257
1710671550993 258.0 258
1710671691560 259.0 259
1710671833189 260.0 260
1710671973529 261.0 261
1710672114223 262.0 262
1710672255399 263.0 263
1710672396876 264.0 264
1710672537468 265.0 265
1710672677918 266.0 266
1710672818269 267.0 267
1710672960607 268.0 268
1710673102875 269.0 269
1710673243907 270.0 270
1710673385168 271.0 271
1710673526953 272.0 272
1710673667819 273.0 273
1710673810086 274.0 274
1710673950863 275.0 275
1710674091446 276.0 276
1710674233088 277.0 277
1710674375061 278.0 278
1710674517100 279.0 279
1710674658688 280.0 280
1710674799060 281.0 281
1710674940570 282.0 282
1710675082458 283.0 283
1710675223976 284.0 284
1710675365318 285.0 285
1710675506529 286.0 286
1710675646207 287.0 287
1710675786816 288.0 288
1710675927508 289.0 289
1710676066388 290.0 290
1710676205119 291.0 291
1710676344606 292.0 292
1710676484244 293.0 293
1710676623915 294.0 294
1710676762615 295.0 295
1710676903141 296.0 296
1710677044257 297.0 297
1710677184342 298.0 298
1710677324716 299.0 299
1710677464609 300.0 300
1710677604997 301.0 301
1710677745774 302.0 302
1710677886867 303.0 303
1710678026964 304.0 304
1710678167377 305.0 305
1710678309161 306.0 306
1710678450187 307.0 307
1710678591008 308.0 308
1710678730767 309.0 309
1710678872473 310.0 310
1710679014438 311.0 311
1710679156045 312.0 312
1710679295493 313.0 313
1710679435256 314.0 314
1710679575109 315.0 315
1710679714554 316.0 316
1710679855193 317.0 317
1710679996449 318.0 318
1710680137502 319.0 319
1710680280341 320.0 320
1710680422494 321.0 321
1710680564625 322.0 322
1710680705839 323.0 323
1710680846309 324.0 324
1710680989055 325.0 325
1710681131121 326.0 326
1710681272914 327.0 327
1710681414195 328.0 328
1710681556642 329.0 329
1710681698220 330.0 330
1710681840025 331.0 331
1710681983402 332.0 332
1710682126991 333.0 333
1710682269341 334.0 334
1710682411563 335.0 335
1710682553900 336.0 336
1710682697055 337.0 337
1710682839097 338.0 338
1710682982666 339.0 339
1710683124915 340.0 340
1710683268282 341.0 341
1710683410809 342.0 342
1710683553455 343.0 343
1710683695312 344.0 344
1710683837228 345.0 345
1710683980918 346.0 346
1710684123808 347.0 347
1710684266424 348.0 348
1710684410047 349.0 349
1710684553254 350.0 350
1710684695488 351.0 351
1710684838648 352.0 352
1710684983317 353.0 353
1710685125518 354.0 354
1710685268418 355.0 355
1710685411615 356.0 356
1710685554913 357.0 357
1710685699342 358.0 358
1710685843477 359.0 359
1710685987419 360.0 360
1710686130751 361.0 361
1710686275233 362.0 362
1710686418319 363.0 363
1710686562439 364.0 364
1710686706049 365.0 365
1710686849299 366.0 366
1710686992715 367.0 367
1710687136023 368.0 368
1710687279295 369.0 369
1710687421983 370.0 370
1710687566100 371.0 371
1710687709508 372.0 372
1710687852379 373.0 373
1710687994413 374.0 374
1710688137471 375.0 375
1710688279376 376.0 376
1710688422336 377.0 377
1710688565183 378.0 378
1710688708041 379.0 379
1710688850633 380.0 380
1710688993143 381.0 381
1710689136007 382.0 382
1710689279851 383.0 383
1710689422649 384.0 384
1710689565387 385.0 385
1710689708127 386.0 386
1710689850541 387.0 387
1710689993286 388.0 388
1710690135137 389.0 389
1710690277669 390.0 390
1710690421108 391.0 391
1710690564241 392.0 392
1710690708152 393.0 393
1710690851517 394.0 394
1710690994740 395.0 395
1710691138201 396.0 396
1710691281873 397.0 397
1710691404081 398.0 398
1710691522904 399.0 399
