1710635197680 6993608.0 0
1710635288512 6993608.0 1
1710635373638 6993608.0 2
1710635453029 6993608.0 3
1710635537384 6993608.0 4
1710635618850 6993608.0 5
1710635702135 6993608.0 6
1710635822254 6993608.0 7
1710635968535 6993608.0 8
1710636115095 6993608.0 9
1710636261380 6993608.0 10
1710636406882 6993608.0 11
1710636552497 6993608.0 12
1710636698665 6993608.0 13
1710636844108 6993608.0 14
1710636989468 6993608.0 15
1710637135796 6993608.0 16
1710637281588 6993608.0 17
1710637427282 6993608.0 18
1710637572490 6993608.0 19
1710637717966 6993608.0 20
1710637864928 6993608.0 21
1710638009872 6993608.0 22
1710638155658 6993608.0 23
1710638302291 6993608.0 24
1710638447616 6993608.0 25
1710638594080 6993608.0 26
1710638739543 6993608.0 27
1710638884572 6993608.0 28
1710639029904 6993608.0 29
1710639174794 6993608.0 30
1710639320595 6993608.0 31
1710639465185 6993608.0 32
1710639609676 6993608.0 33
1710639755018 6993608.0 34
1710639900129 6993608.0 35
1710640046637 6993608.0 36
1710640191531 6993608.0 37
1710640336922 6993608.0 38
1710640482419 6993608.0 39
1710640628435 6993608.0 40
1710640774234 6993608.0 41
1710640919735 6993608.0 42
1710641065260 6993608.0 43
1710641210139 6993608.0 44
1710641356069 6993608.0 45
1710641501268 6993608.0 46
1710641645307 6993608.0 47
1710641790000 6993608.0 48
1710641935084 6993608.0 49
1710642080378 6993608.0 50
1710642224740 6993608.0 51
1710642368045 6993608.0 52
1710642513174 6993608.0 53
1710642658274 6993608.0 54
1710642803305 6993608.0 55
1710642947602 6993608.0 56
1710643093510 6993608.0 57
1710643237514 6993608.0 58
1710643384157 6993608.0 59
1710643528544 6993608.0 60
1710643673665 6993608.0 61
1710643819505 6993608.0 62
1710643963256 6993608.0 63
1710644106592 6993608.0 64
1710644251354 6993608.0 65
1710644395414 6993608.0 66
1710644540763 6993608.0 67
1710644685889 6993608.0 68
1710644831328 6993608.0 69
1710644976613 6993608.0 70
1710645122661 6993608.0 71
1710645268471 6993608.0 72
1710645413949 6993608.0 73
1710645559802 6993608.0 74
1710645705445 6993608.0 75
1710645850973 6993608.0 76
1710645997366 6993608.0 77
1710646142703 6993608.0 78
1710646288039 6993608.0 79
1710646433710 6993608.0 80
1710646578964 6993608.0 81
1710646724625 6993608.0 82
1710646869859 6993608.0 83
1710647014776 6993608.0 84
1710647160191 6993608.0 85
1710647305317 6993608.0 86
1710647449754 6993608.0 87
1710647594338 6993608.0 88
1710647737822 6993608.0 89
1710647881782 6993608.0 90
1710648025550 6993608.0 91
1710648169712 6993608.0 92
1710648313302 6993608.0 93
1710648457659 6993608.0 94
1710648601524 6993608.0 95
1710648745612 6993608.0 96
1710648889116 6993608.0 97
1710649033081 6993608.0 98
1710649175682 6993608.0 99
1710649319502 6993608.0 100
1710649463865 6993608.0 101
1710649607136 6993608.0 102
1710649751988 6993608.0 103
1710649895341 6993608.0 104
1710650038928 6993608.0 105
1710650183386 6993608.0 106
1710650326707 6993608.0 107
1710650470267 6993608.0 108
1710650613957 6993608.0 109
1710650756429 6993608.0 110
1710650899912 6993608.0 111
1710651043256 6993608.0 112
1710651185764 6993608.0 113
1710651329019 6993608.0 114
1710651471487 6993608.0 115
1710651611566 6993608.0 116
1710651751112 6993608.0 117
1710651888714 6993608.0 118
1710652025040 6993608.0 119
1710652160572 6993608.0 120
1710652296717 6993608.0 121
1710652432703 6993608.0 122
1710652568242 6993608.0 123
1710652702897 6993608.0 124
1710652839533 6993608.0 125
1710652976796 6993608.0 126
1710653113460 6993608.0 127
1710653252680 6993608.0 128
1710653390710 6993608.0 129
1710653530048 6993608.0 130
1710653670236 6993608.0 131
1710653810986 6993608.0 132
1710653951968 6993608.0 133
1710654092137 6993608.0 134
1710654233162 6993608.0 135
1710654373175 6993608.0 136
1710654514880 6993608.0 137
1710654655967 6993608.0 138
1710654797459 6993608.0 139
1710654938442 6993608.0 140
1710655080384 6993608.0 141
1710655223196 6993608.0 142
1710655365746 6993608.0 143
1710655506134 6993608.0 144
1710655645573 6993608.0 145
1710655785380 6993608.0 146
1710655925533 6993608.0 147
1710656066293 6993608.0 148
1710656208595 6993608.0 149
1710656349658 6993608.0 150
1710656490477 6993608.0 151
1710656631848 6993608.0 152
1710656773730 6993608.0 153
1710656914899 6993608.0 154
1710657056521 6993608.0 155
1710657199770 6993608.0 156
1710657341805 6993608.0 157
1710657483438 6993608.0 158
1710657625756 6993608.0 159
1710657766704 6993608.0 160
1710657908311 6993608.0 161
1710658048796 6993608.0 162
1710658191088 6993608.0 163
1710658331185 6993608.0 164
1710658471464 6993608.0 165
1710658609918 6993608.0 166
1710658748265 6993608.0 167
1710658886661 6993608.0 168
1710659027133 6993608.0 169
1710659164292 6993608.0 170
1710659300472 6993608.0 171
1710659437857 6993608.0 172
1710659574350 6993608.0 173
1710659712597 6993608.0 174
1710659850024 6993608.0 175
1710659987716 6993608.0 176
1710660124977 6993608.0 177
1710660261886 6993608.0 178
1710660398726 6993608.0 179
1710660536350 6993608.0 180
1710660674993 6993608.0 181
1710660812239 6993608.0 182
1710660949468 6993608.0 183
1710661086945 6993608.0 184
1710661224954 6993608.0 185
1710661363273 6993608.0 186
1710661501459 6993608.0 187
1710661640085 6993608.0 188
1710661778957 6993608.0 189
1710661919303 6993608.0 190
1710662059658 6993608.0 191
1710662200257 6993608.0 192
1710662340273 6993608.0 193
1710662480958 6993608.0 194
1710662621396 6993608.0 195
1710662761853 6993608.0 196
1710662903106 6993608.0 197
1710663045101 6993608.0 198
1710663184844 6993608.0 199
1710663325439 6993608.0 200
1710663467014 6993608.0 201
1710663607867 6993608.0 202
1710663749114 6993608.0 203
1710663891110 6993608.0 204
1710664033017 6993608.0 205
1710664175058 6993608.0 206
1710664316265 6993608.0 207
1710664457939 6993608.0 208
1710664600098 6993608.0 209
1710664741897 6993608.0 210
1710664882765 6993608.0 211
1710665023951 6993608.0 212
1710665165576 6993608.0 213
1710665308080 6993608.0 214
1710665449449 6993608.0 215
1710665591657 6993608.0 216
1710665734009 6993608.0 217
1710665876349 6993608.0 218
1710666017224 6993608.0 219
1710666161169 6993608.0 220
1710666303765 6993608.0 221
1710666445804 6993608.0 222
1710666587155 6993608.0 223
1710666729249 6993608.0 224
1710666871406 6993608.0 225
1710667013544 6993608.0 226
1710667156020 6993608.0 227
1710667297466 6993608.0 228
1710667440685 6993608.0 229
1710667583113 6993608.0 230
1710667725391 6993608.0 231
1710667867717 6993608.0 232
1710668009967 6993608.0 233
1710668151277 6993608.0 234
1710668293268 6993608.0 235
1710668437224 6993608.0 236
1710668577911 6993608.0 237
1710668718241 6993608.0 238
1710668858347 6993608.0 239
1710668999488 6993608.0 240
1710669141627 6993608.0 241
1710669282757 6993608.0 242
1710669423860 6993608.0 243
1710669566395 6993608.0 244
1710669708223 6993608.0 245
1710669851187 6993608.0 246
1710669994326 6993608.0 247
1710670136359 6993608.0 248
1710670278843 6993608.0 249
1710670420412 6993608.0 250
1710670562026 6993608.0 251
1710670703262 6993608.0 252
1710670843851 6993608.0 253
1710670985835 6993608.0 254
1710671127516 6993608.0 255
1710671269091 6993608.0 256
1710671410524 6993608.0 257
1710671550993 6993608.0 258
1710671691561 6993608.0 259
1710671833190 6993608.0 260
1710671973530 6993608.0 261
1710672114224 6993608.0 262
1710672255400 6993608.0 263
1710672396877 6993608.0 264
1710672537469 6993608.0 265
1710672677918 6993608.0 266
1710672818270 6993608.0 267
1710672960609 6993608.0 268
1710673102876 6993608.0 269
1710673243907 6993608.0 270
1710673385169 6993608.0 271
1710673526955 6993608.0 272
1710673667819 6993608.0 273
1710673810087 6993608.0 274
1710673950865 6993608.0 275
1710674091447 6993608.0 276
1710674233088 6993608.0 277
1710674375062 6993608.0 278
1710674517101 6993608.0 279
1710674658689 6993608.0 280
1710674799061 6993608.0 281
1710674940572 6993608.0 282
1710675082459 6993608.0 283
1710675223977 6993608.0 284
1710675365319 6993608.0 285
1710675506529 6993608.0 286
1710675646208 6993608.0 287
1710675786816 6993608.0 288
1710675927510 6993608.0 289
1710676066389 6993608.0 290
1710676205120 6993608.0 291
1710676344606 6993608.0 292
1710676484245 6993608.0 293
1710676623916 6993608.0 294
1710676762616 6993608.0 295
1710676903142 6993608.0 296
1710677044258 6993608.0 297
1710677184344 6993608.0 298
1710677324716 6993608.0 299
1710677464609 6993608.0 300
1710677604998 6993608.0 301
1710677745775 6993608.0 302
1710677886868 6993608.0 303
1710678026965 6993608.0 304
1710678167378 6993608.0 305
1710678309162 6993608.0 306
1710678450188 6993608.0 307
1710678591008 6993608.0 308
1710678730768 6993608.0 309
1710678872475 6993608.0 310
1710679014439 6993608.0 311
1710679156047 6993608.0 312
1710679295493 6993608.0 313
1710679435257 6993608.0 314
1710679575110 6993608.0 315
1710679714555 6993608.0 316
1710679855194 6993608.0 317
1710679996450 6993608.0 318
1710680137502 6993608.0 319
1710680280342 6993608.0 320
1710680422495 6993608.0 321
1710680564627 6993608.0 322
1710680705840 6993608.0 323
1710680846310 6993608.0 324
1710680989055 6993608.0 325
1710681131122 6993608.0 326
1710681272915 6993608.0 327
1710681414196 6993608.0 328
1710681556642 6993608.0 329
1710681698221 6993608.0 330
1710681840026 6993608.0 331
1710681983403 6993608.0 332
1710682126993 6993608.0 333
1710682269342 6993608.0 334
1710682411563 6993608.0 335
1710682553901 6993608.0 336
1710682697056 6993608.0 337
1710682839098 6993608.0 338
1710682982668 6993608.0 339
1710683124916 6993608.0 340
1710683268283 6993608.0 341
1710683410809 6993608.0 342
1710683553456 6993608.0 343
1710683695313 6993608.0 344
1710683837229 6993608.0 345
1710683980920 6993608.0 346
1710684123809 6993608.0 347
1710684266425 6993608.0 348
1710684410049 6993608.0 349
1710684553254 6993608.0 350
1710684695490 6993608.0 351
1710684838649 6993608.0 352
1710684983317 6993608.0 353
1710685125518 6993608.0 354
1710685268419 6993608.0 355
1710685411616 6993608.0 356
1710685554915 6993608.0 357
1710685699342 6993608.0 358
1710685843479 6993608.0 359
1710685987420 6993608.0 360
1710686130752 6993608.0 361
1710686275235 6993608.0 362
1710686418320 6993608.0 363
1710686562440 6993608.0 364
1710686706050 6993608.0 365
1710686849300 6993608.0 366
1710686992716 6993608.0 367
1710687136024 6993608.0 368
1710687279295 6993608.0 369
1710687421984 6993608.0 370
1710687566102 6993608.0 371
1710687709508 6993608.0 372
1710687852380 6993608.0 373
1710687994414 6993608.0 374
1710688137471 6993608.0 375
1710688279377 6993608.0 376
1710688422337 6993608.0 377
1710688565184 6993608.0 378
1710688708042 6993608.0 379
1710688850634 6993608.0 380
1710688993143 6993608.0 381
1710689136007 6993608.0 382
1710689279852 6993608.0 383
1710689422650 6993608.0 384
1710689565387 6993608.0 385
1710689708128 6993608.0 386
1710689850542 6993608.0 387
1710689993286 6993608.0 388
1710690135138 6993608.0 389
1710690277671 6993608.0 390
1710690421109 6993608.0 391
1710690564242 6993608.0 392
1710690708152 6993608.0 393
1710690851518 6993608.0 394
1710690994741 6993608.0 395
1710691138202 6993608.0 396
1710691281874 6993608.0 397
1710691404082 6993608.0 398
1710691522905 6993608.0 399
