1710635197676 1.0000000000000067e-06 0
1710635288504 1.0000000000000067e-06 1
1710635373624 6.329999999999972e-05 2
1710635453015 0.00012559999999999888 3
1710635537370 0.00018789999999999972 4
1710635618836 0.0002502000000000015 5
1710635702122 0.00031238339173141045 6
1710635822248 0.0003123320935879971 7
1710635968522 0.0003122714759893926 8
1710636115090 0.00031220154267477747 9
1710636261374 0.0003121222979579617 10
1710636406878 0.000312033746727138 11
1710636552493 0.0003119358944445587 12
1710636698661 0.00031182874714621707 13
1710636844103 0.00031171231144146155 14
1710636989461 0.00031158659451259473 15
1710637135790 0.0003114516041144303 16
1710637281580 0.00031130734857381633 17
1710637427269 0.00031115383678910464 18
1710637572477 0.00031099107822962795 19
1710637717962 0.000310819082935107 20
1710637864916 0.0003106378615150146 21
1710638009865 0.0003104474251479469 22
1710638155644 0.0003102477855809084 23
1710638302278 0.00031003895512861655 24
1710638447603 0.0003098209466727147 25
1710638594066 0.00030959377366099024 26
1710638739539 0.00030935745010654455 27
1710638884559 0.0003091119905869225 28
1710639029890 0.00030885741024323706 29
1710639174789 0.00030859372477919073 30
1710639320583 0.00030832095046014576 31
1710639465180 0.0003080391041121177 32
1710639609664 0.00030774820312070764 33
1710639755004 0.0003074482654300556 34
1710639900119 0.00030713930954174044 35
1710640046623 0.0003068213545136125 36
1710640191519 0.00030649441995863876 37
1710640336917 0.000306158526043678 38
1710640482408 0.00030581369348824485 39
1710640628421 0.0003054599435632493 40
1710640774220 0.00030509729808964075 41
1710640919722 0.0003047257794371068 42
1710641065245 0.000304345410522668 43
1710641210134 0.00030395621480926253 44
1710641356054 0.0003035582163043279 45
1710641501254 0.0003031514395582771 46
1710641645300 0.00030273590966302003 47
1710641789991 0.0003023116522503922 48
1710641935070 0.0003018786934906 49
1710642080365 0.0003014370600905699 50
1710642224736 0.0003009867792923311 51
1710642368039 0.0003005278788713315 52
1710642513161 0.0003000603871347033 53
1710642658262 0.00029958433291954164 54
1710642803300 0.0002990997455911128 55
1710642947594 0.0002986066550410424 56
1710643093496 0.0002981050916854855 57
1710643237509 0.0002975950864632262 58
1710643384153 0.0002970766708337948 59
1710643528540 0.00029654987677550274 60
1710643673658 0.0002960147367834918 61
1710643819491 0.00029547128386771563 62
1710643963250 0.00029491955155091685 63
1710644106587 0.0002943595738665325 64
1710644251349 0.00029379138535663615 65
1710644395409 0.0002932150210697596 66
1710644540751 0.000292630516558774 67
1710644685885 0.00029203790787867104 68
1710644831322 0.0002914372315843444 69
1710644976606 0.00029082852472833736 70
1710645122657 0.0002902118248585553 71
1710645268457 0.00028958717001595336 72
1710645413943 0.00028895459873218185 73
1710645559788 0.00028831415002721387 74
1710645705438 0.0002876658634069498 75
1710645850965 0.0002870097788607587 76
1710645997354 0.00028634593685902815 77
1710646142690 0.0002856743783506558 78
1710646288025 0.0002849951447605334 79
1710646433696 0.00028430827798699236 80
1710646578958 0.0002836138203992097 81
1710646724619 0.0002829118148345996 82
1710646869855 0.0002822023045961736 83
1710647014760 0.0002814853334498621 84
1710647160179 0.0002807609456218221 85
1710647305303 0.0002800291857957132 86
1710647449748 0.0002792900991099204 87
1710647594324 0.000278543731154799 88
1710647737814 0.0002777901279698396 89
1710647881774 0.00027702933604083126 90
1710648025545 0.00027626140229700433 91
1710648169698 0.0002754863741081353 92
1710648313296 0.0002747042992816044 93
1710648457646 0.00027391522605948055 94
1710648601511 0.00027311920311551356 95
1710648745606 0.0002723162795521496 96
1710648889110 0.0002715065048974894 97
1710649033074 0.00027068992910225445 98
1710649175676 0.0002698666025366811 99
1710649319491 0.00026903657598743836 100
1710649463852 0.00026819990065446464 101
1710649607131 0.00026735662814784 102
1710649751979 0.0002665068104845861 103
1710649895337 0.0002656505000854609 104
1710650038916 0.0002647877497717152 105
1710650183376 0.0002639186127618571 106
1710650326700 0.00026304314266835377 107
1710650470260 0.00026216139349431847 108
1710650613952 0.0002612734196302015 109
1710650756415 0.0002603792758504074 110
1710650899905 0.00025947901730993903 111
1710651043242 0.00025857269954098296 112
1710651185751 0.0002576603784494878 113
1710651329013 0.0002567421103117188 114
1710651471477 0.0002558179517707775 115
1710651611559 0.0002548879598331114 116
1710651751107 0.00025395219186501194 117
1710651888700 0.00025301070558905357 118
1710652025035 0.0002520635590805415 119
1710652160568 0.00025111081076393166 120
1710652296713 0.00025015251940923753 121
1710652432699 0.00024918874412837216 122
1710652568229 0.00024821954437154544 123
1710652702890 0.0002472449799235565 124
1710652839519 0.00024626511090013295 125
1710652976783 0.00024527999774421683 126
1710653113446 0.00024428970122221513 127
1710653252666 0.00024329428242029683 128
1710653390706 0.00024229380274057302 129
1710653530044 0.00024128832389734575 130
1710653670222 0.00024027790791328704 131
1710653810981 0.00023926261711561267 132
1710653951956 0.00023824251413224535 133
1710654092132 0.000237217661887935 134
1710654233150 0.00023618812360040215 135
1710654373170 0.00023515396277641563 136
1710654514865 0.0002341152432078825 137
1710654655961 0.00023307202896792639 138
1710654797455 0.00023202438440691117 139
1710654938437 0.00023097237414848715 140
1710655080376 0.0002299160630856067 141
1710655223187 0.0002288555163765071 142
1710655365732 0.00022779079944070847 143
1710655506129 0.00022672197795496225 144
1710655645568 0.00022564911784921606 145
1710655785368 0.00022457228530253678 146
1710655925528 0.00022349154673902174 147
1710656066280 0.00022240696882372366 148
1710656208580 0.0002213186184585098 149
1710656349652 0.000220226562777963 150
1710656490465 0.00021913086914522066 151
1710656631844 0.00021803160514782404 152
1710656773725 0.00021692883859355947 153
1710656914894 0.00021582263750625615 154
1710657056516 0.0002147130701216126 155
1710657199758 0.00021360020488297047 156
1710657341801 0.00021248411043710166 157
1710657483434 0.00021136485562996246 158
1710657625742 0.0002102425095024687 159
1710657766694 0.0002091171412862139 160
1710657908297 0.00020798882039921193 161
1710658048792 0.0002068576164416054 162
1710658191082 0.0002057235991913863 163
1710658331181 0.00020458683860007947 164
1710658471459 0.00020344740478843407 165
1710658609912 0.0002023053680420922 166
1710658748260 0.00020116079880726226 167
1710658886657 0.00020001376768636608 168
1710659027120 0.00019886434543368406 169
1710659164285 0.00019771260295099732 170
1710659300468 0.00019655861128320444 171
1710659437852 0.00019540244161395134 172
1710659574346 0.00019424416526122662 173
1710659712593 0.0001930838536729716 174
1710659850020 0.00019192157842267324 175
1710659987703 0.00019075741120493903 176
1710660124964 0.00018959142383109036 177
1710660261882 0.00018842368822472036 178
1710660398712 0.00018725427641726154 179
1710660536342 0.00018608326054354074 180
1710660674988 0.00018491071283733489 181
1710660812233 0.00018373670562690832 182
1710660949463 0.00018256131133055788 183
1710661086934 0.0001813846024521417 184
1710661224950 0.00018020665157660054 185
1710661363269 0.00017902753136549802 186
1710661501452 0.00017784731455251936 187
1710661640078 0.0001766660739390001 188
1710661778945 0.00017548388238942435 189
1710661919297 0.00017430081282693462 190
1710662059653 0.00017311693822883605 191
1710662200243 0.00017193233162209013 192
1710662340265 0.00017074706607880807 193
1710662480945 0.00016956121471175915 194
1710662621392 0.0001683748506698325 195
1710662761845 0.00016718804713355953 196
1710662903093 0.00016600087731056566 197
1710663045088 0.00016481341443108473 198
1710663184839 0.00016362573174341129 199
1710663325434 0.00016243790250941717 200
1710663467009 0.0001612500000000012 201
1710663607862 0.00016006209749058197 202
1710663749109 0.00015887426825658693 203
1710663891097 0.00015768658556891682 204
1710664033012 0.00015649912268943255 205
1710664175045 0.0001553119528664419 206
1710664316258 0.00015412514933016582 207
1710664457934 0.00015293878528824248 208
1710664600093 0.00015175293392119025 209
1710664741889 0.00015056766837791134 210
1710664882761 0.00014938306177116243 211
1710665023946 0.00014819918717306354 212
1710665165572 0.000147016117610574 213
1710665308068 0.00014583392606099823 214
1710665449444 0.00014465268544747875 215
1710665591642 0.00014347246863450293 216
1710665733996 0.00014229334842339792 217
1710665876335 0.0001411153975478595 218
1710666017217 0.0001399386886694402 219
1710666161158 0.00013876329437309009 220
1710666303761 0.0001375892871626642 221
1710666445795 0.00013641673945645992 222
1710666587150 0.00013524572358273977 223
1710666729244 0.0001340763117752808 224
1710666871402 0.00013290857616891002 225
1710667013536 0.00013174258879506022 226
1710667156016 0.00013057842157732783 227
1710667297460 0.00012941614632702716 228
1710667440681 0.00012825583473877235 229
1710667583109 0.00012709755838604753 230
1710667725384 0.0001259413887167941 231
1710667867712 0.00012478739704900366 232
1710668009955 0.00012363565456631522 233
1710668151258 0.0001224862323136339 234
1710668293260 0.00012133920119273657 235
1710668437210 0.00012019463195790684 236
1710668577905 0.00011905259521156698 237
1710668718235 0.00011791316139992039 238
1710668858341 0.00011677640080861441 239
1710668999480 0.00011564238355839459 240
1710669141614 0.00011451117960078978 241
1710669282750 0.00011338285871378486 242
1710669423852 0.00011225749049752921 243
1710669566389 0.00011113514437003559 244
1710669708215 0.00011001588956290036 245
1710669851171 0.00010889979511702981 246
1710669994311 0.000107786929878388 247
1710670136354 0.00010667736249374349 248
1710670278837 0.0001055711614064425 249
1710670420398 0.00010446839485217537 250
1710670562019 0.00010336913085478007 251
1710670703250 0.00010227343722203631 252
1710670843845 0.00010118138154148933 253
1710670985831 0.00010009303117627707 254
1710671127504 9.900845326097739e-05 255
1710671269086 9.79277146974648e-05 256
1710671410517 9.685088215078262e-05 257
1710671550988 9.577802204503717e-05 258
1710671691555 9.470920055929282e-05 259
1710671833178 9.364448362349249e-05 260
1710671973524 9.258393691439355e-05 261
1710672114216 9.152762585151068e-05 262
1710672255395 9.047561559308916e-05 263
1710672396870 8.94279710320729e-05 264
1710672537464 8.838475679211561e-05 265
1710672677912 8.734603722358484e-05 266
1710672818262 8.631187639959803e-05 267
1710672960595 8.52823381120651e-05 268
1710673102863 8.425748586775651e-05 269
1710673243901 8.323738288438708e-05 270
1710673385164 8.222209208671305e-05 271
1710673526942 8.121167610265402e-05 272
1710673667814 8.020619725942686e-05 273
1710673810078 7.92057175797029e-05 274
1710673950852 7.821029877778247e-05 275
1710674091441 7.72200022557852e-05 276
1710674233084 7.623488909986479e-05 277
1710674375056 7.525502007644296e-05 278
1710674517097 7.42804556284544e-05 279
1710674658685 7.33112558716255e-05 280
1710674799052 7.234748059076298e-05 281
1710674940560 7.138918923606614e-05 282
1710675082453 7.043644091946053e-05 283
1710675223963 6.948929441094702e-05 284
1710675365313 6.854780813498789e-05 285
1710675506525 6.761204016688791e-05 286
1710675646201 6.668204822922462e-05 287
1710675786811 6.575788968828123e-05 288
1710675927496 6.483962155051045e-05 289
1710676066385 6.39273004590162e-05 290
1710676205115 6.302098269005935e-05 291
1710676344602 6.212072414959094e-05 292
1710676484239 6.12265803697981e-05 293
1710676623909 6.0338606505679125e-05 294
1710676762610 5.945685733164634e-05 295
1710676903129 5.8581387238142784e-05 296
1710677044246 5.7712250228286184e-05 297
1710677184331 5.6849499914541476e-05 298
1710677324712 5.599318951541227e-05 299
1710677464604 5.514337185215759e-05 300
1710677604990 5.430009934553512e-05 301
1710677745771 5.3463424012562596e-05 302
1710677886859 5.263339746331774e-05 303
1710678026955 5.181007089774678e-05 304
1710678167371 5.099349510251142e-05 305
1710678309158 5.018372044785284e-05 306
1710678450184 4.938079688448513e-05 307
1710678591004 4.8584773940516954e-05 308
1710678730764 4.779570071839284e-05 309
1710678872456 4.701362589186611e-05 310
1710679014431 4.623859770299527e-05 311
1710679156033 4.5470663959170816e-05 312
1710679295489 4.470987203016192e-05 313
1710679435252 4.3956268845199464e-05 314
1710679575103 4.320990089007801e-05 315
1710679714550 4.2470814204287045e-05 316
1710679855186 4.173905437817662e-05 317
1710679996443 4.101466655013879e-05 318
1710680137498 4.02976954038278e-05 319
1710680280337 3.958818516540004e-05 320
1710680422490 3.8886179600789224e-05 321
1710680564614 3.81917220130062e-05 322
1710680705836 3.7504855239465055e-05 323
1710680846303 3.682562164934519e-05 324
1710680989051 3.615406314097289e-05 325
1710681131117 3.5490221139239855e-05 326
1710681272907 3.483413659304901e-05 327
1710681414190 3.4185849972785235e-05 328
1710681556638 3.354540126782042e-05 329
1710681698216 3.291282998404761e-05 330
1710681840019 3.228817514144355e-05 331
1710681983398 3.1671475271661086e-05 332
1710682126978 3.1062768415653646e-05 333
1710682269337 3.0462092121326427e-05 334
1710682411559 2.9869483441223473e-05 335
1710682553897 2.928497893023943e-05 336
1710682697052 2.870861464336575e-05 337
1710682839092 2.8140426133466436e-05 338
1710682982656 2.7580448449085057e-05 339
1710683124910 2.7028716132283637e-05 340
1710683268278 2.6485263216509198e-05 341
1710683410805 2.595012322449863e-05 342
1710683553452 2.5423329166206726e-05 343
1710683695308 2.4904913536773027e-05 344
1710683837222 2.4394908314514427e-05 345
1710683980907 2.3893344958956216e-05 346
1710684123801 2.3400254408888863e-05 347
1710684266418 2.2915667080459644e-05 348
1710684410036 2.2439612865297733e-05 349
1710684553250 2.197212112866986e-05 350
1710684695477 2.151322070766803e-05 351
1710684838641 2.106293990943187e-05 352
1710684983313 2.062130650940207e-05 353
1710685125513 2.018834774960692e-05 354
1710685268411 1.9764090336982705e-05 355
1710685411610 1.9348560441724223e-05 356
1710685554904 1.894178369567327e-05 357
1710685699338 1.854378519073561e-05 358
1710685843466 1.815458947733372e-05 359
1710685987408 1.7774220562892504e-05 360
1710686130748 1.7402701910357908e-05 361
1710686275221 1.704005643675117e-05 362
1710686418313 1.6686306511752678e-05 363
1710686562434 1.6341473956324272e-05 364
1710686706044 1.6005580041362465e-05 365
1710686849291 1.5678645486385806e-05 366
1710686992710 1.5360690458258112e-05 367
1710687136020 1.5051734569942742e-05 368
1710687279290 1.4751796879294647e-05 369
1710687421975 1.4460895887882968e-05 370
1710687566089 1.4179049539851512e-05 371
1710687709504 1.3906275220810382e-05 372
1710687852373 1.3642589756764533e-05 373
1710687994409 1.3388009413075479e-05 374
1710688137465 1.3142549893457873e-05 375
1710688279373 1.2906226339011447e-05 376
1710688422330 1.2679053327285906e-05 377
1710688565177 1.2461044871382719e-05 378
1710688708036 1.2252214419090417e-05 379
1710688850629 1.2052574852055088e-05 380
1710688993139 1.1862138484985348e-05 381
1710689136003 1.1680917064893668e-05 382
1710689279841 1.1508921770370755e-05 383
1710689422641 1.1346163210896337e-05 384
1710689565383 1.1192651426185247e-05 385
1710689708121 1.1048395885567407e-05 386
1710689850538 1.091340548740407e-05 387
1710689993281 1.0787688558538801e-05 388
1710690135133 1.0671252853784187e-05 389
1710690277658 1.0564105555442656e-05 390
1710690421102 1.0466253272864344e-05 391
1710690564234 1.0377702042039214e-05 392
1710690708147 1.0298457325223884e-05 393
1710690851513 1.0228524010606214e-05 394
1710690994735 1.0167906412002043e-05 395
1710691138197 1.0116608268590591e-05 396
1710691281868 1.0074632744683138e-05 397
1710691404077 1.0041982429527503e-05 398
1710691522898 1.0018659337148795e-05 399
