1710635197677 5.33574243861696 0
1710635288506 5.320135883663012 1
1710635373628 5.35126473074374 2
1710635453019 5.327235697404198 3
1710635537374 5.329450743353886 4
1710635618841 5.324611661226853 5
1710635702126 5.317559961391532 6
1710635822250 5.2997479335121485 7
1710635968526 5.29412453977958 8
1710636115091 5.36408032671265 9
1710636261376 5.3351040365903275 10
1710636406879 5.327238686706709 11
1710636552494 5.297803940980331 12
1710636698662 5.286753579326298 13
1710636844104 5.283345234134923 14
1710636989462 5.276090308375981 15
1710637135792 5.27365280493446 16
1710637281583 5.267442519250124 17
1710637427274 5.259968048852423 18
1710637572481 5.251239560220553 19
1710637717963 5.24393776188726 20
1710637864920 5.232102672690931 21
1710638009867 5.220544869485109 22
1710638155648 5.220402580240498 23
1710638302282 5.212635991366013 24
1710638447607 5.215446673009707 25
1710638594070 5.206242833448493 26
1710638739540 5.195269164831742 27
1710638884562 5.195013857406119 28
1710639029895 5.197141420582066 29
1710639174791 5.188718628624211 30
1710639320586 5.178879071836886 31
1710639465182 5.172463148832321 32
1710639609668 5.167030390190042 33
1710639755009 5.1624748849350475 34
1710639900122 5.163514125606288 35
1710640046626 5.13632113000621 36
1710640191523 5.139242248690647 37
1710640336919 5.152376055717468 38
1710640482411 5.117312165706054 39
1710640628425 5.119352190390877 40
1710640774224 5.109859260527984 41
1710640919725 5.112123147301052 42
1710641065249 5.105700339960015 43
1710641210135 5.081060261830039 44
1710641356058 5.079230362954347 45
1710641501258 5.083228154026943 46
1710641645302 5.076906977788262 47
1710641789994 5.075853168964386 48
1710641935074 5.075678842223209 49
1710642080368 5.0321852836919865 50
1710642224737 5.046565264463425 51
1710642368041 5.046214741209279 52
1710642513165 5.031423347151798 53
1710642658266 5.02540067874867 54
1710642803301 5.034713317518649 55
1710642947597 5.0282978234083755 56
1710643093500 5.025355007337487 57
1710643237510 5.002527748760969 58
1710643384154 5.012046850245932 59
1710643528541 5.0096602673115935 60
1710643673660 5.007991484973742 61
1710643819494 4.989688992500305 62
1710643963252 5.014364928007126 63
1710644106588 4.98124837357065 64
1710644251351 4.994397208742473 65
1710644395411 4.977113140665966 66
1710644540755 4.986327236113341 67
1710644685886 4.971315556246301 68
1710644831324 4.950196438509485 69
1710644976608 4.95035645754441 70
1710645122658 4.924624496180078 71
1710645268461 4.968131082213444 72
1710645413945 4.962466455024222 73
1710645559792 4.933576490568078 74
1710645705441 4.936286953480347 75
1710645850968 4.926837594612785 76
1710645997358 4.906101977047713 77
1710646142694 4.914996979029282 78
1710646288029 4.904389746811079 79
1710646433701 4.925851786914079 80
1710646578959 4.891449343251145 81
1710646724621 4.9054592828387795 82
1710646869856 4.916133511973464 83
1710647014765 4.9145102487958 84
1710647160183 4.895860563153806 85
1710647305307 4.866488877197971 86
1710647449750 4.901834633039392 87
1710647594327 4.8768947195747625 88
1710647737816 4.878191902585652 89
1710647881777 4.861886148219523 90
1710648025547 4.872585198153621 91
1710648169702 4.818244303698125 92
1710648313298 4.862944992988006 93
1710648457650 4.856603437143823 94
1710648601515 4.85732109779897 95
1710648745608 4.854377736863882 96
1710648889112 4.797785714268684 97
1710649033076 4.811061358970145 98
1710649175678 4.817973145324251 99
1710649319495 4.826839435359706 100
1710649463856 4.779342457004216 101
1710649607132 4.803407244060351 102
1710649751982 4.822341460896575 103
1710649895338 4.784651649386986 104
1710650038920 4.786998434559159 105
1710650183379 4.795842274375584 106
1710650326702 4.809734974866328 107
1710650470262 4.7934867312078895 108
1710650613954 4.799465541606364 109
1710650756418 4.75495624607024 110
1710650899907 4.79744990170002 111
1710651043246 4.78099160609038 112
1710651185755 4.75550261463808 113
1710651329015 4.748745919569679 114
1710651471480 4.7577493974696035 115
1710651611561 4.761455031192821 116
1710651751108 4.760041737038156 117
1710651888704 4.722279470251954 118
1710652025037 4.73518668309502 119
1710652160569 4.732921644397404 120
1710652296714 4.724308058619499 121
1710652432700 4.748804193475972 122
1710652568233 4.739669910591582 123
1710652702892 4.705365042971528 124
1710652839523 4.6982108231471935 125
1710652976786 4.709178130263868 126
1710653113450 4.749796701514202 127
1710653252670 4.689181691926459 128
1710653390707 4.700442208544068 129
1710653530045 4.688674065729846 130
1710653670226 4.706710241411043 131
1710653810982 4.699690212374148 132
1710653951960 4.681724279471066 133
1710654092134 4.696588754653931 134
1710654233154 4.6899589520433675 135
1710654373172 4.708708605040675 136
1710654514870 4.678349984080895 137
1710654655963 4.66596993415252 138
1710654797456 4.6672152054050695 139
1710654938438 4.629751112150109 140
1710655080379 4.678913148201031 141
1710655223190 4.6692455650671665 142
1710655365736 4.620143266475719 143
1710655506131 4.624399589455646 144
1710655645569 4.640294207826905 145
1710655785372 4.648682866407477 146
1710655925530 4.6053973766772645 147
1710656066283 4.601233422756195 148
1710656208585 4.60376763149448 149
1710656349654 4.6489342554755835 150
1710656490469 4.604803599741148 151
1710656631845 4.603444400688876 152
1710656773726 4.614855661340382 153
1710656914895 4.593225073555241 154
1710657056517 4.587375169214995 155
1710657199761 4.598972134616064 156
1710657341802 4.57180248265681 157
1710657483435 4.56210688210052 158
1710657625746 4.578400720720706 159
1710657766697 4.558155633833097 160
1710657908301 4.577677338019662 161
1710658048794 4.56661793200866 162
1710658191084 4.610929857129636 163
1710658331182 4.560991912432339 164
1710658471461 4.565854253976242 165
1710658609914 4.552594149242276 166
1710658748261 4.555249416309854 167
1710658886658 4.531745053503824 168
1710659027124 4.515439860198809 169
1710659164287 4.562581119977909 170
1710659300469 4.549480247756709 171
1710659437854 4.539375512496285 172
1710659574347 4.546288562857586 173
1710659712594 4.4836520896009775 174
1710659850021 4.529409621072852 175
1710659987707 4.503208727940269 176
1710660124967 4.5714133867751 177
1710660261883 4.5040180469336715 178
1710660398717 4.533957530622897 179
1710660536344 4.478542658945789 180
1710660674989 4.516894549131393 181
1710660812235 4.475376141460045 182
1710660949464 4.450264978667964 183
1710661086937 4.468047191915304 184
1710661224951 4.543052179010018 185
1710661363270 4.471232458949089 186
1710661501454 4.461240427001663 187
1710661640080 4.476273659778678 188
1710661778948 4.4438543669555495 189
1710661919299 4.416482236074365 190
1710662059655 4.505824385129887 191
1710662200247 4.423686153862787 192
1710662340268 4.424321643036345 193
1710662480949 4.47404726691868 194
1710662621393 4.435588658503864 195
1710662761847 4.404374012480611 196
1710662903096 4.415690683800241 197
1710663045092 4.467973315197488 198
1710663184840 4.434483836526456 199
1710663325436 4.427029596074767 200
1710663467011 4.409073830946632 201
1710663607863 4.429397775427155 202
1710663749110 4.442076028689094 203
1710663891101 4.410135482316432 204
1710664033014 4.447366083445757 205
1710664175049 4.419696415248125 206
1710664316260 4.3731937440841095 207
1710664457936 4.421510121744612 208
1710664600094 4.423723463131034 209
1710664741891 4.363845361315685 210
1710664882762 4.370362833790157 211
1710665023948 4.367384754445242 212
1710665165573 4.368495567985203 213
1710665308072 4.332598171156386 214
1710665449446 4.387177926042805 215
1710665591647 4.32864411369614 216
1710665733999 4.355783912798633 217
1710665876339 4.358451709799144 218
1710666017219 4.387719437479973 219
1710666161162 4.303290150735689 220
1710666303762 4.341434293467065 221
1710666445798 4.3712946474552155 222
1710666587151 4.331667736172676 223
1710666729245 4.350217696117318 224
1710666871403 4.3439779158519665 225
1710667013538 4.3399065758871 226
1710667156017 4.342836264034976 227
1710667297461 4.311107572654019 228
1710667440682 4.331415701819503 229
1710667583110 4.313351143961367 230
1710667725386 4.256434430894644 231
1710667867714 4.301619391726411 232
1710668009959 4.290902786928674 233
1710668151262 4.272965435100638 234
1710668293262 4.263356707666231 235
1710668437214 4.266815427204837 236
1710668577907 4.314556336921195 237
1710668718237 4.296125054359436 238
1710668858343 4.218256549342819 239
1710668999482 4.3166021652843645 240
1710669141618 4.250210581914239 241
1710669282752 4.237505099695662 242
1710669423855 4.280289714751036 243
1710669566391 4.231118334376293 244
1710669708217 4.246118408182393 245
1710669851175 4.208408938801807 246
1710669994314 4.22913953014042 247
1710670136355 4.24272495119468 248
1710670278839 4.205215476129366 249
1710670420402 4.208677648202233 250
1710670562021 4.192646136750346 251
1710670703253 4.205143946668376 252
1710670843847 4.225842118263245 253
1710670985832 4.215340987495754 254
1710671127507 4.219181851200435 255
1710671269088 4.274051499755486 256
1710671410519 4.239961826930875 257
1710671550989 4.187530698983566 258
1710671691556 4.159972188265427 259
1710671833181 4.17571601336417 260
1710671973526 4.180636072936266 261
1710672114218 4.232041413369386 262
1710672255396 4.171550603016563 263
1710672396872 4.178518330273421 264
1710672537465 4.18671915129475 265
1710672677914 4.139875055655189 266
1710672818264 4.232856670151586 267
1710672960599 4.168302340999894 268
1710673102866 4.182565799225932 269
1710673243903 4.154375154687011 270
1710673385165 4.136857086549634 271
1710673526946 4.144780805577403 272
1710673667816 4.127411160780036 273
1710673810080 4.069980581169543 274
1710673950856 4.158672701405442 275
1710674091443 4.1435972724271855 276
1710674233085 4.148082570537277 277
1710674375058 4.0846363960400875 278
1710674517098 4.118250765230345 279
1710674658686 4.123002224642297 280
1710674799055 4.094051255480103 281
1710674940564 4.142237533693728 282
1710675082455 4.0976104865903435 283
1710675223966 4.0517450577538945 284
1710675365315 4.130522956666739 285
1710675506526 4.087772755519204 286
1710675646203 4.1026424720235495 287
1710675786813 4.087073741399723 288
1710675927499 4.12208197168682 289
1710676066386 4.0710691420928296 290
1710676205117 4.045328819881314 291
1710676344603 4.111676408544831 292
1710676484241 4.079804080983867 293
1710676623911 4.0721733906994695 294
1710676762612 4.059354689458142 295
1710676903133 4.03880305653033 296
1710677044249 4.105283029701399 297
1710677184335 4.072999323839727 298
1710677324713 4.035509496279385 299
1710677464606 4.038152236005534 300
1710677604992 4.144275831787483 301
1710677745772 4.040411575332932 302
1710677886862 4.072591168724972 303
1710678026958 4.067553418486015 304
1710678167373 4.051322178996128 305
1710678309159 4.019440353564594 306
1710678450185 4.050965841049734 307
1710678591005 4.024319076667661 308
1710678730765 4.036431206957154 309
1710678872460 4.065454553650773 310
1710679014434 4.102858937304953 311
1710679156037 4.014989620317584 312
1710679295490 4.035683724543323 313
1710679435253 4.087502063616462 314
1710679575105 3.9624871793000596 315
1710679714551 4.06678441296453 316
1710679855188 4.017355363006177 317
1710679996445 4.052588201087454 318
1710680137499 4.0184618390124776 319
1710680280338 3.998139105413271 320
1710680422492 4.037157928814059 321
1710680564618 3.9673470932504404 322
1710680705837 4.06480387241944 323
1710680846305 3.9604326123776645 324
1710680989052 3.959066078066826 325
1710681131119 3.986861122691113 326
1710681272910 4.01713191555894 327
1710681414191 4.019416583620983 328
1710681556639 4.036189072158026 329
1710681698218 4.03951115258362 330
1710681840021 3.9962168180424236 331
1710681983400 3.9495449137428533 332
1710682126984 3.9407835311215855 333
1710682269338 3.9565899151822794 334
1710682411560 3.9616741551005323 335
1710682553898 3.960633351750996 336
1710682697053 3.9657173908275105 337
1710682839094 4.008982528163039 338
1710682982659 3.9942935724621234 339
1710683124912 3.924432153287141 340
1710683268279 3.9918313829795173 341
1710683410806 3.9350911067879717 342
1710683553453 3.97915478763373 343
1710683695309 3.922109666077987 344
1710683837224 3.979120267474133 345
1710683980910 3.994614570685055 346
1710684123803 3.951966049230617 347
1710684266420 3.9315936241460885 348
1710684410040 3.936896989526956 349
1710684553251 3.930803320330122 350
1710684695480 3.9293770945590474 351
1710684838644 3.9476783090959424 352
1710684983314 3.9723936831173687 353
1710685125515 3.957252226445986 354
1710685268413 3.933592419261518 355
1710685411612 3.8982429724672567 356
1710685554907 3.8408240650011147 357
1710685699339 3.908905138140139 358
1710685843469 3.894576146874739 359
1710685987412 3.9204191831143005 360
1710686130749 3.943396766548571 361
1710686275225 3.9727395131536154 362
1710686418316 3.8836935797463292 363
1710686562436 3.944902315735817 364
1710686706046 3.9072094501360604 365
1710686849294 3.919432888860288 366
1710686992712 3.90599409069704 367
1710687136021 3.9279316436985265 368
1710687279292 3.897325870135556 369
1710687421978 3.9083462409351184 370
1710687566093 3.9006182408851124 371
1710687709505 3.9395029810459716 372
1710687852375 3.8985475619202075 373
1710687994410 3.9143089172632797 374
1710688137467 3.913323754849641 375
1710688279374 3.8378083712380864 376
1710688422332 3.9020994201950403 377
1710688565179 3.916572082625783 378
1710688708038 3.9238866749017136 379
1710688850631 3.89995012399943 380
1710688993140 3.894825881590014 381
1710689136004 3.8991976979634035 382
1710689279845 3.82446027741484 383
1710689422643 3.911629086603289 384
1710689565384 3.9335898497830266 385
1710689708123 3.910443298842596 386
1710689850539 3.897810310125351 387
1710689993283 3.9161020782978637 388
1710690135134 3.922897351824719 389
1710690277662 3.867366890544477 390
1710690421104 3.8809477764627207 391
1710690564236 3.89130092477021 392
1710690708149 3.834154624653899 393
1710690851514 3.887422341691411 394
1710690994737 3.9045170130936997 395
1710691138198 3.9145499979672223 396
1710691281870 3.8966985992763354 397
1710691404078 3.881427491488664 398
1710691522900 3.8874644857385885 399
