1713748227371 0.0 0
1713748941562 1.0 1
1713749667283 2.0 2
1713750394698 3.0 3
1713751116508 4.0 4
1713751839472 5.0 5
1713752560008 6.0 6
1713753276217 7.0 7
1713754002114 8.0 8
1713754717408 9.0 9
1713755456707 10.0 10
1713756170766 11.0 11
1713756887105 12.0 12
1713757602450 13.0 13
1713758325570 14.0 14
1713759023069 15.0 15
1713759757407 16.0 16
1713760468991 17.0 17
1713761188513 18.0 18
1713761896854 19.0 19
1713762625457 20.0 20
1713763330908 21.0 21
1713764051825 22.0 22
1713764771659 23.0 23
1713765471373 24.0 24
1713766194920 25.0 25
1713766906368 26.0 26
1713767614268 27.0 27
1713768316026 28.0 28
1713769040115 29.0 29
1713769745818 30.0 30
1713770454461 31.0 31
1713771146280 32.0 32
1713771865664 33.0 33
1713772587612 34.0 34
1713773321543 35.0 35
1713774043040 36.0 36
1713774777208 37.0 37
1713775511371 38.0 38
1713776235853 39.0 39
1713776961690 40.0 40
1713777689762 41.0 41
1713778403601 42.0 42
1713779132998 43.0 43
1713779861496 44.0 44
1713780580812 45.0 45
1713781296392 46.0 46
1713782020485 47.0 47
1713782739360 48.0 48
1713783456176 49.0 49
1713784187013 50.0 50
1713784911647 51.0 51
1713785623198 52.0 52
1713786353120 53.0 53
1713787066481 54.0 54
1713787782971 55.0 55
1713788488493 56.0 56
1713789220416 57.0 57
1713789935059 58.0 58
1713790642291 59.0 59
1713791356880 60.0 60
1713792072771 61.0 61
1713792791235 62.0 62
1713793525053 63.0 63
1713794237412 64.0 64
1713794964609 65.0 65
1713795677663 66.0 66
1713796394914 67.0 67
1713797125555 68.0 68
1713797843446 69.0 69
1713798568472 70.0 70
1713799303629 71.0 71
1713800030624 72.0 72
1713800749540 73.0 73
1713801468389 74.0 74
1713802210576 75.0 75
1713802910209 76.0 76
1713803657309 77.0 77
1713804350492 78.0 78
1713804982589 79.0 79
1713805633891 80.0 80
1713806278804 81.0 81
1713806920644 82.0 82
1713807567303 83.0 83
1713808204674 84.0 84
1713808848799 85.0 85
1713809483347 86.0 86
1713810128569 87.0 87
1713810766793 88.0 88
1713811415528 89.0 89
1713812059877 90.0 90
1713812696918 91.0 91
1713813350477 92.0 92
1713813998052 93.0 93
1713814624498 94.0 94
1713815280554 95.0 95
1713815925425 96.0 96
1713816579410 97.0 97
1713817239953 98.0 98
1713817893547 99.0 99
1713818550316 100.0 100
1713819202174 101.0 101
1713819871240 102.0 102
1713820547552 103.0 103
1713821199438 104.0 104
1713821836918 105.0 105
1713822476004 106.0 106
1713823122641 107.0 107
1713823773972 108.0 108
1713824404906 109.0 109
1713825058500 110.0 110
1713825701978 111.0 111
1713826332893 112.0 112
1713826986449 113.0 113
1713827631468 114.0 114
1713828271153 115.0 115
1713828913660 116.0 116
1713829571282 117.0 117
1713830223824 118.0 118
1713830857751 119.0 119
1713831503122 120.0 120
1713832139354 121.0 121
1713832787960 122.0 122
1713833433948 123.0 123
1713834068153 124.0 124
1713834722500 125.0 125
1713835363400 126.0 126
1713835994147 127.0 127
1713836638125 128.0 128
1713837286327 129.0 129
1713837911480 130.0 130
1713838555024 131.0 131
1713839203304 132.0 132
1713839858561 133.0 133
1713840509682 134.0 134
1713841158944 135.0 135
1713841801889 136.0 136
1713842444753 137.0 137
1713843099232 138.0 138
1713843743278 139.0 139
1713844390108 140.0 140
1713845029317 141.0 141
1713845679606 142.0 142
1713846322760 143.0 143
1713846975844 144.0 144
1713847620209 145.0 145
1713848263335 146.0 146
1713848908003 147.0 147
1713849558644 148.0 148
1713850202697 149.0 149
1713850853232 150.0 150
1713851496005 151.0 151
1713852141359 152.0 152
1713852793761 153.0 153
1713853440203 154.0 154
1713854089304 155.0 155
1713854731302 156.0 156
1713855396905 157.0 157
1713856042553 158.0 158
1713856688267 159.0 159
1713857333642 160.0 160
1713857980137 161.0 161
1713858626038 162.0 162
1713859282171 163.0 163
1713859929632 164.0 164
1713860572024 165.0 165
1713861210301 166.0 166
1713861870686 167.0 167
1713862517716 168.0 168
1713863164897 169.0 169
1713863815659 170.0 170
1713864456002 171.0 171
1713865100060 172.0 172
1713865749030 173.0 173
1713866389952 174.0 174
1713867047145 175.0 175
1713867693415 176.0 176
1713868324759 177.0 177
1713868972705 178.0 178
1713869609838 179.0 179
1713870254441 180.0 180
1713870888626 181.0 181
1713871539496 182.0 182
1713872172267 183.0 183
1713872815554 184.0 184
1713873463987 185.0 185
1713874105225 186.0 186
1713874746728 187.0 187
1713875396308 188.0 188
1713876038251 189.0 189
1713876689424 190.0 190
1713877329853 191.0 191
1713877973926 192.0 192
1713878632041 193.0 193
1713879259555 194.0 194
1713879910562 195.0 195
1713880537724 196.0 196
1713881191891 197.0 197
1713881825326 198.0 198
1713882458154 199.0 199
1713883110458 200.0 200
1713883753320 201.0 201
1713884398474 202.0 202
1713885049921 203.0 203
1713885699132 204.0 204
1713886341865 205.0 205
1713886990979 206.0 206
1713887630264 207.0 207
1713888293737 208.0 208
1713888917609 209.0 209
1713889563320 210.0 210
1713890194431 211.0 211
1713890846216 212.0 212
1713891492587 213.0 213
1713892125514 214.0 214
1713892783182 215.0 215
1713893423997 216.0 216
1713894063077 217.0 217
1713894715944 218.0 218
1713895365954 219.0 219
1713896033826 220.0 220
1713896679201 221.0 221
1713897326383 222.0 222
1713897971135 223.0 223
1713898614463 224.0 224
1713899260033 225.0 225
1713899904042 226.0 226
1713900544580 227.0 227
1713901202383 228.0 228
1713901839352 229.0 229
1713902488587 230.0 230
1713903132929 231.0 231
1713903779778 232.0 232
1713904433184 233.0 233
1713905068746 234.0 234
1713905724569 235.0 235
1713906364888 236.0 236
1713907018722 237.0 237
1713907658819 238.0 238
1713908303375 239.0 239
1713908945515 240.0 240
1713909607032 241.0 241
1713910259219 242.0 242
1713910910336 243.0 243
1713911568338 244.0 244
1713912213960 245.0 245
1713912869694 246.0 246
1713913524160 247.0 247
1713914175441 248.0 248
1713914811147 249.0 249
1713915469788 250.0 250
1713916111094 251.0 251
1713916812665 252.0 252
1713917544409 253.0 253
1713918274525 254.0 254
1713919009841 255.0 255
1713919735830 256.0 256
1713920471318 257.0 257
1713921198387 258.0 258
1713921929313 259.0 259
1713922658199 260.0 260
1713923394647 261.0 261
1713924121357 262.0 262
1713924853525 263.0 263
1713925575598 264.0 264
1713926312508 265.0 265
