1713748227372 7095944.0 0
1713748941564 7095944.0 1
1713749667285 7095944.0 2
1713750394699 7095944.0 3
1713751116510 7095944.0 4
1713751839473 7095944.0 5
1713752560009 7095944.0 6
1713753276219 7095944.0 7
1713754002115 7095944.0 8
1713754717409 7095944.0 9
1713755456709 7095944.0 10
1713756170767 7095944.0 11
1713756887106 7095944.0 12
1713757602452 7095944.0 13
1713758325571 7095944.0 14
1713759023070 7095944.0 15
1713759757408 7095944.0 16
1713760468992 7095944.0 17
1713761188513 7095944.0 18
1713761896856 7095944.0 19
1713762625459 7095944.0 20
1713763330910 7095944.0 21
1713764051827 7095944.0 22
1713764771661 7095944.0 23
1713765471374 7095944.0 24
1713766194921 7095944.0 25
1713766906370 7095944.0 26
1713767614270 7095944.0 27
1713768316028 7095944.0 28
1713769040117 7095944.0 29
1713769745820 7095944.0 30
1713770454463 7095944.0 31
1713771146281 7095944.0 32
1713771865666 7095944.0 33
1713772587614 7095944.0 34
1713773321544 7095944.0 35
1713774043041 7095944.0 36
1713774777209 7095944.0 37
1713775511372 7095944.0 38
1713776235855 7095944.0 39
1713776961692 7095944.0 40
1713777689764 7095944.0 41
1713778403603 7095944.0 42
1713779133000 7095944.0 43
1713779861498 7095944.0 44
1713780580814 7095944.0 45
1713781296393 7095944.0 46
1713782020487 7095944.0 47
1713782739362 7095944.0 48
1713783456177 7095944.0 49
1713784187014 7095944.0 50
1713784911648 7095944.0 51
1713785623199 7095944.0 52
1713786353122 7095944.0 53
1713787066483 7095944.0 54
1713787782972 7095944.0 55
1713788488495 7095944.0 56
1713789220418 7095944.0 57
1713789935061 7095944.0 58
1713790642293 7095944.0 59
1713791356881 7095944.0 60
1713792072773 7095944.0 61
1713792791236 7095944.0 62
1713793525054 7095944.0 63
1713794237413 7095944.0 64
1713794964611 7095944.0 65
1713795677665 7095944.0 66
1713796394915 7095944.0 67
1713797125556 7095944.0 68
1713797843447 7095944.0 69
1713798568473 7095944.0 70
1713799303631 7095944.0 71
1713800030625 7095944.0 72
1713800749542 7095944.0 73
1713801468390 7095944.0 74
1713802210577 7095944.0 75
1713802910210 7095944.0 76
1713803657311 7095944.0 77
1713804350494 7095944.0 78
1713804982590 7095944.0 79
1713805633892 7095944.0 80
1713806278805 7095944.0 81
1713806920646 7095944.0 82
1713807567304 7095944.0 83
1713808204676 7095944.0 84
1713808848801 7095944.0 85
1713809483348 7095944.0 86
1713810128570 7095944.0 87
1713810766795 7095944.0 88
1713811415530 7095944.0 89
1713812059879 7095944.0 90
1713812696919 7095944.0 91
1713813350478 7095944.0 92
1713813998053 7095944.0 93
1713814624500 7095944.0 94
1713815280556 7095944.0 95
1713815925427 7095944.0 96
1713816579412 7095944.0 97
1713817239954 7095944.0 98
1713817893549 7095944.0 99
1713818550318 7095944.0 100
1713819202176 7095944.0 101
1713819871241 7095944.0 102
1713820547554 7095944.0 103
1713821199440 7095944.0 104
1713821836919 7095944.0 105
1713822476006 7095944.0 106
1713823122643 7095944.0 107
1713823773974 7095944.0 108
1713824404908 7095944.0 109
1713825058502 7095944.0 110
1713825701980 7095944.0 111
1713826332895 7095944.0 112
1713826986451 7095944.0 113
1713827631470 7095944.0 114
1713828271154 7095944.0 115
1713828913662 7095944.0 116
1713829571283 7095944.0 117
1713830223826 7095944.0 118
1713830857752 7095944.0 119
1713831503123 7095944.0 120
1713832139355 7095944.0 121
1713832787962 7095944.0 122
1713833433949 7095944.0 123
1713834068155 7095944.0 124
1713834722502 7095944.0 125
1713835363401 7095944.0 126
1713835994149 7095944.0 127
1713836638126 7095944.0 128
1713837286328 7095944.0 129
1713837911482 7095944.0 130
1713838555026 7095944.0 131
1713839203306 7095944.0 132
1713839858563 7095944.0 133
1713840509683 7095944.0 134
1713841158946 7095944.0 135
1713841801891 7095944.0 136
1713842444754 7095944.0 137
1713843099235 7095944.0 138
1713843743279 7095944.0 139
1713844390109 7095944.0 140
1713845029319 7095944.0 141
1713845679608 7095944.0 142
1713846322762 7095944.0 143
1713846975846 7095944.0 144
1713847620210 7095944.0 145
1713848263336 7095944.0 146
1713848908005 7095944.0 147
1713849558645 7095944.0 148
1713850202699 7095944.0 149
1713850853234 7095944.0 150
1713851496007 7095944.0 151
1713852141360 7095944.0 152
1713852793763 7095944.0 153
1713853440205 7095944.0 154
1713854089305 7095944.0 155
1713854731303 7095944.0 156
1713855396906 7095944.0 157
1713856042554 7095944.0 158
1713856688268 7095944.0 159
1713857333643 7095944.0 160
1713857980138 7095944.0 161
1713858626040 7095944.0 162
1713859282172 7095944.0 163
1713859929633 7095944.0 164
1713860572026 7095944.0 165
1713861210302 7095944.0 166
1713861870688 7095944.0 167
1713862517717 7095944.0 168
1713863164898 7095944.0 169
1713863815661 7095944.0 170
1713864456004 7095944.0 171
1713865100062 7095944.0 172
1713865749032 7095944.0 173
1713866389954 7095944.0 174
1713867047146 7095944.0 175
1713867693416 7095944.0 176
1713868324760 7095944.0 177
1713868972707 7095944.0 178
1713869609840 7095944.0 179
1713870254442 7095944.0 180
1713870888627 7095944.0 181
1713871539497 7095944.0 182
1713872172267 7095944.0 183
1713872815555 7095944.0 184
1713873463989 7095944.0 185
1713874105227 7095944.0 186
1713874746729 7095944.0 187
1713875396309 7095944.0 188
1713876038253 7095944.0 189
1713876689426 7095944.0 190
1713877329854 7095944.0 191
1713877973927 7095944.0 192
1713878632042 7095944.0 193
1713879259556 7095944.0 194
1713879910563 7095944.0 195
1713880537725 7095944.0 196
1713881191893 7095944.0 197
1713881825327 7095944.0 198
1713882458156 7095944.0 199
1713883110459 7095944.0 200
1713883753322 7095944.0 201
1713884398475 7095944.0 202
1713885049923 7095944.0 203
1713885699134 7095944.0 204
1713886341866 7095944.0 205
1713886990981 7095944.0 206
1713887630265 7095944.0 207
1713888293739 7095944.0 208
1713888917610 7095944.0 209
1713889563321 7095944.0 210
1713890194433 7095944.0 211
1713890846217 7095944.0 212
1713891492589 7095944.0 213
1713892125515 7095944.0 214
1713892783184 7095944.0 215
1713893423998 7095944.0 216
1713894063079 7095944.0 217
1713894715946 7095944.0 218
1713895365956 7095944.0 219
1713896033827 7095944.0 220
1713896679203 7095944.0 221
1713897326385 7095944.0 222
1713897971136 7095944.0 223
1713898614464 7095944.0 224
1713899260034 7095944.0 225
1713899904043 7095944.0 226
1713900544582 7095944.0 227
1713901202385 7095944.0 228
1713901839354 7095944.0 229
1713902488589 7095944.0 230
1713903132931 7095944.0 231
1713903779779 7095944.0 232
1713904433185 7095944.0 233
1713905068747 7095944.0 234
1713905724571 7095944.0 235
1713906364890 7095944.0 236
1713907018724 7095944.0 237
1713907658821 7095944.0 238
1713908303377 7095944.0 239
1713908945517 7095944.0 240
1713909607034 7095944.0 241
1713910259220 7095944.0 242
1713910910338 7095944.0 243
1713911568340 7095944.0 244
1713912213961 7095944.0 245
1713912869695 7095944.0 246
1713913524161 7095944.0 247
1713914175442 7095944.0 248
1713914811148 7095944.0 249
1713915469790 7095944.0 250
1713916111095 7095944.0 251
1713916812666 7095944.0 252
1713917544411 7095944.0 253
1713918274527 7095944.0 254
1713919009843 7095944.0 255
1713919735831 7095944.0 256
1713920471319 7095944.0 257
1713921198388 7095944.0 258
1713921929315 7095944.0 259
1713922658201 7095944.0 260
1713923394648 7095944.0 261
1713924121358 7095944.0 262
1713924853527 7095944.0 263
1713925575600 7095944.0 264
1713926312509 7095944.0 265
