1713748227367 9.999999999999821e-06 0
1713748941551 9.999999999999821e-06 1
1713749667272 8.001562500000023e-06 2
1713750394691 6.003125000000018e-06 3
1713751116496 4.004687499999941e-06 4
1713751839459 2.0062500000000102e-06 5
1713752560003 1.284323395960249e-08 6
1713753276206 1.5056221881001066e-08 7
1713754002101 1.7671149766564087e-08 8
1713754717401 2.0687806937676157e-08 9
1713755456695 2.4105950349332582e-08 10
1713756170757 2.7925304609722768e-08 11
1713756887092 3.21455620024191e-08 12
1713757602437 3.676638251116694e-08 13
1713758325564 4.178739384727485e-08 14
1713759023060 4.7208191479620554e-08 15
1713759757400 5.3028338667229953e-08 16
1713760468975 5.924736649448051e-08 17
1713761188509 6.586477390885416e-08 18
1713761896839 7.288002776133852e-08 19
1713762625445 8.029256284935911e-08 20
1713763330902 8.810178196231198e-08 21
1713764051815 9.630705592971541e-08 22
1713764771648 1.0490772367184719e-07 23
1713765471367 1.1390309225305615e-07 24
1713766194908 1.232924369375615e-07 25
1713766906355 1.3307500124784115e-07 26
1713767614258 1.4324999702560528e-07 27
1713768316014 1.5381660449526022e-07 28
1713769040103 1.6477397233000038e-07 29
1713769745807 1.761212177203559e-07 30
1713770454449 1.8785742644532728e-07 31
1713771146268 1.999816529460669e-07 32
1713771865651 2.124929204020389e-07 33
1713772587599 2.2539022080972905e-07 34
1713773321536 2.3867251506382734e-07 35
1713774043034 2.523387330410053e-07 36
1713774777197 2.663877736860865e-07 37
1713775511363 2.8081850510074475e-07 38
1713776235842 2.956297646347648e-07 39
1713776961676 3.1082035897963723e-07 40
1713777689750 3.263890642647546e-07 41
1713778403590 3.42334626155983e-07 42
1713779132991 3.5865575995674667e-07 43
1713779861484 3.753511507115088e-07 44
1713780580800 3.9241945331175147e-07 45
1713781296386 4.0985929260427454e-07 46
1713782020472 4.2766926350209375e-07 47
1713782739348 4.458479310975325e-07 48
1713783456170 4.643938307779415e-07 49
1713784187008 4.833054683436e-07 50
1713784911634 5.025813201281461e-07 51
1713785623185 5.222198331213576e-07 52
1713786353109 5.422194250942195e-07 53
1713787066469 5.625784847264422e-07 54
1713787782959 5.832953717362601e-07 55
1713788488481 6.043684170126315e-07 56
1713789220405 6.25795922749609e-07 57
1713789935046 6.475761625832424e-07 58
1713790642280 6.697073817306265e-07 59
1713791356874 6.921877971312471e-07 60
1713792072760 7.150155975906827e-07 61
1713792791229 7.381889439264962e-07 62
1713793525047 7.617059691164555e-07 63
1713794237405 7.855647784489317e-07 64
1713794964596 8.097634496754816e-07 65
1713795677657 8.343000331658489e-07 66
1713796394908 8.591725520649488e-07 67
1713797125549 8.843790024522151e-07 68
1713797843438 9.099173535029469e-07 69
1713798568460 9.357855476519781e-07 70
1713799303616 9.61981500759528e-07 71
1713800030618 9.885031022789737e-07 72
1713800749527 1.0153482154270206e-06 73
1713801468384 1.0425146773556996e-06 74
1713802210562 1.0700002993268283e-06 75
1713802910197 1.0978028668882402e-06 76
1713803657296 1.1259201400521134e-06 77
1713804350479 1.1543498534756567e-06 78
1713804982576 1.183089716643375e-06 79
1713805633885 1.2121374140518168e-06 80
1713806278798 1.2414906053960396e-06 81
1713806920633 1.2711469257581026e-06 82
1713807567290 1.3011039857978081e-06 83
1713808204663 1.3313593719448883e-06 84
1713808848788 1.361910646593795e-06 85
1713809483340 1.3927553482998694e-06 86
1713810128557 1.423890991977668e-06 87
1713810766780 1.4553150691013864e-06 88
1713811415517 1.4870250479066385e-06 89
1713812059866 1.519018373594704e-06 90
1713812696913 1.5512924685382753e-06 91
1713813350464 1.5838447324891112e-06 92
1713813998046 1.6166725427874607e-06 93
1713814624488 1.6497732545735747e-06 94
1713815280542 1.6831442010006695e-06 95
1713815925412 1.71678269344966e-06 96
1713816579397 1.7506860217459527e-06 97
1713817239947 1.7848514543778886e-06 98
1713817893536 1.819276238716493e-06 99
1713818550303 1.853957601237529e-06 100
1713819202161 1.8888927477448711e-06 101
1713819871230 1.9240788635954803e-06 102
1713820547539 1.9595131139264517e-06 103
1713821199426 1.9951926438831874e-06 104
1713821836908 2.0311145788496012e-06 105
1713822475993 2.0672760246793826e-06 106
1713823122632 2.1036740679296203e-06 107
1713823773960 2.140305776095218e-06 108
1713824404891 2.1771681978451003e-06 109
1713825058489 2.2142583632604177e-06 110
1713825701962 2.251573284073257e-06 111
1713826332884 2.289109953907954e-06 112
1713826986439 2.3268653485228656e-06 113
1713827631456 2.364836426054272e-06 114
1713828271145 2.4030201272614036e-06 115
1713828913647 2.441413375772807e-06 116
1713829571274 2.4800130783344384e-06 117
1713830223809 2.518816125058557e-06 118
1713830857745 2.5578193896746264e-06 119
1713831503110 2.597019729780923e-06 120
1713832139348 2.6364139870977704e-06 121
1713832787953 2.6759989877222965e-06 122
1713833433943 2.715771542383501e-06 123
1713834068139 2.75572844669994e-06 124
1713834722489 2.795866481437264e-06 125
1713835363387 2.8361824127680854e-06 126
1713835994138 2.876672992532308e-06 127
1713836638112 2.917334958498574e-06 128
1713837286319 2.958165034627653e-06 129
1713837911474 2.9991599313358355e-06 130
1713838555012 3.040316345760265e-06 131
1713839203292 3.0816309620250825e-06 132
1713839858549 3.123100451508454e-06 133
1713840509675 3.1647214731105363e-06 134
1713841158932 3.2064906735232127e-06 135
1713841801876 3.2484046874998806e-06 136
1713842444741 3.2904601381263965e-06 137
1713843099214 3.332653637093789e-06 138
1713843743266 3.3749817849705603e-06 139
1713844390095 3.4174411714768737e-06 140
1713845029305 3.460028375759508e-06 141
1713845679593 3.5027399666671815e-06 142
1713846322749 3.5455725030269156e-06 143
1713846975835 3.5885225339215913e-06 144
1713847620206 3.631586598967776e-06 145
1713848263328 3.6747612285945827e-06 146
1713848907992 3.71804294432334e-06 147
1713849558638 3.761428259047423e-06 148
1713850202685 3.804913677313691e-06 149
1713850853220 3.848495695603824e-06 150
1713851495991 3.89217080261666e-06 151
1713852141353 3.935935479551085e-06 152
1713852793749 3.979786200389532e-06 153
1713853440191 4.023719432182257e-06 154
1713854089298 4.067731635331412e-06 155
1713854731296 4.111819263877116e-06 156
1713855396893 4.155978765782145e-06 157
1713856042548 4.200206583219059e-06 158
1713856688254 4.244499152855939e-06 159
1713857333635 4.288852906144444e-06 160
1713857980124 4.333264269606259e-06 161
1713858626025 4.37772966512204e-06 162
1713859282165 4.422245510218946e-06 163
1713859929620 4.466808218359582e-06 164
1713860572013 4.5114141992308115e-06 165
1713861210288 4.556059859033266e-06 166
1713861870673 4.6007416007707195e-06 167
1713862517710 4.645455824539771e-06 168
1713863164892 4.690198927820307e-06 169
1713863815646 4.734967305765165e-06 170
1713864455990 4.779757351490907e-06 171
1713865100046 4.82456545636854e-06 172
1713865749019 4.869388010314114e-06 173
1713866389940 4.91422140207901e-06 174
1713867047134 4.959062019542291e-06 175
1713867693403 5.0039062499999366e-06 176
1713868324746 5.048750480457838e-06 177
1713868972699 5.093591097920917e-06 178
1713869609826 5.138424489686014e-06 179
1713870254429 5.183247043631394e-06 180
1713870888620 5.228055148508962e-06 181
1713871539482 5.2728451942347425e-06 182
1713872172262 5.317613572179605e-06 183
1713872815548 5.3623566754601025e-06 184
1713873463974 5.407070899229348e-06 185
1713874105213 5.451752640966872e-06 186
1713874746716 5.496398300769295e-06 187
1713875396295 5.541004281640525e-06 188
1713876038239 5.58556698978099e-06 189
1713876689413 5.630082834877855e-06 190
1713877329848 5.674548230393643e-06 191
1713877973913 5.7189595938555e-06 192
1713878632029 5.7633133471440115e-06 193
1713879259543 5.8076059167808915e-06 194
1713879910555 5.851833734217767e-06 195
1713880537720 5.89599323612287e-06 196
1713881191879 5.940080864668543e-06 197
1713881825318 5.98409306781781e-06 198
1713882458138 6.028026299610372e-06 199
1713883110449 6.07187702044887e-06 200
1713883753314 6.115641697383337e-06 201
1713884398467 6.159316804396107e-06 202
1713885049910 6.2028988226862116e-06 203
1713885699121 6.246384240952474e-06 204
1713886341859 6.2897695556766016e-06 205
1713886990968 6.333051271405383e-06 206
1713887630258 6.376225901032304e-06 207
1713888293726 6.419289966078549e-06 208
1713888917603 6.462239996973213e-06 209
1713889563308 6.505072533332951e-06 210
1713890194418 6.547784124240408e-06 211
1713890846210 6.590371328523112e-06 212
1713891492576 6.632830715029487e-06 213
1713892125502 6.675158862906254e-06 214
1713892783168 6.71735236187361e-06 215
1713893423991 6.759407812500188e-06 216
1713894063067 6.801321826476779e-06 217
1713894715933 6.843091026889452e-06 218
1713895365940 6.884712048491675e-06 219
1713896033820 6.926181537974805e-06 220
1713896679190 6.967496154239634e-06 221
1713897326372 7.008652568664218e-06 222
1713897971129 7.049647465372391e-06 223
1713898614451 7.090477541501464e-06 224
1713899260027 7.1311395074677075e-06 225
1713899904030 7.171630087231799e-06 226
1713900544570 7.211946018562744e-06 227
1713901202372 7.252084053300043e-06 228
1713901839336 7.292040957616522e-06 229
1713902488575 7.331813512277691e-06 230
1713903132918 7.371398512902285e-06 231
1713903779772 7.410792770219196e-06 232
1713904433172 7.4499931103253975e-06 233
1713905068739 7.488996374941459e-06 234
1713905724556 7.527799421665453e-06 235
1713906364874 7.566399124227225e-06 236
1713907018713 7.604792372738489e-06 237
1713907658808 7.642976073945753e-06 238
1713908303361 7.680947151477158e-06 239
1713908945509 7.718702546091941e-06 240
1713909607020 7.756239215926781e-06 241
1713910259213 7.793554136739607e-06 242
1713910910325 7.830644302154789e-06 243
1713911568328 7.867506723904908e-06 244
1713912213947 7.904138432070282e-06 245
1713912869688 7.940536475320507e-06 246
1713913524154 7.976697921150381e-06 247
1713914175427 8.012619856116851e-06 248
1713914811134 8.048299386073526e-06 249
1713915469775 8.08373363640439e-06 250
1713916111081 8.11891975225514e-06 251
1713916812660 8.153854898762368e-06 252
1713917544399 8.188536261283547e-06 253
1713918274513 8.22296104562201e-06 254
1713919009829 8.257126478254093e-06 255
1713919735817 8.291029806550346e-06 256
1713920471310 8.3246682989992e-06 257
1713921198376 8.358039245426343e-06 258
1713921929307 8.391139957212457e-06 259
1713922658187 8.42396776751089e-06 260
1713923394641 8.45652003146184e-06 261
1713924121349 8.488794126405326e-06 262
1713924853514 8.520787452093437e-06 263
1713925575586 8.552497430898713e-06 264
1713926312502 8.583921508022227e-06 265
