1713748227369 5.319633238989374 0
1713748941555 5.31126270281232 1
1713749667275 5.305835865761923 2
1713750394693 5.299966051526692 3
1713751116500 5.299972203114758 4
1713751839465 5.293633582799331 5
1713752560005 5.289109025312507 6
1713753276211 5.285105421491291 7
1713754002105 5.2851864054151205 8
1713754717404 5.286349782477254 9
1713755456700 5.286842756297277 10
1713756170759 5.289404120134271 11
1713756887096 5.2862213415944055 12
1713757602442 5.285612353812093 13
1713758325566 5.28511866344058 14
1713759023063 5.282804670541183 15
1713759757402 5.286840863201929 16
1713760468981 5.2834440249463785 17
1713761188510 5.28407052224097 18
1713761896843 5.283910931452461 19
1713762625450 5.286549225449562 20
1713763330904 5.283068759285885 21
1713764051819 5.2818170792382695 22
1713764771652 5.282470094121021 23
1713765471369 5.282735220763994 24
1713766194913 5.283651303337968 25
1713766906361 5.284384579114292 26
1713767614261 5.281307828815087 27
1713768316018 5.27920173238153 28
1713769040108 5.282069350714269 29
1713769745811 5.277005755383035 30
1713770454454 5.278436353673106 31
1713771146272 5.277307691133541 32
1713771865656 5.275388581597286 33
1713772587604 5.2725934528786205 34
1713773321538 5.273689931501513 35
1713774043036 5.275839294428411 36
1713774777200 5.270175449226214 37
1713775511365 5.270038344289945 38
1713776235847 5.272895931549694 39
1713776961682 5.270753968669021 40
1713777689754 5.264544319199479 41
1713778403594 5.2655824604241745 42
1713779132994 5.261398637424344 43
1713779861489 5.269453004002571 44
1713780580805 5.261926077630209 45
1713781296388 5.258525241328322 46
1713782020476 5.261167691453643 47
1713782739352 5.258617523571719 48
1713783456172 5.251955792307854 49
1713784187009 5.252853052123733 50
1713784911638 5.250449730002361 51
1713785623189 5.247118151706198 52
1713786353113 5.245432520690172 53
1713787066474 5.247140719190888 54
1713787782963 5.233479056021442 55
1713788488485 5.241474843543509 56
1713789220409 5.237351013914399 57
1713789935051 5.228773884151293 58
1713790642284 5.2269598452941235 59
1713791356876 5.231772161048392 60
1713792072763 5.230503494324892 61
1713792791231 5.226042481220287 62
1713793525049 5.224279060959816 63
1713794237408 5.215360879898071 64
1713794964600 5.20922728854677 65
1713795677659 5.216075985975888 66
1713796394910 5.209328289265218 67
1713797125551 5.209615764410599 68
1713797843441 5.206261139848958 69
1713798568464 5.199139032674872 70
1713799303621 5.199325249894805 71
1713800030620 5.190836625254673 72
1713800749532 5.195085833901945 73
1713801468386 5.1820690631866455 74
1713802210567 5.189961730785992 75
1713802910201 5.189142809613891 76
1713803657301 5.175512480347053 77
1713804350483 5.179144837934038 78
1713804982580 5.168804501061854 79
1713805633887 5.176554116865863 80
1713806278800 5.177508665167767 81
1713806920637 5.161204904965732 82
1713807567294 5.1542492184949955 83
1713808204667 5.164553421347038 84
1713808848792 5.151221355666285 85
1713809483342 5.152821067882621 86
1713810128561 5.14749169997547 87
1713810766784 5.148804485797882 88
1713811415520 5.142237398611463 89
1713812059870 5.143494829535484 90
1713812696914 5.132199371638506 91
1713813350468 5.121316125859385 92
1713813998048 5.120233977618425 93
1713814624492 5.1180233767499095 94
1713815280546 5.1021363443654515 95
1713815925417 5.113226190209389 96
1713816579402 5.096049100808475 97
1713817239949 5.106481408295424 98
1713817893540 5.097795225355936 99
1713818550307 5.103224019641462 100
1713819202165 5.075800234856813 101
1713819871234 5.090790998676549 102
1713820547544 5.097413092527701 103
1713821199430 5.085162892289784 104
1713821836911 5.077015746546828 105
1713822475997 5.067298964313839 106
1713823122635 5.073041918485061 107
1713823773965 5.0577873211839925 108
1713824404896 5.065548969999604 109
1713825058493 5.050366818257 110
1713825701966 5.057626178083212 111
1713826332887 5.055009486882583 112
1713826986443 5.032260747707409 113
1713827631461 5.044129366460054 114
1713828271148 5.016744686857514 115
1713828913651 5.0331174080138625 116
1713829571277 5.018577569528766 117
1713830223813 5.019184953492621 118
1713830857747 5.029402441304663 119
1713831503114 5.000965634117955 120
1713832139350 5.010554222309071 121
1713832787956 5.019597126413947 122
1713833433945 5.008879814134992 123
1713834068144 4.994250079859858 124
1713834722494 4.991559672290864 125
1713835363392 4.991446522266968 126
1713835994141 4.995315682304942 127
1713836638116 4.9696392763568005 128
1713837286322 4.96926697505557 129
1713837911476 4.968712584803933 130
1713838555016 4.966478202006091 131
1713839203296 4.958925316839115 132
1713839858554 4.950845339375993 133
1713840509677 4.947753735858461 134
1713841158936 4.945808031312797 135
1713841801880 4.922246712381425 136
1713842444745 4.944273842741614 137
1713843099221 4.9277020883948905 138
1713843743271 4.9222493025919665 139
1713844390099 4.919661680317444 140
1713845029309 4.912162180504073 141
1713845679597 4.891631421835526 142
1713846322753 4.907010169780773 143
1713846975838 4.873129376898641 144
1713847620207 4.909759533470091 145
1713848263330 4.885811541715394 146
1713848907996 4.892955286023409 147
1713849558640 4.858438654762248 148
1713850202689 4.877470883986224 149
1713850853224 4.85846928992997 150
1713851495996 4.851531990520332 151
1713852141354 4.847099279579909 152
1713852793753 4.82759837773831 153
1713853440194 4.822337799098181 154
1713854089300 4.805963894271332 155
1713854731297 4.832477800548077 156
1713855396897 4.8316991636934485 157
1713856042550 4.814495678505172 158
1713856688259 4.823480966298477 159
1713857333637 4.7870135329987695 160
1713857980128 4.7894144343293235 161
1713858626031 4.811815988758336 162
1713859282167 4.78681924485642 163
1713859929624 4.79851566190305 164
1713860572016 4.7807513822032055 165
1713861210292 4.756778714449509 166
1713861870677 4.745746202442957 167
1713862517712 4.724983424920103 168
1713863164894 4.727627484370833 169
1713863815651 4.755475165079469 170
1713864455995 4.747951536074929 171
1713865100050 4.723975761105185 172
1713865749023 4.706255900795045 173
1713866389944 4.696653849080853 174
1713867047138 4.7042970838754075 175
1713867693407 4.695213593218638 176
1713868324750 4.679152110996454 177
1713868972701 4.680971088940683 178
1713869609830 4.688706911452439 179
1713870254433 4.66504376705574 180
1713870888622 4.665737096382224 181
1713871539487 4.670439993233784 182
1713872172264 4.648436259964238 183
1713872815550 4.661404037281223 184
1713873463978 4.645519912242889 185
1713874105217 4.660583457221156 186
1713874746720 4.655501799738926 187
1713875396299 4.621176476711812 188
1713876038244 4.6172108838091726 189
1713876689417 4.619347675662974 190
1713877329849 4.62258201578389 191
1713877973918 4.579403274733087 192
1713878632033 4.626513892217822 193
1713879259547 4.561481866499652 194
1713879910557 4.566494628139164 195
1713880537721 4.567057086397773 196
1713881191883 4.571012116968632 197
1713881825320 4.571013666365458 198
1713882458143 4.561927843676961 199
1713883110452 4.588602158686389 200
1713883753316 4.546579124810903 201
1713884398469 4.558972506095534 202
1713885049914 4.549435038281524 203
1713885699125 4.521036597049755 204
1713886341860 4.5030925601072935 205
1713886990972 4.515497330090274 206
1713887630260 4.517048600575198 207
1713888293730 4.5027259633592935 208
1713888917605 4.495728623607884 209
1713889563312 4.512891157489756 210
1713890194422 4.525239026092964 211
1713890846212 4.4886064075905345 212
1713891492580 4.51025498593631 213
1713892125506 4.496853552758694 214
1713892783173 4.484907486192558 215
1713893423993 4.480931440125341 216
1713894063071 4.454117833596209 217
1713894715937 4.467219775461632 218
1713895365945 4.482469767008139 219
1713896033822 4.459080495264219 220
1713896679194 4.466348476383997 221
1713897326377 4.395435945495315 222
1713897971131 4.4476576881564185 223
1713898614455 4.4228824357623635 224
1713899260029 4.437073893845081 225
1713899904033 4.4340014162918795 226
1713900544574 4.4323691822912386 227
1713901202376 4.405765779964302 228
1713901839341 4.409594536475513 229
1713902488579 4.375526461912238 230
1713903132922 4.416612992468088 231
1713903779773 4.382482358942861 232
1713904433176 4.369685943683852 233
1713905068741 4.374249158994012 234
1713905724560 4.3562334973527035 235
1713906364879 4.406006815964761 236
1713907018716 4.356609454945378 237
1713907658812 4.384312213762946 238
1713908303366 4.350728069634541 239
1713908945511 4.358999547751053 240
1713909607024 4.346121662336847 241
1713910259215 4.323890888172647 242
1713910910329 4.311295823234579 243
1713911568332 4.332454936659855 244
1713912213950 4.356943189773871 245
1713912869690 4.330275484725185 246
1713913524155 4.302834101669166 247
1713914175431 4.2955793385272445 248
1713914811139 4.3154178857803345 249
1713915469779 4.292707066497077 250
1713916111085 4.308749562372332 251
1713916812661 4.288539476368738 252
1713917544402 4.2706901716149375 253
1713918274517 4.2863982744191 254
1713919009833 4.217705594456715 255
1713919735821 4.309629622684873 256
1713920471313 4.286411874644134 257
1713921198379 4.257073669653872 258
1713921929309 4.232446566224098 259
1713922658191 4.256924736111061 260
1713923394643 4.256530061040236 261
1713924121352 4.236709761230842 262
1713924853518 4.236862784170586 263
1713925575591 4.233940996229649 264
1713926312504 4.2149481449438175 265
