1710720200165 0.0 0
1710720305993 1.0 1
1710720412339 2.0 2
1710720516448 3.0 3
1710720619588 4.0 4
1710720719142 5.0 5
1710720822615 6.0 6
1710720928788 7.0 7
1710721035150 8.0 8
1710721142122 9.0 9
1710721245989 10.0 10
1710721346741 11.0 11
1710721447136 12.0 12
1710721551917 13.0 13
1710721657372 14.0 14
1710721761934 15.0 15
1710721864729 16.0 16
1710721964960 17.0 17
1710722065286 18.0 18
1710722166368 19.0 19
1710722269828 20.0 20
1710722374717 21.0 21
1710722481684 22.0 22
1710722591106 23.0 23
1710722701263 24.0 24
1710722809698 25.0 25
1710722916741 26.0 26
1710723022567 27.0 27
1710723126079 28.0 28
1710723228884 29.0 29
1710723329661 30.0 30
1710723425573 31.0 31
1710723525448 32.0 32
1710723630849 33.0 33
1710723736503 34.0 34
1710723839613 35.0 35
1710723939796 36.0 36
1710724037668 37.0 37
1710724139093 38.0 38
1710724241362 39.0 39
1710724345238 40.0 40
1710724450303 41.0 41
1710724556305 42.0 42
1710724658148 43.0 43
1710724755700 44.0 44
1710724855945 45.0 45
1710724958046 46.0 46
1710725060598 47.0 47
1710725163243 48.0 48
1710725266074 49.0 49
1710725370631 50.0 50
1710725475686 51.0 51
1710725583544 52.0 52
1710725690991 53.0 53
1710725796158 54.0 54
1710725901556 55.0 55
1710726008261 56.0 56
1710726115457 57.0 57
1710726224010 58.0 58
1710726331368 59.0 59
1710726437697 60.0 60
1710726541584 61.0 61
1710726644555 62.0 62
1710726745288 63.0 63
1710726847943 64.0 64
1710726951911 65.0 65
1710727057433 66.0 66
1710727164644 67.0 67
1710727270547 68.0 68
1710727373852 69.0 69
1710727478296 70.0 70
1710727583812 71.0 71
1710727690833 72.0 72
1710727795782 73.0 73
1710727898683 74.0 74
1710728002164 75.0 75
1710728107244 76.0 76
1710728214379 77.0 77
1710728321745 78.0 78
1710728428347 79.0 79
1710728533604 80.0 80
1710728638414 81.0 81
1710728742833 82.0 82
1710728846440 83.0 83
1710728950204 84.0 84
1710729055098 85.0 85
1710729161016 86.0 86
1710729269129 87.0 87
1710729377097 88.0 88
1710729485046 89.0 89
1710729592911 90.0 90
1710729697717 91.0 91
1710729799386 92.0 92
1710729900890 93.0 93
1710730002338 94.0 94
1710730106165 95.0 95
1710730212921 96.0 96
1710730321119 97.0 97
1710730430333 98.0 98
1710730539524 99.0 99
1710730647110 100.0 100
1710730751871 101.0 101
1710730855993 102.0 102
1710730958543 103.0 103
1710731059477 104.0 104
1710731159780 105.0 105
1710731263025 106.0 106
1710731367540 107.0 107
1710731471261 108.0 108
1710731569762 109.0 109
1710731663595 110.0 110
1710731764278 111.0 111
1710731866362 112.0 112
1710731969246 113.0 113
1710732072738 114.0 114
1710732172128 115.0 115
1710732260598 116.0 116
1710732352212 117.0 117
1710732450094 118.0 118
1710732552269 119.0 119
1710732651006 120.0 120
1710732749758 121.0 121
1710732847717 122.0 122
1710732942582 123.0 123
1710733038825 124.0 124
1710733143013 125.0 125
1710733247177 126.0 126
1710733351154 127.0 127
1710733455182 128.0 128
1710733557205 129.0 129
1710733655672 130.0 130
1710733751425 131.0 131
1710733853188 132.0 132
1710733957858 133.0 133
1710734063047 134.0 134
1710734167439 135.0 135
1710734265516 136.0 136
1710734365163 137.0 137
1710734467864 138.0 138
1710734572434 139.0 139
1710734676734 140.0 140
1710734783784 141.0 141
1710734891636 142.0 142
1710735001071 143.0 143
1710735109283 144.0 144
1710735215190 145.0 145
1710735320850 146.0 146
1710735422918 147.0 147
1710735522066 148.0 148
1710735622446 149.0 149
1710735724265 150.0 150
1710735828668 151.0 151
1710735935283 152.0 152
1710736040634 153.0 153
1710736145119 154.0 154
1710736250516 155.0 155
1710736355886 156.0 156
1710736462428 157.0 157
1710736566144 158.0 158
1710736668128 159.0 159
1710736772071 160.0 160
1710736875238 161.0 161
1710736981312 162.0 162
1710737088337 163.0 163
1710737195296 164.0 164
1710737301228 165.0 165
1710737406476 166.0 166
1710737511523 167.0 167
1710737615369 168.0 168
1710737720057 169.0 169
1710737825357 170.0 170
1710737931000 171.0 171
1710738038778 172.0 172
1710738148069 173.0 173
1710738256078 174.0 174
1710738363654 175.0 175
1710738467936 176.0 176
1710738570546 177.0 177
1710738673078 178.0 178
1710738775281 179.0 179
1710738880193 180.0 180
1710738987021 181.0 181
1710739094307 182.0 182
1710739204024 183.0 183
1710739312479 184.0 184
1710739420734 185.0 185
1710739526902 186.0 186
1710739631606 187.0 187
1710739734413 188.0 188
1710739836290 189.0 189
1710739936894 190.0 190
1710740039652 191.0 191
1710740143618 192.0 192
1710740248488 193.0 193
1710740353437 194.0 194
1710740452396 195.0 195
1710740549228 196.0 196
1710740649910 197.0 197
1710740751940 198.0 198
1710740854956 199.0 199
1710740958390 200.0 200
1710741064576 201.0 201
1710741171532 202.0 202
1710741275774 203.0 203
1710741378127 204.0 204
1710741479347 205.0 205
1710741582018 206.0 206
1710741686709 207.0 207
1710741792999 208.0 208
1710741900225 209.0 209
1710742007872 210.0 210
1710742116522 211.0 211
1710742223451 212.0 212
1710742328999 213.0 213
1710742433357 214.0 214
1710742536176 215.0 215
1710742636906 216.0 216
1710742735275 217.0 217
1710742839215 218.0 218
1710742945052 219.0 219
1710743050610 220.0 220
1710743154483 221.0 221
1710743256859 222.0 222
1710743359655 223.0 223
1710743463865 224.0 224
1710743568740 225.0 225
1710743674395 226.0 226
1710743779733 227.0 227
1710743885555 228.0 228
1710743991436 229.0 229
1710744098433 230.0 230
1710744204172 231.0 231
1710744308011 232.0 232
1710744409886 233.0 233
1710744512553 234.0 234
1710744616138 235.0 235
1710744720362 236.0 236
