1710720200166 6993608.0 0
1710720305993 6993608.0 1
1710720412339 6993608.0 2
1710720516449 6993608.0 3
1710720619590 6993608.0 4
1710720719143 6993608.0 5
1710720822615 6993608.0 6
1710720928789 6993608.0 7
1710721035151 6993608.0 8
1710721142123 6993608.0 9
1710721245990 6993608.0 10
1710721346742 6993608.0 11
1710721447136 6993608.0 12
1710721551917 6993608.0 13
1710721657373 6993608.0 14
1710721761935 6993608.0 15
1710721864731 6993608.0 16
1710721964960 6993608.0 17
1710722065288 6993608.0 18
1710722166369 6993608.0 19
1710722269828 6993608.0 20
1710722374718 6993608.0 21
1710722481686 6993608.0 22
1710722591107 6993608.0 23
1710722701264 6993608.0 24
1710722809699 6993608.0 25
1710722916741 6993608.0 26
1710723022568 6993608.0 27
1710723126080 6993608.0 28
1710723228884 6993608.0 29
1710723329662 6993608.0 30
1710723425574 6993608.0 31
1710723525449 6993608.0 32
1710723630850 6993608.0 33
1710723736503 6993608.0 34
1710723839614 6993608.0 35
1710723939797 6993608.0 36
1710724037669 6993608.0 37
1710724139094 6993608.0 38
1710724241362 6993608.0 39
1710724345239 6993608.0 40
1710724450305 6993608.0 41
1710724556306 6993608.0 42
1710724658150 6993608.0 43
1710724755700 6993608.0 44
1710724855946 6993608.0 45
1710724958047 6993608.0 46
1710725060600 6993608.0 47
1710725163245 6993608.0 48
1710725266075 6993608.0 49
1710725370632 6993608.0 50
1710725475687 6993608.0 51
1710725583545 6993608.0 52
1710725690993 6993608.0 53
1710725796159 6993608.0 54
1710725901557 6993608.0 55
1710726008263 6993608.0 56
1710726115457 6993608.0 57
1710726224011 6993608.0 58
1710726331370 6993608.0 59
1710726437698 6993608.0 60
1710726541584 6993608.0 61
1710726644556 6993608.0 62
1710726745290 6993608.0 63
1710726847944 6993608.0 64
1710726951911 6993608.0 65
1710727057433 6993608.0 66
1710727164645 6993608.0 67
1710727270548 6993608.0 68
1710727373852 6993608.0 69
1710727478298 6993608.0 70
1710727583812 6993608.0 71
1710727690835 6993608.0 72
1710727795783 6993608.0 73
1710727898684 6993608.0 74
1710728002165 6993608.0 75
1710728107245 6993608.0 76
1710728214381 6993608.0 77
1710728321746 6993608.0 78
1710728428349 6993608.0 79
1710728533606 6993608.0 80
1710728638416 6993608.0 81
1710728742835 6993608.0 82
1710728846442 6993608.0 83
1710728950205 6993608.0 84
1710729055099 6993608.0 85
1710729161017 6993608.0 86
1710729269129 6993608.0 87
1710729377098 6993608.0 88
1710729485047 6993608.0 89
1710729592912 6993608.0 90
1710729697718 6993608.0 91
1710729799388 6993608.0 92
1710729900891 6993608.0 93
1710730002339 6993608.0 94
1710730106167 6993608.0 95
1710730212923 6993608.0 96
1710730321120 6993608.0 97
1710730430333 6993608.0 98
1710730539525 6993608.0 99
1710730647110 6993608.0 100
1710730751871 6993608.0 101
1710730855994 6993608.0 102
1710730958544 6993608.0 103
1710731059479 6993608.0 104
1710731159782 6993608.0 105
1710731263027 6993608.0 106
1710731367540 6993608.0 107
1710731471262 6993608.0 108
1710731569762 6993608.0 109
1710731663596 6993608.0 110
1710731764279 6993608.0 111
1710731866363 6993608.0 112
1710731969247 6993608.0 113
1710732072739 6993608.0 114
1710732172129 6993608.0 115
1710732260598 6993608.0 116
1710732352213 6993608.0 117
1710732450096 6993608.0 118
1710732552270 6993608.0 119
1710732651007 6993608.0 120
1710732749759 6993608.0 121
1710732847718 6993608.0 122
1710732942583 6993608.0 123
1710733038827 6993608.0 124
1710733143014 6993608.0 125
1710733247178 6993608.0 126
1710733351156 6993608.0 127
1710733455183 6993608.0 128
1710733557205 6993608.0 129
1710733655673 6993608.0 130
1710733751426 6993608.0 131
1710733853189 6993608.0 132
1710733957859 6993608.0 133
1710734063048 6993608.0 134
1710734167441 6993608.0 135
1710734265516 6993608.0 136
1710734365165 6993608.0 137
1710734467864 6993608.0 138
1710734572436 6993608.0 139
1710734676735 6993608.0 140
1710734783786 6993608.0 141
1710734891637 6993608.0 142
1710735001072 6993608.0 143
1710735109284 6993608.0 144
1710735215192 6993608.0 145
1710735320851 6993608.0 146
1710735422918 6993608.0 147
1710735522067 6993608.0 148
1710735622446 6993608.0 149
1710735724267 6993608.0 150
1710735828668 6993608.0 151
1710735935284 6993608.0 152
1710736040635 6993608.0 153
1710736145120 6993608.0 154
1710736250516 6993608.0 155
1710736355887 6993608.0 156
1710736462429 6993608.0 157
1710736566145 6993608.0 158
1710736668128 6993608.0 159
1710736772072 6993608.0 160
1710736875239 6993608.0 161
1710736981313 6993608.0 162
1710737088338 6993608.0 163
1710737195298 6993608.0 164
1710737301229 6993608.0 165
1710737406477 6993608.0 166
1710737511524 6993608.0 167
1710737615370 6993608.0 168
1710737720058 6993608.0 169
1710737825357 6993608.0 170
1710737931000 6993608.0 171
1710738038779 6993608.0 172
1710738148070 6993608.0 173
1710738256079 6993608.0 174
1710738363656 6993608.0 175
1710738467937 6993608.0 176
1710738570547 6993608.0 177
1710738673079 6993608.0 178
1710738775282 6993608.0 179
1710738880194 6993608.0 180
1710738987021 6993608.0 181
1710739094308 6993608.0 182
1710739204026 6993608.0 183
1710739312480 6993608.0 184
1710739420736 6993608.0 185
1710739526904 6993608.0 186
1710739631606 6993608.0 187
1710739734414 6993608.0 188
1710739836291 6993608.0 189
1710739936895 6993608.0 190
1710740039652 6993608.0 191
1710740143618 6993608.0 192
1710740248489 6993608.0 193
1710740353439 6993608.0 194
1710740452398 6993608.0 195
1710740549230 6993608.0 196
1710740649910 6993608.0 197
1710740751942 6993608.0 198
1710740854957 6993608.0 199
1710740958391 6993608.0 200
1710741064578 6993608.0 201
1710741171533 6993608.0 202
1710741275775 6993608.0 203
1710741378128 6993608.0 204
1710741479349 6993608.0 205
1710741582019 6993608.0 206
1710741686710 6993608.0 207
1710741793000 6993608.0 208
1710741900226 6993608.0 209
1710742007873 6993608.0 210
1710742116524 6993608.0 211
1710742223452 6993608.0 212
1710742329000 6993608.0 213
1710742433358 6993608.0 214
1710742536177 6993608.0 215
1710742636907 6993608.0 216
1710742735275 6993608.0 217
1710742839216 6993608.0 218
1710742945052 6993608.0 219
1710743050611 6993608.0 220
1710743154484 6993608.0 221
1710743256859 6993608.0 222
1710743359657 6993608.0 223
1710743463866 6993608.0 224
1710743568741 6993608.0 225
1710743674396 6993608.0 226
1710743779734 6993608.0 227
1710743885556 6993608.0 228
1710743991437 6993608.0 229
1710744098434 6993608.0 230
1710744204172 6993608.0 231
1710744308011 6993608.0 232
1710744409887 6993608.0 233
1710744512554 6993608.0 234
1710744616140 6993608.0 235
1710744720363 6993608.0 236
