1710720200162 9.999999999999978e-07 0
1710720305989 9.999999999999978e-07 1
1710720412335 0.00012579999999999978 2
1710720516444 0.000250599999999999 3
1710720619579 0.00037539999999999915 4
1710720719138 0.0005002000000000016 5
1710720822610 0.0006247629286440235 6
1710720928782 0.0006246586365508085 7
1710721035146 0.0006245353974660415 8
1710721142118 0.0006243932189916906 9
1710721245985 0.0006242321098980059 10
1710721346737 0.0006240520801229361 11
1710721447132 0.0006238531407715815 12
1710721551913 0.0006236353041154488 13
1710721657368 0.0006233985835917287 14
1710721761929 0.0006231429938024669 15
1710721864717 0.0006228685505136371 16
1710721964956 0.000622575270654204 17
1710722065274 0.0006222631723150359 18
1710722166364 0.0006219322747478413 19
1710722269824 0.0006215825983639365 20
1710722374711 0.0006212141647330031 21
1710722481673 0.00062082699658177 22
1710722591094 0.0006204211177925919 23
1710722701257 0.0006199965534019849 24
1710722809694 0.000619553329599069 25
1710722916736 0.0006190914737239929 26
1710723022553 0.0006186110142661912 27
1710723126075 0.0006181119808626733 28
1710723228879 0.000617594404296165 29
1710723329658 0.0006170583164932273 30
1710723425562 0.0006165037505222868 31
1710723525441 0.0006159307405915756 32
1710723630844 0.0006153393220470518 33
1710723736498 0.0006147295313701961 34
1710723839609 0.0006141014061757756 35
1710723939790 0.0006134549852094966 36
1710724037663 0.0006127903083456575 37
1710724139080 0.0006121074165846602 38
1710724241358 0.0006114063520504845 39
1710724345225 0.0006106871579880934 40
1710724450292 0.000609949878760758 41
1710724556297 0.0006091945598473426 42
1710724658136 0.0006084212478394693 43
1710724755695 0.0006076299904386708 44
1710724855933 0.0006068208364534254 45
1710724958039 0.0006059938357961646 46
1710725060586 0.000605149039480183 47
1710725163231 0.0006042864996164996 48
1710725266065 0.0006034062694106364 49
1710725370627 0.0006025084031593379 50
1710725475680 0.0006015929562472192 51
1710725583538 0.0006006599851433631 52
1710725690978 0.0005997095473978251 53
1710725796153 0.0005987417016380709 54
1710725901552 0.0005977565075653981 55
1710726008251 0.0005967540259512146 56
1710726115452 0.000595734318633301 57
1710726224007 0.0005946974485120137 58
1710726331356 0.0005936434795463905 59
1710726437685 0.0005925724767501941 60
1710726541580 0.0005914845061879249 61
1710726644551 0.0005903796349707305 62
1710726745277 0.0005892579312522755 63
1710726847930 0.0005881194642245212 64
1710726951905 0.0005869643041134899 65
1710727057428 0.0005857925221748873 66
1710727164631 0.0005846041906897441 67
1710727270543 0.0005833993829599497 68
1710727373847 0.0005821781733037112 69
1710727478284 0.0005809406370510011 70
1710727583808 0.0005796868505388845 71
1710727690821 0.0005784168911068117 72
1710727795778 0.0005771308370918673 73
1710727898679 0.0005758287678239261 74
1710728002160 0.0005745107636207405 75
1710728107240 0.0005731769057830307 76
1710728214368 0.0005718272765894287 77
1710728321741 0.0005704619592914153 78
1710728428338 0.0005690810381081959 79
1710728533592 0.0005676845982214893 80
1710728638402 0.0005662727257702973 81
1710728742821 0.0005648455078455515 82
1710728846428 0.0005634030324847819 83
1710728950199 0.0005619453886666615 84
1710729055092 0.0005604726663055268 85
1710729161012 0.0005589849562458301 86
1710729269125 0.0005574823502565343 87
1710729377090 0.0005559649410254613 88
1710729485040 0.000554432822153557 89
1710729592903 0.000552886088149126 90
1710729697713 0.0005513248344220095 91
1710729799375 0.0005497491572776932 92
1710729900886 0.0005481591539113656 93
1710730002334 0.0005465549224019235 94
1710730106154 0.0005449365617059235 95
1710730212909 0.000543304171651475 96
1710730321108 0.0005416578529320859 97
1710730430329 0.0005399977071004481 98
1710730539520 0.0005383238365621783 99
1710730647105 0.0005366363445695016 100
1710730751867 0.0005349353352148657 101
1710730855989 0.0005332209134245357 102
1710730958539 0.0005314931849521352 103
1710731059465 0.0005297522563720883 104
1710731159768 0.000527998235073073 105
1710731263013 0.0005262312292513804 106
1710731367534 0.0005244513479042561 107
1710731471257 0.000522658700823163 108
1710731569757 0.0005208533985870251 109
1710731663583 0.0005190355525553774 110
1710731764272 0.00051720527486153 111
1710731866358 0.0005153626784056382 112
1710731969243 0.0005135078768477204 113
1710732072731 0.0005116409846006853 114
1710732172124 0.0005097621168232287 115
1710732260594 0.0005078713894127731 116
1710732352200 0.0005059689189982898 117
1710732450082 0.0005040548229331144 118
1710732552265 0.0005021292192877076 119
1710732650997 0.0005001922268423756 120
1710732749754 0.0004982439650799373 121
1710732847704 0.0004962845541783464 122
1710732942579 0.0004943141150033081 123
1710733038819 0.000492332769100785 124
1710733143000 0.0004903406386895285 125
1710733247173 0.0004883378466535293 126
1710733351138 0.0004863245165344238 127
1710733455177 0.0004843007725239092 128
1710733557201 0.0004822667394560424 129
1710733655667 0.00048022254279956233 130
1710733751421 0.00047816830865015297 131
1710733853182 0.0004761041637226516 132
1710733957845 0.0004740302353432404 133
1710734063040 0.00047194665144158616 134
1710734167428 0.0004698535405429641 135
1710734265510 0.0004677510317603142 136
1710734365152 0.00046563925478627824 137
1710734467859 0.0004635183398852085 138
1710734572424 0.0004613884178851263 139
1710734676727 0.00045924962016965565 140
1710734783776 0.0004571020786699097 141
1710734891632 0.0004549459258563708 142
1710735001065 0.0004527812947306936 143
1710735109279 0.00045060831881752806 144
1710735215178 0.00044842713215625945 145
1710735320839 0.00044623786929275984 146
1710735422914 0.0004440406652710711 147
1710735522062 0.0004418356556250885 148
1710735622442 0.00043962297637019403 149
1710735724253 0.00043740276399486947 150
1710735828664 0.00043517515545226667 151
1710735935278 0.00043294028815177337 152
1710736040626 0.0004306982999505386 153
1710736145115 0.00042844932914494927 154
1710736250511 0.00042619351446212145 155
1710736355882 0.0004239309950513304 156
1710736462423 0.00042166191047542654 157
1710736566141 0.00041938640070224184 158
1710736668124 0.00041710460609593045 159
1710736772058 0.00041481666740833653 160
1710736875231 0.0004125227257702952 161
1710736981307 0.000410222922682932 162
1710737088331 0.00040791740000893504 163
1710737195284 0.00040560629996379814 164
1710737301215 0.0004032897651070625 165
1710737406471 0.00040096793833351024 166
1710737511518 0.0003986409628643509 167
1710737615363 0.0003963089822383982 168
1710737720052 0.0003939721403031922 169
1710737825352 0.000391630581206158 170
1710737930996 0.0003892844493856908 171
1710738038767 0.00038693388956224933 172
1710738148062 0.0003845790467294361 173
1710738256074 0.00038222006614505066 174
1710738363643 0.00037985709332212644 175
1710738467932 0.00037749027401995963 176
1710738570542 0.00037511975423511163 177
1710738673074 0.0003727456801924085 178
1710738775270 0.000370368198335919 179
1710738880189 0.000367987455319926 180
1710738987017 0.00036560359799987145 181
1710739094301 0.0003632167734233037 182
1710739204012 0.0003608271288208079 183
1710739312475 0.0003584348115969141 184
1710739420722 0.0003560399693210233 185
1710739526892 0.0003536427497182837 186
1710739631602 0.0003512433006604972 187
1710739734410 0.00034884177015697695 188
1710739836283 0.00034643830634544474 189
1710739936891 0.00034403305748286064 190
1710740039648 0.0003416261719363115 191
1710740143614 0.0003392177981738349 192
1710740248484 0.00033680808475526484 193
1710740353427 0.0003343971803230764 194
1710740452386 0.00033198523359321446 195
1710740549217 0.00032957239334591295 196
1710740649905 0.00032715880841652364 197
1710740751930 0.0003247446276863352 198
1710740854951 0.0003223300000733832 199
1710740958381 0.00031991507452327995 200
1710741064569 0.00031749999999999877 201
1710741171529 0.0003150849254767218 202
1710741275770 0.0003126699999266152 203
1710741378117 0.0003102553723136633 204
1710741479337 0.00030784119158347483 205
1710741582012 0.0003054276066540855 206
1710741686701 0.0003030147664067841 207
1710741792987 0.00030060281967692217 208
1710741900220 0.00029819191524473694 209
1710742007867 0.00029578220182616675 210
1710742116510 0.00029337382806368705 211
1710742223447 0.00029096694251713783 212
1710742328995 0.00028856169365455703 213
1710742433353 0.0002861582298430214 214
1710742536173 0.00028375669933950436 215
1710742636902 0.000281357250281715 216
1710742735270 0.0002789600306789755 217
1710742839211 0.0002765651884030847 218
1710742945048 0.00027417287117919393 219
1710743050605 0.00027178322657669734 220
1710743154478 0.00026939640200012794 221
1710743256854 0.0002670125446800754 222
1710743359645 0.00026463180166408194 223
1710743463854 0.0002622543198075935 224
1710743568736 0.0002598802457648899 225
1710743674391 0.0002575097259800411 226
1710743779728 0.000255142906677872 227
1710743885551 0.0002527799338549482 228
1710743991432 0.0002504209532705628 229
1710744098429 0.00024806611043774973 230
1710744204168 0.00024571555061430965 231
1710744308007 0.00024336941879384022 232
1710744409883 0.00024102785969680663 233
1710744512549 0.00023869101776160387 234
1710744616125 0.00023635903713564737 235
1710744720354 0.00023403206166648898 236
