1710720200163 5.336987192216127 0
1710720305990 5.324958466965219 1
1710720412336 5.353505888710851 2
1710720516446 5.334841673788817 3
1710720619582 5.354117712248927 4
1710720719139 5.341259458790654 5
1710720822611 5.33457626985467 6
1710720928784 5.363948925681736 7
1710721035148 5.358612234177797 8
1710721142120 5.357627930848495 9
1710721245986 5.340373974779378 10
1710721346738 5.342156918152519 11
1710721447133 5.320242143195609 12
1710721551914 5.3186028340588445 13
1710721657369 5.306674591873003 14
1710721761931 5.3006197291871775 15
1710721864721 5.301534743412681 16
1710721964958 5.295945180499035 17
1710722065279 5.294876062351724 18
1710722166365 5.2919861492903335 19
1710722269825 5.292245841544608 20
1710722374713 5.283213405505471 21
1710722481677 5.282200727773749 22
1710722591098 5.282376952793287 23
1710722701259 5.280422301396079 24
1710722809695 5.288927943810172 25
1710722916737 5.272081084873365 26
1710723022558 5.268226877502773 27
1710723126077 5.267138061316117 28
1710723228880 5.267839245174242 29
1710723329659 5.261303494805875 30
1710723425566 5.260774925999019 31
1710723525443 5.266909702964451 32
1710723630846 5.2562630461609885 33
1710723736500 5.265401910180631 34
1710723839610 5.244733206603838 35
1710723939792 5.249472978322403 36
1710724037664 5.24897199091704 37
1710724139084 5.250416745310244 38
1710724241359 5.23466550267261 39
1710724345230 5.237401410289433 40
1710724450296 5.235427840896275 41
1710724556299 5.231309007043424 42
1710724658140 5.238745645336483 43
1710724755697 5.2129480190899065 44
1710724855937 5.214922915334287 45
1710724958041 5.207956606927126 46
1710725060590 5.207277650418489 47
1710725163235 5.204175783240276 48
1710725266068 5.18816426007644 49
1710725370629 5.182955112146295 50
1710725475682 5.175171245699343 51
1710725583540 5.1782309361126115 52
1710725690983 5.166060769039651 53
1710725796155 5.181576275307199 54
1710725901554 5.160050187421882 55
1710726008254 5.151365925436434 56
1710726115454 5.159801514252372 57
1710726224008 5.142766180245773 58
1710726331360 5.157210873520893 59
1710726437689 5.1502443914828095 60
1710726541581 5.144405901432037 61
1710726644552 5.132060364536617 62
1710726745281 5.139262756575709 63
1710726847934 5.104976690333823 64
1710726951907 5.128609322983285 65
1710727057430 5.115351526633553 66
1710727164635 5.1079964845076855 67
1710727270544 5.115345387355141 68
1710727373849 5.09060495832692 69
1710727478288 5.089814009873764 70
1710727583809 5.078215790831524 71
1710727690826 5.084537508695022 72
1710727795779 5.083572004152381 73
1710727898681 5.06456388597903 74
1710728002162 5.0590205399886425 75
1710728107242 5.094493814136671 76
1710728214372 5.057032056476759 77
1710728321742 5.081413782161215 78
1710728428341 5.044664071953815 79
1710728533597 5.06136311137158 80
1710728638406 5.04033688099488 81
1710728742825 5.051400596680849 82
1710728846432 5.036136331765548 83
1710728950200 5.042229338832524 84
1710729055094 5.050522560658663 85
1710729161013 5.00741727196652 86
1710729269126 5.025338162546572 87
1710729377092 5.017880476039389 88
1710729485042 5.001281352146812 89
1710729592905 5.00945963807728 90
1710729697715 5.014854954636616 91
1710729799379 4.9736255536908685 92
1710729900887 5.0026162318561385 93
1710730002336 4.994840907013935 94
1710730106158 4.997007473655369 95
1710730212914 4.995789797409721 96
1710730321112 4.989039776117905 97
1710730430330 4.984960190627886 98
1710730539522 4.990393172139707 99
1710730647107 4.967806909395301 100
1710730751868 4.947306570799454 101
1710730855991 4.9682769930881 102
1710730958540 4.9855054072711775 103
1710731059469 4.967807720536771 104
1710731159772 4.967715006807576 105
1710731263016 4.953354589317156 106
1710731367536 4.962431231270665 107
1710731471258 4.977348708588144 108
1710731569759 4.943841752798661 109
1710731663588 4.938561411007591 110
1710731764274 4.944646166718525 111
1710731866360 4.97225245444671 112
1710731969244 4.9446365677792095 113
1710732072733 4.914552870004074 114
1710732172125 4.938293021658192 115
1710732260595 4.920651731283768 116
1710732352204 4.915383561797764 117
1710732450087 4.916275003682012 118
1710732552266 4.9238081237544185 119
1710732651000 4.900265444879946 120
1710732749755 4.927854307319807 121
1710732847708 4.910432222096817 122
1710732942580 4.934983639613442 123
1710733038821 4.896729028743247 124
1710733143004 4.890268758587215 125
1710733247174 4.913747733053953 126
1710733351141 4.892297449319259 127
1710733455179 4.907026508580083 128
1710733557202 4.866582870483398 129
1710733655668 4.886605996152629 130
1710733751422 4.877721307070359 131
1710733853184 4.879442300485528 132
1710733957849 4.900060546139012 133
1710734063043 4.908752627994703 134
1710734167433 4.90856502107952 135
1710734265512 4.886166134606237 136
1710734365156 4.89130038022995 137
1710734467861 4.8410961239234265 138
1710734572427 4.884679364121479 139
1710734676729 4.83971086014872 140
1710734783779 4.860069031300752 141
1710734891633 4.870494578195655 142
1710735001067 4.875694204931674 143
1710735109281 4.863621685815894 144
1710735215182 4.887967622798422 145
1710735320842 4.855625813421995 146
1710735422915 4.867316303045853 147
1710735522064 4.866985331410947 148
1710735622443 4.841197332610255 149
1710735724257 4.849935402040896 150
1710735828665 4.875765266625778 151
1710735935279 4.831816510013912 152
1710736040628 4.844405596670897 153
1710736145117 4.828707231127697 154
1710736250512 4.840236819308737 155
1710736355883 4.827948847542638 156
1710736462425 4.826919534932012 157
1710736566142 4.8235360980033875 158
1710736668125 4.852172278839609 159
1710736772063 4.814446112383967 160
1710736875233 4.821502817713696 161
1710736981309 4.835309743881226 162
1710737088333 4.865273511928061 163
1710737195288 4.824941541837609 164
1710737301220 4.819547484750333 165
1710737406473 4.831340867540111 166
1710737511520 4.865990840870401 167
1710737615365 4.81554609277974 168
1710737720054 4.821512240430583 169
1710737825354 4.81312722745149 170
1710737930997 4.806864873222683 171
1710738038772 4.813901691333108 172
1710738148064 4.788883717163749 173
1710738256075 4.8080472997997115 174
1710738363647 4.805012692575869 175
1710738467933 4.766407005164934 176
1710738570543 4.787611847338469 177
1710738673076 4.816101865923923 178
1710738775273 4.794367112543272 179
1710738880190 4.766941666603088 180
1710738987018 4.777035910150279 181
1710739094303 4.791304552036783 182
1710739204016 4.765414734249529 183
1710739312476 4.764980465173721 184
1710739420726 4.760522050702053 185
1710739526895 4.783777853716975 186
1710739631603 4.778970316700313 187
1710739734411 4.7906139570733774 188
1710739836285 4.760312951129416 189
1710739936892 4.736878713835841 190
1710740039649 4.799412101507187 191
1710740143615 4.72628504426583 192
1710740248485 4.767460216646609 193
1710740353431 4.739080168630766 194
1710740452390 4.721481927063154 195
1710740549220 4.733384182919627 196
1710740649907 4.748069278571917 197
1710740751934 4.7415049127910445 198
1710740854952 4.741319690061652 199
1710740958384 4.761287269384964 200
1710741064571 4.710666748492614 201
1710741171530 4.728670695553655 202
1710741275771 4.717024011456448 203
1710741378120 4.7125460077887 204
1710741479341 4.706070211918457 205
1710741582014 4.6951041014298145 206
1710741686703 4.7575338716092315 207
1710741792991 4.681722885888556 208
1710741900222 4.710825856613076 209
1710742007869 4.7185884273570515 210
1710742116514 4.7088083287943965 211
1710742223449 4.721558306528174 212
1710742328996 4.660189063652702 213
1710742433354 4.708730534366939 214
1710742536174 4.746766701988552 215
1710742636904 4.669979138218838 216
1710742735271 4.704100813554681 217
1710742839213 4.7194438887679055 218
1710742945049 4.712661386831947 219
1710743050607 4.677585410035175 220
1710743154480 4.661508442267127 221
1710743256856 4.669150931679684 222
1710743359649 4.718130146679671 223
1710743463858 4.656653068635775 224
1710743568737 4.6475163931431975 225
1710743674392 4.628507917341978 226
1710743779730 4.63901357287946 227
1710743885552 4.673901005931523 228
1710743991434 4.664450223031252 229
1710744098431 4.665853002797002 230
1710744204169 4.606274752513222 231
1710744308008 4.627932159797005 232
1710744409884 4.630011146483214 233
1710744512550 4.663176758133846 234
1710744616130 4.664171375658201 235
1710744720357 4.617610319800999 236
