1711413141963 0.0 0
1711414320700 1.0 1
1711415505918 2.0 2
1711416705536 3.0 3
1711417923703 4.0 4
1711419137977 5.0 5
1711420351247 6.0 6
1711421577198 7.0 7
1711422815103 8.0 8
1711424028627 9.0 9
1711425236663 10.0 10
1711426441098 11.0 11
1711427661417 12.0 12
1711428882324 13.0 13
1711430107236 14.0 14
1711431333633 15.0 15
1711432554495 16.0 16
1711433773214 17.0 17
1711434987843 18.0 18
1711436176343 19.0 19
1711437366234 20.0 20
1711438554218 21.0 21
1711439732187 22.0 22
1711440907732 23.0 23
1711442082893 24.0 24
1711443261850 25.0 25
1711444437157 26.0 26
1711445604386 27.0 27
1711446770993 28.0 28
1711447939084 29.0 29
1711449109691 30.0 30
1711450279114 31.0 31
1711451436287 32.0 32
1711452590316 33.0 33
1711453743563 34.0 34
1711454894622 35.0 35
1711456042577 36.0 36
1711457189220 37.0 37
1711458334588 38.0 38
1711459479767 39.0 39
1711460635952 40.0 40
1711461794819 41.0 41
1711462954368 42.0 42
1711464115281 43.0 43
1711465277059 44.0 44
1711466438686 45.0 45
1711467600369 46.0 46
1711468762184 47.0 47
1711469923886 48.0 48
1711471085127 49.0 49
1711472247087 50.0 50
1711473408365 51.0 51
1711474569532 52.0 52
1711475730625 53.0 53
1711476891386 54.0 54
1711478052124 55.0 55
1711479213199 56.0 56
1711480374064 57.0 57
1711481534385 58.0 58
1711482695002 59.0 59
1711483854541 60.0 60
1711485014997 61.0 61
1711486174844 62.0 62
1711487335039 63.0 63
1711488494310 64.0 64
1711489654125 65.0 65
1711490813225 66.0 66
1711491972558 67.0 67
1711493130822 68.0 68
1711494289457 69.0 69
1711495446475 70.0 70
1711496604036 71.0 71
1711497757270 72.0 72
1711498913575 73.0 73
1711500070757 74.0 74
1711501229540 75.0 75
1711502390338 76.0 76
1711503551680 77.0 77
1711504713393 78.0 78
1711505876010 79.0 79
1711507038770 80.0 80
1711508200940 81.0 81
1711509363609 82.0 82
1711510526773 83.0 83
1711511689905 84.0 84
1711512853041 85.0 85
1711514011364 86.0 86
1711515174220 87.0 87
1711516337377 88.0 88
1711517500704 89.0 89
1711518663344 90.0 90
1711519826432 91.0 91
1711520990897 92.0 92
1711522155965 93.0 93
1711523321442 94.0 94
1711524485488 95.0 95
1711525650936 96.0 96
1711526815711 97.0 97
1711527981125 98.0 98
1711529146852 99.0 99
1711530311284 100.0 100
1711531475986 101.0 101
1711532645257 102.0 102
1711533814832 103.0 103
1711534979576 104.0 104
1711536144557 105.0 105
1711537308926 106.0 106
1711538473128 107.0 107
1711539637782 108.0 108
1711540802912 109.0 109
1711541968539 110.0 110
1711543134185 111.0 111
1711544298785 112.0 112
1711545462623 113.0 113
1711546626318 114.0 114
1711547790110 115.0 115
1711548953992 116.0 116
1711550116632 117.0 117
1711551278382 118.0 118
1711552440370 119.0 119
1711553602003 120.0 120
1711554763361 121.0 121
1711555925055 122.0 122
1711557086110 123.0 123
1711558247153 124.0 124
1711559407450 125.0 125
1711560567286 126.0 126
1711561727475 127.0 127
1711562886274 128.0 128
1711564046366 129.0 129
1711565206840 130.0 130
1711566367392 131.0 131
1711567528276 132.0 132
1711568688846 133.0 133
1711569848726 134.0 134
1711571008497 135.0 135
1711572167961 136.0 136
1711573327284 137.0 137
1711574486644 138.0 138
1711575644960 139.0 139
1711576802951 140.0 140
1711577959101 141.0 141
1711579116026 142.0 142
1711580273842 143.0 143
1711581430943 144.0 144
1711582589030 145.0 145
1711583748707 146.0 146
1711584908983 147.0 147
1711586069997 148.0 148
1711587232393 149.0 149
1711588397527 150.0 150
1711589562268 151.0 151
1711590726429 152.0 152
1711591891798 153.0 153
1711593055758 154.0 154
1711594221182 155.0 155
1711595387228 156.0 156
1711596552480 157.0 157
1711597714068 158.0 158
1711598875012 159.0 159
1711600034421 160.0 160
1711601196602 161.0 161
1711602360282 162.0 162
1711603525726 163.0 163
1711604692472 164.0 164
1711605858470 165.0 165
1711607025632 166.0 166
1711608193286 167.0 167
1711609362396 168.0 168
1711610533402 169.0 169
1711611703053 170.0 170
1711612876189 171.0 171
1711614049985 172.0 172
1711615224177 173.0 173
1711616399693 174.0 174
1711617574880 175.0 175
1711618753044 176.0 176
1711619925547 177.0 177
1711621094560 178.0 178
1711622261307 179.0 179
1711623422633 180.0 180
1711624581877 181.0 181
1711625738202 182.0 182
1711626892183 183.0 183
1711628047183 184.0 184
1711629203051 185.0 185
1711630357967 186.0 186
1711631513150 187.0 187
1711632667026 188.0 188
1711633820811 189.0 189
1711634973768 190.0 190
1711636126226 191.0 191
1711637278561 192.0 192
1711638429793 193.0 193
1711639579282 194.0 194
1711640728111 195.0 195
1711641875691 196.0 196
1711643022228 197.0 197
1711644167462 198.0 198
1711645311593 199.0 199
1711646455314 200.0 200
1711647598852 201.0 201
1711648743380 202.0 202
1711649887080 203.0 203
1711651031261 204.0 204
1711652176562 205.0 205
1711653322255 206.0 206
1711654468403 207.0 207
1711655615081 208.0 208
1711656763656 209.0 209
1711657913612 210.0 210
1711659061096 211.0 211
1711660209187 212.0 212
1711661357406 213.0 213
1711662505228 214.0 214
1711663652534 215.0 215
1711664800502 216.0 216
1711665948208 217.0 217
1711667094045 218.0 218
1711668241333 219.0 219
1711669390810 220.0 220
1711670545596 221.0 221
1711671704525 222.0 222
1711672865535 223.0 223
1711674028431 224.0 224
1711675191837 225.0 225
1711676357262 226.0 226
1711677524151 227.0 227
1711678692001 228.0 228
1711679862550 229.0 229
1711681035678 230.0 230
1711682210319 231.0 231
1711683384833 232.0 232
1711684561433 233.0 233
1711685738574 234.0 234
1711686916936 235.0 235
1711688096194 236.0 236
1711689276057 237.0 237
1711690457520 238.0 238
1711691640861 239.0 239
1711692826730 240.0 240
1711694014068 241.0 241
1711695202520 242.0 242
1711696391241 243.0 243
1711697581716 244.0 244
1711698770488 245.0 245
1711699961612 246.0 246
1711701153862 247.0 247
1711702346291 248.0 248
1711703538305 249.0 249
1711704729156 250.0 250
1711705920065 251.0 251
1711707110987 252.0 252
1711708300684 253.0 253
1711709489434 254.0 254
1711710676932 255.0 255
1711711863504 256.0 256
1711713052664 257.0 257
1711714242381 258.0 258
1711715430915 259.0 259
1711716616883 260.0 260
1711717800808 261.0 261
1711718984895 262.0 262
1711720166631 263.0 263
1711721345173 264.0 264
1711722523693 265.0 265
1711723701121 266.0 266
1711724877113 267.0 267
1711726053771 268.0 268
1711727229142 269.0 269
1711728404280 270.0 270
1711729578082 271.0 271
1711730750929 272.0 272
1711731923268 273.0 273
1711733094847 274.0 274
1711734265127 275.0 275
1711735431652 276.0 276
1711736596463 277.0 277
1711737759379 278.0 278
1711738921593 279.0 279
1711740082284 280.0 280
1711741242200 281.0 281
1711742402796 282.0 282
1711743565045 283.0 283
1711744724428 284.0 284
1711745883791 285.0 285
1711747042363 286.0 286
1711748200766 287.0 287
1711749358224 288.0 288
1711750512240 289.0 289
1711751667700 290.0 290
1711752824606 291.0 291
1711753982345 292.0 292
1711755140063 293.0 293
1711756297602 294.0 294
1711757455491 295.0 295
1711758614458 296.0 296
1711759773284 297.0 297
1711760932332 298.0 298
1711762092170 299.0 299
1711763255080 300.0 300
1711764420700 301.0 301
1711765590228 302.0 302
1711766762463 303.0 303
1711767937458 304.0 304
1711769116300 305.0 305
1711770299069 306.0 306
1711771485572 307.0 307
1711772672965 308.0 308
1711773862265 309.0 309
1711775052063 310.0 310
1711776241909 311.0 311
1711777433594 312.0 312
1711778625060 313.0 313
1711779814171 314.0 314
1711781004862 315.0 315
1711782196595 316.0 316
1711783388402 317.0 317
1711784582643 318.0 318
1711785776400 319.0 319
1711786969074 320.0 320
1711788160091 321.0 321
1711789349622 322.0 322
1711790539797 323.0 323
1711791729081 324.0 324
1711792917720 325.0 325
1711794105789 326.0 326
1711795293618 327.0 327
1711796480689 328.0 328
1711797667746 329.0 329
1711798853700 330.0 330
1711800038214 331.0 331
1711801222283 332.0 332
1711802406495 333.0 333
1711803592816 334.0 334
1711804780177 335.0 335
1711805967382 336.0 336
1711807154039 337.0 337
1711808339634 338.0 338
1711809525220 339.0 339
1711810708528 340.0 340
1711811892033 341.0 341
1711813074912 342.0 342
1711814257263 343.0 343
1711815438783 344.0 344
1711816619670 345.0 345
1711817799782 346.0 346
1711818978866 347.0 347
1711820157081 348.0 348
1711821335740 349.0 349
