1711413141964 8154248.0 0
1711414320701 8154248.0 1
1711415505919 8154248.0 2
1711416705537 8154248.0 3
1711417923704 8154248.0 4
1711419137979 8154248.0 5
1711420351248 8154248.0 6
1711421577199 8154248.0 7
1711422815104 8154248.0 8
1711424028628 8154248.0 9
1711425236664 8154248.0 10
1711426441099 8154248.0 11
1711427661419 8154248.0 12
1711428882324 8154248.0 13
1711430107237 8154248.0 14
1711431333634 8154248.0 15
1711432554496 8154248.0 16
1711433773216 8154248.0 17
1711434987844 8154248.0 18
1711436176344 8154248.0 19
1711437366236 8154248.0 20
1711438554219 8154248.0 21
1711439732189 8154248.0 22
1711440907733 8154248.0 23
1711442082894 8154248.0 24
1711443261851 8154248.0 25
1711444437158 8154248.0 26
1711445604388 8154248.0 27
1711446770995 8154248.0 28
1711447939085 8154248.0 29
1711449109692 8154248.0 30
1711450279115 8154248.0 31
1711451436289 8154248.0 32
1711452590317 8154248.0 33
1711453743564 8154248.0 34
1711454894624 8154248.0 35
1711456042579 8154248.0 36
1711457189221 8154248.0 37
1711458334589 8154248.0 38
1711459479768 8154248.0 39
1711460635953 8154248.0 40
1711461794820 8154248.0 41
1711462954369 8154248.0 42
1711464115282 8154248.0 43
1711465277060 8154248.0 44
1711466438687 8154248.0 45
1711467600371 8154248.0 46
1711468762186 8154248.0 47
1711469923887 8154248.0 48
1711471085128 8154248.0 49
1711472247090 8154248.0 50
1711473408366 8154248.0 51
1711474569533 8154248.0 52
1711475730626 8154248.0 53
1711476891387 8154248.0 54
1711478052126 8154248.0 55
1711479213200 8154248.0 56
1711480374065 8154248.0 57
1711481534386 8154248.0 58
1711482695003 8154248.0 59
1711483854542 8154248.0 60
1711485014999 8154248.0 61
1711486174845 8154248.0 62
1711487335041 8154248.0 63
1711488494311 8154248.0 64
1711489654126 8154248.0 65
1711490813226 8154248.0 66
1711491972560 8154248.0 67
1711493130824 8154248.0 68
1711494289459 8154248.0 69
1711495446477 8154248.0 70
1711496604037 8154248.0 71
1711497757272 8154248.0 72
1711498913576 8154248.0 73
1711500070758 8154248.0 74
1711501229540 8154248.0 75
1711502390339 8154248.0 76
1711503551681 8154248.0 77
1711504713394 8154248.0 78
1711505876011 8154248.0 79
1711507038772 8154248.0 80
1711508200941 8154248.0 81
1711509363611 8154248.0 82
1711510526774 8154248.0 83
1711511689907 8154248.0 84
1711512853043 8154248.0 85
1711514011365 8154248.0 86
1711515174221 8154248.0 87
1711516337379 8154248.0 88
1711517500705 8154248.0 89
1711518663346 8154248.0 90
1711519826434 8154248.0 91
1711520990899 8154248.0 92
1711522155967 8154248.0 93
1711523321443 8154248.0 94
1711524485490 8154248.0 95
1711525650938 8154248.0 96
1711526815711 8154248.0 97
1711527981127 8154248.0 98
1711529146854 8154248.0 99
1711530311285 8154248.0 100
1711531475987 8154248.0 101
1711532645258 8154248.0 102
1711533814834 8154248.0 103
1711534979577 8154248.0 104
1711536144559 8154248.0 105
1711537308927 8154248.0 106
1711538473130 8154248.0 107
1711539637784 8154248.0 108
1711540802914 8154248.0 109
1711541968541 8154248.0 110
1711543134187 8154248.0 111
1711544298787 8154248.0 112
1711545462624 8154248.0 113
1711546626319 8154248.0 114
1711547790112 8154248.0 115
1711548953993 8154248.0 116
1711550116633 8154248.0 117
1711551278383 8154248.0 118
1711552440371 8154248.0 119
1711553602004 8154248.0 120
1711554763363 8154248.0 121
1711555925056 8154248.0 122
1711557086112 8154248.0 123
1711558247155 8154248.0 124
1711559407452 8154248.0 125
1711560567288 8154248.0 126
1711561727476 8154248.0 127
1711562886276 8154248.0 128
1711564046367 8154248.0 129
1711565206842 8154248.0 130
1711566367394 8154248.0 131
1711567528277 8154248.0 132
1711568688847 8154248.0 133
1711569848728 8154248.0 134
1711571008498 8154248.0 135
1711572167962 8154248.0 136
1711573327286 8154248.0 137
1711574486646 8154248.0 138
1711575644961 8154248.0 139
1711576802952 8154248.0 140
1711577959102 8154248.0 141
1711579116028 8154248.0 142
1711580273843 8154248.0 143
1711581430944 8154248.0 144
1711582589031 8154248.0 145
1711583748708 8154248.0 146
1711584908985 8154248.0 147
1711586069998 8154248.0 148
1711587232395 8154248.0 149
1711588397528 8154248.0 150
1711589562270 8154248.0 151
1711590726430 8154248.0 152
1711591891799 8154248.0 153
1711593055759 8154248.0 154
1711594221183 8154248.0 155
1711595387229 8154248.0 156
1711596552481 8154248.0 157
1711597714069 8154248.0 158
1711598875014 8154248.0 159
1711600034423 8154248.0 160
1711601196604 8154248.0 161
1711602360284 8154248.0 162
1711603525728 8154248.0 163
1711604692474 8154248.0 164
1711605858471 8154248.0 165
1711607025634 8154248.0 166
1711608193288 8154248.0 167
1711609362397 8154248.0 168
1711610533404 8154248.0 169
1711611703055 8154248.0 170
1711612876191 8154248.0 171
1711614049986 8154248.0 172
1711615224178 8154248.0 173
1711616399695 8154248.0 174
1711617574882 8154248.0 175
1711618753046 8154248.0 176
1711619925548 8154248.0 177
1711621094561 8154248.0 178
1711622261309 8154248.0 179
1711623422634 8154248.0 180
1711624581878 8154248.0 181
1711625738204 8154248.0 182
1711626892184 8154248.0 183
1711628047185 8154248.0 184
1711629203052 8154248.0 185
1711630357968 8154248.0 186
1711631513151 8154248.0 187
1711632667028 8154248.0 188
1711633820813 8154248.0 189
1711634973769 8154248.0 190
1711636126227 8154248.0 191
1711637278562 8154248.0 192
1711638429794 8154248.0 193
1711639579284 8154248.0 194
1711640728112 8154248.0 195
1711641875693 8154248.0 196
1711643022230 8154248.0 197
1711644167463 8154248.0 198
1711645311594 8154248.0 199
1711646455315 8154248.0 200
1711647598853 8154248.0 201
1711648743381 8154248.0 202
1711649887081 8154248.0 203
1711651031263 8154248.0 204
1711652176563 8154248.0 205
1711653322257 8154248.0 206
1711654468404 8154248.0 207
1711655615082 8154248.0 208
1711656763657 8154248.0 209
1711657913613 8154248.0 210
1711659061097 8154248.0 211
1711660209189 8154248.0 212
1711661357407 8154248.0 213
1711662505230 8154248.0 214
1711663652535 8154248.0 215
1711664800504 8154248.0 216
1711665948210 8154248.0 217
1711667094047 8154248.0 218
1711668241334 8154248.0 219
1711669390811 8154248.0 220
1711670545597 8154248.0 221
1711671704526 8154248.0 222
1711672865536 8154248.0 223
1711674028433 8154248.0 224
1711675191839 8154248.0 225
1711676357263 8154248.0 226
1711677524153 8154248.0 227
1711678692003 8154248.0 228
1711679862552 8154248.0 229
1711681035679 8154248.0 230
1711682210320 8154248.0 231
1711683384834 8154248.0 232
1711684561434 8154248.0 233
1711685738575 8154248.0 234
1711686916937 8154248.0 235
1711688096195 8154248.0 236
1711689276058 8154248.0 237
1711690457521 8154248.0 238
1711691640863 8154248.0 239
1711692826732 8154248.0 240
1711694014070 8154248.0 241
1711695202521 8154248.0 242
1711696391242 8154248.0 243
1711697581717 8154248.0 244
1711698770489 8154248.0 245
1711699961614 8154248.0 246
1711701153864 8154248.0 247
1711702346292 8154248.0 248
1711703538306 8154248.0 249
1711704729157 8154248.0 250
1711705920066 8154248.0 251
1711707110989 8154248.0 252
1711708300685 8154248.0 253
1711709489435 8154248.0 254
1711710676933 8154248.0 255
1711711863506 8154248.0 256
1711713052665 8154248.0 257
1711714242383 8154248.0 258
1711715430916 8154248.0 259
1711716616885 8154248.0 260
1711717800809 8154248.0 261
1711718984896 8154248.0 262
1711720166633 8154248.0 263
1711721345174 8154248.0 264
1711722523695 8154248.0 265
1711723701122 8154248.0 266
1711724877115 8154248.0 267
1711726053772 8154248.0 268
1711727229143 8154248.0 269
1711728404282 8154248.0 270
1711729578083 8154248.0 271
1711730750930 8154248.0 272
1711731923270 8154248.0 273
1711733094848 8154248.0 274
1711734265129 8154248.0 275
1711735431653 8154248.0 276
1711736596464 8154248.0 277
1711737759380 8154248.0 278
1711738921594 8154248.0 279
1711740082286 8154248.0 280
1711741242201 8154248.0 281
1711742402798 8154248.0 282
1711743565046 8154248.0 283
1711744724429 8154248.0 284
1711745883793 8154248.0 285
1711747042364 8154248.0 286
1711748200767 8154248.0 287
1711749358225 8154248.0 288
1711750512241 8154248.0 289
1711751667701 8154248.0 290
1711752824608 8154248.0 291
1711753982347 8154248.0 292
1711755140065 8154248.0 293
1711756297603 8154248.0 294
1711757455492 8154248.0 295
1711758614459 8154248.0 296
1711759773285 8154248.0 297
1711760932333 8154248.0 298
1711762092171 8154248.0 299
1711763255081 8154248.0 300
1711764420702 8154248.0 301
1711765590230 8154248.0 302
1711766762464 8154248.0 303
1711767937459 8154248.0 304
1711769116301 8154248.0 305
1711770299070 8154248.0 306
1711771485573 8154248.0 307
1711772672966 8154248.0 308
1711773862267 8154248.0 309
1711775052065 8154248.0 310
1711776241910 8154248.0 311
1711777433595 8154248.0 312
1711778625060 8154248.0 313
1711779814172 8154248.0 314
1711781004863 8154248.0 315
1711782196597 8154248.0 316
1711783388404 8154248.0 317
1711784582645 8154248.0 318
1711785776402 8154248.0 319
1711786969075 8154248.0 320
1711788160092 8154248.0 321
1711789349623 8154248.0 322
1711790539798 8154248.0 323
1711791729082 8154248.0 324
1711792917721 8154248.0 325
1711794105790 8154248.0 326
1711795293619 8154248.0 327
1711796480690 8154248.0 328
1711797667747 8154248.0 329
1711798853701 8154248.0 330
1711800038215 8154248.0 331
1711801222284 8154248.0 332
1711802406496 8154248.0 333
1711803592817 8154248.0 334
1711804780178 8154248.0 335
1711805967384 8154248.0 336
1711807154040 8154248.0 337
1711808339636 8154248.0 338
1711809525221 8154248.0 339
1711810708530 8154248.0 340
1711811892034 8154248.0 341
1711813074912 8154248.0 342
1711814257264 8154248.0 343
1711815438784 8154248.0 344
1711816619671 8154248.0 345
1711817799784 8154248.0 346
1711818978868 8154248.0 347
1711820157082 8154248.0 348
1711821335741 8154248.0 349
