1711413141961 5.36325719628645 0
1711414320693 5.312870058676471 1
1711415505915 5.31170459350814 2
1711416705531 5.302395882165951 3
1711417923696 5.303556281587352 4
1711419137970 5.302369128102842 5
1711420351242 5.298492760114048 6
1711421577194 5.298525323686392 7
1711422815100 5.296797857336376 8
1711424028621 5.298549957897352 9
1711425236660 5.299944864019103 10
1711426441093 5.3013487911742665 11
1711427661408 5.298431660170141 12
1711428882321 5.297701448202133 13
1711430107232 5.299496496501177 14
1711431333628 5.298377955737322 15
1711432554491 5.298835374738859 16
1711433773210 5.298361024778822 17
1711434987840 5.296373478744341 18
1711436176339 5.299491969787556 19
1711437366227 5.297446041003518 20
1711438554209 5.295515567064285 21
1711439732182 5.296859620705895 22
1711440907729 5.2966725340356 23
1711442082890 5.297421238344649 24
1711443261841 5.296900149920712 25
1711444437153 5.298323895620263 26
1711445604379 5.2975901663303375 27
1711446770985 5.297246644030446 28
1711447939077 5.295212920593179 29
1711449109682 5.292469977684643 30
1711450279107 5.293015553251557 31
1711451436280 5.294833975641624 32
1711452590309 5.296169520720191 33
1711453743560 5.294383523256882 34
1711454894614 5.292429754915445 35
1711456042570 5.293108652467313 36
1711457189214 5.294912448395854 37
1711458334583 5.288330891857976 38
1711459479762 5.28925091870453 39
1711460635948 5.285456937940224 40
1711461794812 5.284416172815406 41
1711462954365 5.284553030262822 42
1711464115272 5.287521486696989 43
1711465277055 5.282354135876116 44
1711466438678 5.2828613448402155 45
1711467600362 5.2770136555899745 46
1711468762175 5.282530363487161 47
1711469923881 5.275887536613838 48
1711471085119 5.272051150384157 49
1711472247079 5.265774100371029 50
1711473408362 5.265401786436206 51
1711474569526 5.2555015670216605 52
1711475730619 5.257041129081146 53
1711476891380 5.248641251221947 54
1711478052117 5.24975713763548 55
1711479213195 5.247449139538019 56
1711480374061 5.240758928915729 57
1711481534381 5.236539702700532 58
1711482694998 5.2273717652196465 59
1711483854537 5.2274793392938115 60
1711485014990 5.226550838869551 61
1711486174841 5.2240662198999654 62
1711487335032 5.215604644106782 63
1711488494307 5.217998114616974 64
1711489654117 5.196919040187545 65
1711490813221 5.207303313457447 66
1711491972549 5.1914658235467 67
1711493130817 5.189327854177226 68
1711494289450 5.1688074728716975 69
1711495446468 5.188178549642148 70
1711496604030 5.174925521016121 71
1711497757263 5.172704589107762 72
1711498913567 5.166203859059707 73
1711500070752 5.151787781844968 74
1711501229535 5.1508429581704345 75
1711502390333 5.151166786966116 76
1711503551676 5.134388109912043 77
1711504713387 5.131994423658951 78
1711505876006 5.112143660369127 79
1711507038764 5.13069191639838 80
1711508200937 5.117023210162702 81
1711509363601 5.096116464423097 82
1711510526765 5.084601700305939 83
1711511689897 5.083791977361493 84
1711512853033 5.0862511402886845 85
1711514011355 5.072684703961663 86
1711515174212 5.066929185520047 87
1711516337371 5.060149658957253 88
1711517500695 5.060980080910351 89
1711518663335 5.048380880252175 90
1711519826427 5.048600395736487 91
1711520990888 5.024200319919897 92
1711522155957 5.007970154609369 93
1711523321433 5.013252304300018 94
1711524485480 4.991785072762033 95
1711525650927 5.002183569514233 96
1711526815708 4.982001909095308 97
1711527981120 4.97469839680454 98
1711529146846 4.94292594945949 99
1711530311275 4.954861484467983 100
1711531475979 4.932076038225837 101
1711532645254 4.940575742527194 102
1711533814825 4.932022979078085 103
1711534979568 4.908089022921479 104
1711536144550 4.903329385687476 105
1711537308917 4.868598471841087 106
1711538473120 4.865939705916073 107
1711539637774 4.867801442094471 108
1711540802905 4.846553993613823 109
1711541968533 4.814627613062444 110
1711543134177 4.814746886167837 111
1711544298779 4.794030557184116 112
1711545462615 4.786885282915572 113
1711546626310 4.77149123115384 114
1711547790104 4.738810405135155 115
1711548953985 4.730518423992654 116
1711550116625 4.7202988153566485 117
1711551278377 4.697983048856258 118
1711552440361 4.72640523897565 119
1711553601996 4.639881631602412 120
1711554763355 4.6741118813338485 121
1711555925046 4.6611826504054275 122
1711557086104 4.635293742560822 123
1711558247147 4.598633243985798 124
1711559407442 4.57569827819648 125
1711560567277 4.576770024779051 126
1711561727467 4.604310760031575 127
1711562886266 4.546703018572019 128
1711564046361 4.534142069518566 129
1711565206833 4.497560083866119 130
1711566367385 4.487758588855681 131
1711567528268 4.47736574029145 132
1711568688838 4.4567765736061595 133
1711569848717 4.467796843336976 134
1711571008488 4.438280810156594 135
1711572167957 4.401631128204905 136
1711573327276 4.406472904850608 137
1711574486636 4.396447313868481 138
1711575644951 4.3623917028307915 139
1711576802943 4.329743795096874 140
1711577959097 4.332389610617057 141
1711579116020 4.304107576608658 142
1711580273833 4.291207925457021 143
1711581430940 4.235214571266071 144
1711582589021 4.289492932998615 145
1711583748699 4.250775650143623 146
1711584908975 4.207791615439498 147
1711586069990 4.208610659708148 148
1711587232387 4.180489714378896 149
1711588397519 4.1538060190884964 150
1711589562262 4.1390156260003215 151
1711590726425 4.120481528989647 152
1711591891789 4.120341774562131 153
1711593055753 4.071890920724558 154
1711594221176 4.060557878859665 155
1711595387220 4.070075450708037 156
1711596552472 4.039566254810147 157
1711597714065 4.042296879317449 158
1711598875003 4.034773551575515 159
1711600034415 3.928009254776913 160
1711601196596 3.9395105670327726 161
1711602360276 3.9488897806276446 162
1711603525719 3.9681413419868634 163
1711604692464 3.9126475276830406 164
1711605858466 3.868451000555702 165
1711607025625 3.8683969357415386 166
1711608193277 3.8313006875307662 167
1711609362391 3.829636542207521 168
1711610533396 3.804044662448375 169
1711611703044 3.8197740160900615 170
1711612876182 3.7738886989005236 171
1711614049980 3.7179273528897245 172
1711615224172 3.714335208353789 173
1711616399685 3.7086480178910755 174
1711617574875 3.713266550360814 175
1711618753036 3.6731501960236095 176
1711619925539 3.6526559189609857 177
1711621094552 3.684532676539991 178
1711622261300 3.652578237587991 179
1711623422630 3.6062432584231314 180
1711624581868 3.5879194569652495 181
1711625738195 3.5724883265793324 182
1711626892178 3.5751497505799583 183
1711628047176 3.582400332974351 184
1711629203044 3.58279690373203 185
1711630357964 3.5471863375733728 186
1711631513142 3.465739882348672 187
1711632667019 3.4832350815767827 188
1711633820803 3.4470662327240342 189
1711634973761 3.459839301102835 190
1711636126218 3.488477957151506 191
1711637278554 3.443497176565554 192
1711638429789 3.4565164756191815 193
1711639579274 3.4099428997091623 194
1711640728102 3.3966791937532634 195
1711641875683 3.4019651218600897 196
1711643022221 3.3903656368670254 197
1711644167457 3.3331017822999023 198
1711645311585 3.3922875789196594 199
1711646455305 3.391297336667776 200
1711647598849 3.2965558020640975 201
1711648743372 3.3408118538234546 202
1711649887077 3.3205782421257184 203
1711651031254 3.257158874493578 204
1711652176556 3.2892352268099785 205
1711653322249 3.2728414077149783 206
1711654468395 3.2364378543975563 207
1711655615077 3.2652881620046883 208
1711656763652 3.23410348918127 209
1711657913605 3.2591125438718693 210
1711659061093 3.2518052674182085 211
1711660209180 3.2294433586623357 212
1711661357397 3.2406464854012365 213
1711662505220 3.1821022809523605 214
1711663652530 3.2095446946180384 215
1711664800495 3.1956576672585113 216
1711665948201 3.1576735372452633 217
1711667094037 3.184439711920593 218
1711668241324 3.180703608886055 219
1711669390806 3.0986439793006233 220
1711670545592 3.1691609821889712 221
1711671704520 3.1279145798281482 222
1711672865530 3.125573786218529 223
1711674028423 3.0640333594511384 224
1711675191829 3.084842779552159 225
1711676357258 3.0732661676795585 226
1711677524145 3.0798184636818324 227
1711678691994 3.0312175528834695 228
1711679862542 3.0538824103448703 229
1711681035672 3.0702175888354364 230
1711682210311 3.03881800952165 231
1711683384829 3.021431798196357 232
1711684561425 3.0426091878958372 233
1711685738570 2.992158726505611 234
1711686916928 2.9582686861572056 235
1711688096190 2.9786658246556055 236
1711689276053 2.9805838873852855 237
1711690457516 2.9461888580218605 238
1711691640854 2.8927612750102645 239
1711692826722 2.8983121179044247 240
1711694014061 2.939780030237592 241
1711695202516 2.9067188337769196 242
1711696391236 2.897655005202345 243
1711697581708 2.9260561911632186 244
1711698770484 2.9253920140149803 245
1711699961605 2.8698370712606804 246
1711701153855 2.8784985569832116 247
1711702346283 2.855602310727472 248
1711703538298 2.8528944982782654 249
1711704729148 2.8421589121546433 250
1711705920061 2.8562489552018433 251
1711707110981 2.8462840621562107 252
1711708300677 2.844177234593941 253
1711709489430 2.805004108292253 254
1711710676928 2.7943488709304645 255
1711711863497 2.835887298149907 256
1711713052658 2.8346860562653644 257
1711714242372 2.810343577324048 258
1711715430907 2.7665610106095024 259
1711716616878 2.74065127239927 260
1711717800804 2.8178118245433206 261
1711718984888 2.784611300119887 262
1711720166625 2.733362511610207 263
1711721345168 2.7513326816260815 264
1711722523688 2.768072125542423 265
1711723701116 2.724879792688981 266
1711724877106 2.7455964115974694 267
1711726053768 2.7413257679537586 268
1711727229139 2.738981140534515 269
1711728404275 2.7320509753797366 270
1711729578078 2.6849712113971296 271
1711730750925 2.6910732437087144 272
1711731923260 2.7311794788617156 273
1711733094838 2.69383853285209 274
1711734265123 2.6204478672665097 275
1711735431648 2.6858045510623767 276
1711736596458 2.6094816806523697 277
1711737759372 2.6610654874340347 278
1711738921588 2.669182199012974 279
1711740082277 2.6354635450179162 280
1711741242197 2.6414921160625373 281
1711742402789 2.6158321685279193 282
1711743565041 2.6499292941197106 283
1711744724420 2.6534364223480225 284
1711745883784 2.6551627374213673 285
1711747042360 2.6271617294329666 286
1711748200763 2.604873440997756 287
1711749358216 2.6438826910503535 288
1711750512235 2.6082575974743003 289
1711751667697 2.6221960915819458 290
1711752824598 2.626138158790443 291
1711753982338 2.549477888028259 292
1711755140054 2.5596009220765983 293
1711756297598 2.5472578192534656 294
1711757455483 2.511863519316134 295
1711758614449 2.532014328176561 296
1711759773280 2.5445967815492465 297
1711760932329 2.581216742972965 298
1711762092166 2.531751874834299 299
1711763255073 2.536454263183734 300
1711764420691 2.5227823787085386 301
1711765590221 2.5692173947134744 302
1711766762459 2.5224690051020486 303
1711767937451 2.5247575591277815 304
1711769116291 2.529757949807074 305
1711770299065 2.511354109272361 306
1711771485569 2.5356061961501837 307
1711772672961 2.5111743822369887 308
1711773862258 2.5149896438031094 309
1711775052056 2.4525277148122373 310
1711776241905 2.516638408455512 311
1711777433589 2.467410304138194 312
1711778625056 2.4613924591761567 313
1711779814166 2.4506408629696006 314
1711781004859 2.4845635296533937 315
1711782196588 2.462638548858788 316
1711783388394 2.442130537379695 317
1711784582635 2.4283757673009583 318
1711785776394 2.4033537642301424 319
1711786969070 2.4804361113549573 320
1711788160088 2.434246420050445 321
1711789349618 2.4222880141890566 322
1711790539789 2.41124010199438 323
1711791729077 2.3946303593237763 324
1711792917717 2.433591661407896 325
1711794105785 2.4273783923329217 326
1711795293610 2.410949306724512 327
1711796480685 2.4075584952598033 328
1711797667742 2.459225107956192 329
1711798853696 2.41213544053228 330
1711800038210 2.3610915952240643 331
1711801222279 2.3520442311368557 332
1711802406492 2.3943657060356243 333
1711803592812 2.391718185871192 334
1711804780171 2.391567238242082 335
1711805967378 2.3846575902855913 336
1711807154036 2.3758362701729587 337
1711808339627 2.377710184406327 338
1711809525212 2.382830338228656 339
1711810708521 2.4000221492479676 340
1711811892029 2.359760369538613 341
1711813074908 2.3764826240746872 342
1711814257260 2.328315560989406 343
1711815438780 2.3268901056245617 344
1711816619667 2.325260351128552 345
1711817799778 2.3337054916698 346
1711818978858 2.3457847744550393 347
1711820157076 2.351802113749411 348
1711821335733 2.3183750349866306 349
