1711413141959 9.999999999999821e-06 0
1711414320688 9.999999999999821e-06 1
1711415505913 8.015624999999992e-06 2
1711416705530 6.031249999999966e-06 3
1711417923692 4.046875000000031e-06 4
1711419137966 2.0624999999999637e-06 5
1711420351239 8.31203339551953e-08 6
1711421577192 8.531774963946304e-08 7
1711422815099 8.79142769378714e-08 8
1711424028619 9.09097066543002e-08 9
1711425236659 9.430379745399144e-08 10
1711426441091 9.809627588299413e-08 11
1711427661405 1.0228683639020466e-07 12
1711428882319 1.0687514135197958e-07 13
1711430107230 1.118608210993249e-07 14
1711431333626 1.1724347394770785e-07 15
1711432554489 1.2302266622938823e-07 16
1711433773208 1.2919793232837586e-07 17
1711434987838 1.3576877471794153e-07 18
1711436176338 1.4273466400070784e-07 19
1711437366223 1.5009503895128023e-07 20
1711438554205 1.5784930656148578e-07 21
1711439732180 1.659968420881456e-07 22
1711440907727 1.745369891033992e-07 23
1711442082888 1.8346905954760179e-07 24
1711443261838 1.927923337847543e-07 25
1711444437151 2.0250606066048197e-07 26
1711445604374 2.1260945756256332e-07 27
1711446770981 2.2310171048396235e-07 28
1711447939072 2.339819740884315e-07 29
1711449109679 2.4524937177861354e-07 30
1711450279103 2.5690299576666714e-07 31
1711451436276 2.6894190714738363e-07 32
1711452590304 2.8136513597387917e-07 33
1711453743558 2.9417168133569827e-07 34
1711454894609 3.07360511439455e-07 35
1711456042568 3.209305636920163e-07 36
1711457189211 3.3488074478602285e-07 37
1711458334582 3.492099307880793e-07 38
1711459479760 3.639169672292018e-07 39
1711460635946 3.7900066919791786e-07 40
1711461794808 3.944598214356729e-07 41
1711462954364 4.10293178434788e-07 42
1711464115268 4.26499464538757e-07 43
1711465277053 4.4307737404504926e-07 44
1711466438675 4.600255713103424e-07 45
1711467600358 4.773426908580338e-07 46
1711468762171 4.950273374883849e-07 47
1711469923879 5.130780863908282e-07 48
1711471085116 5.314934832587848e-07 49
1711472247075 5.502720444068486e-07 50
1711473408360 5.694122568903536e-07 51
1711474569524 5.889125786271412e-07 52
1711475730617 6.087714385220218e-07 53
1711476891378 6.28987236593112e-07 54
1711478052112 6.495583441009072e-07 55
1711479213194 6.704831036794755e-07 56
1711480374060 6.917598294698896e-07 57
1711481534379 7.133868072562186e-07 58
1711482694996 7.35362294603515e-07 59
1711483854535 7.576845209981839e-07 60
1711485014986 7.803516879907283e-07 61
1711486174839 8.033619693406326e-07 62
1711487335027 8.267135111633416e-07 63
1711488494305 8.504044320798478e-07 64
1711489654113 8.744328233681367e-07 65
1711490813219 8.987967491169624e-07 66
1711491972545 9.234942463819266e-07 67
1711493130814 9.485233253434918e-07 68
1711494289446 9.738819694673344e-07 69
1711495446463 9.995681356669589e-07 70
1711496604028 1.0255797544680435e-06 71
1711497757259 1.0519147301753802e-06 72
1711498913563 1.0785709410416824e-06 73
1711500070750 1.105546239438415e-06 74
1711501229533 1.1328384520289922e-06 75
1711502390330 1.1604453799437748e-06 76
1711503551674 1.188364798957158e-06 77
1711504713385 1.2165944596669925e-06 78
1711505876004 1.2451320876756013e-06 79
1711507038759 1.2739753837730903e-06 80
1711508200935 1.3031220241227102e-06 81
1711509363597 1.3325696604478689e-06 82
1711510526761 1.3623159202214062e-06 83
1711511689893 1.3923584068569431e-06 84
1711512853028 1.422694699901604e-06 85
1711514011351 1.4533223552312868e-06 86
1711515174207 1.4842389052476029e-06 87
1711516337366 1.515441859076437e-06 88
1711517500690 1.5469287027689108e-06 89
1711518663331 1.5786968995037304e-06 90
1711519826424 1.6107438897917418e-06 91
1711520990885 1.643067091681907e-06 92
1711522155953 1.6756639009695836e-06 93
1711523321429 1.7085316914061687e-06 94
1711524485477 1.7416678149107583e-06 95
1711525650923 1.7750696017834253e-06 96
1711526815706 1.8087343609205798e-06 97
1711527981118 1.8426593800312093e-06 98
1711529146842 1.8768419258561186e-06 99
1711530311272 1.9112792443875785e-06 100
1711531475974 1.945968561091455e-06 101
1711532645253 1.980907081130789e-06 102
1711533814821 2.0160919895907387e-06 103
1711534979563 2.0515204517057503e-06 104
1711536144545 2.0871896130875582e-06 105
1711537308913 2.123096599955327e-06 106
1711538473116 2.1592385193672274e-06 107
1711539637770 2.1956124594533686e-06 108
1711540802902 2.232215489650713e-06 109
1711541968528 2.2690446609387997e-06 110
1711543134173 2.306097006077479e-06 111
1711544298774 2.3433695398461114e-06 112
1711545462611 2.3808592592839073e-06 113
1711546626306 2.4185631439319898e-06 114
1711547790099 2.456478156076651e-06 115
1711548953980 2.4946012409941216e-06 116
1711550116621 2.5329293271967765e-06 117
1711551278374 2.571459326680475e-06 118
1711552440357 2.6101881351733545e-06 119
1711553601992 2.6491126323860237e-06 120
1711554763349 2.688229682262838e-06 121
1711555925042 2.7275361332347495e-06 122
1711557086100 2.7670288184730858e-06 123
1711558247142 2.806704556144531e-06 124
1711559407438 2.846560149667942e-06 125
1711560567273 2.886592387971498e-06 126
1711561727463 2.926798045751367e-06 127
1711562886262 2.967173883732041e-06 128
1711564046359 3.0077166489265857e-06 129
1711565206829 3.0484230748995727e-06 130
1711566367380 3.0892898820293617e-06 131
1711567528263 3.1303137777731804e-06 132
1711568688834 3.171491456931736e-06 133
1711569848713 3.2128196019158512e-06 134
1711571008484 3.2542948830136848e-06 135
1711572167955 3.2959139586589714e-06 136
1711573327271 3.3376734757002106e-06 137
1711574486631 3.3795700696709568e-06 138
1711575644947 3.4216003650606073e-06 139
1711576802939 3.463760975586913e-06 140
1711577959095 3.5060485044680223e-06 141
1711579116017 3.5484595446968894e-06 142
1711580273829 3.5909906793151464e-06 143
1711581430938 3.6336384816891155e-06 144
1711582589017 3.6763995157849604e-06 145
1711583748695 3.7192703364465254e-06 146
1711584908971 3.7622474896721363e-06 147
1711586069986 3.805327512893071e-06 148
1711587232383 3.8485069352528765e-06 149
1711588397515 3.8917822778865036e-06 150
1711589562258 3.935150054201032e-06 151
1711590726423 3.9786067701562565e-06 152
1711591891785 4.022148924546398e-06 153
1711593055752 4.0657730092817654e-06 154
1711594221172 4.109475509672404e-06 155
1711595387216 4.153252904709956e-06 156
1711596552468 4.197101667352118e-06 157
1711597714064 4.241018264807075e-06 158
1711598874999 4.28499915881712e-06 159
1711600034411 4.329040805944859e-06 160
1711601196591 4.373139657857675e-06 161
1711602360273 4.417292161614524e-06 162
1711603525715 4.461494759951624e-06 163
1711604692460 4.505743891568824e-06 164
1711605858465 4.5500359914176045e-06 165
1711607025621 4.594367490986892e-06 166
1711608193274 4.638734818591751e-06 167
1711609362389 4.6831343996603546e-06 168
1711610533391 4.727562657022504e-06 169
1711611703040 4.772016011197679e-06 170
1711612876178 4.816490880682937e-06 171
1711614049979 4.8609836822425365e-06 172
1711615224170 4.905490831195398e-06 173
1711616399681 4.950008741704825e-06 174
1711617574874 4.9945338270669954e-06 175
1711618753031 5.039062500000045e-06 176
1711619925535 5.0835911729330225e-06 177
1711621094547 5.128116258295191e-06 178
1711622261296 5.172634168804618e-06 179
1711623422628 5.21714131775748e-06 180
1711624581864 5.261634119316935e-06 181
1711625738192 5.3061089888023984e-06 182
1711626892176 5.35056234297752e-06 183
1711628047172 5.394990600339717e-06 184
1711629203040 5.439390181408326e-06 185
1711630357962 5.483757509013133e-06 186
1711631513139 5.528089008582454e-06 187
1711632667015 5.572381108431051e-06 188
1711633820799 5.616630240048465e-06 189
1711634973757 5.660832838385357e-06 190
1711636126214 5.704985342142231e-06 191
1711637278550 5.749084194055181e-06 192
1711638429788 5.793125841182876e-06 193
1711639579270 5.837106735192965e-06 194
1711640728098 5.881023332647875e-06 195
1711641875679 5.924872095290113e-06 196
1711643022217 5.968649490327631e-06 197
1711644167456 6.012351990718279e-06 198
1711645311580 6.055976075453592e-06 199
1711646455302 6.099518229843735e-06 200
1711647598847 6.142974945798915e-06 201
1711648743368 6.186342722113447e-06 202
1711649887075 6.229618064746999e-06 203
1711651031250 6.272797487106902e-06 204
1711652176552 6.315877510327992e-06 205
1711653322245 6.358854663553458e-06 206
1711654468390 6.401725484214935e-06 207
1711655615076 6.4444865183109436e-06 208
1711656763650 6.487134320684829e-06 209
1711657913600 6.529665455303098e-06 210
1711659061091 6.57207649553196e-06 211
1711660209176 6.6143640244130544e-06 212
1711661357393 6.656524634939437e-06 213
1711662505216 6.69855493032909e-06 214
1711663652528 6.740451524299676e-06 215
1711664800490 6.782211041340985e-06 216
1711665948197 6.82383011698626e-06 217
1711667094033 6.865305398084154e-06 218
1711668241320 6.906633543068246e-06 219
1711669390804 6.947811222226769e-06 220
1711670545591 6.988835117970722e-06 221
1711671704517 7.0297019251003775e-06 222
1711672865528 7.070408351073352e-06 223
1711674028418 7.110951116267927e-06 224
1711675191825 7.1513269542487005e-06 225
1711676357256 7.191532612028428e-06 226
1711677524141 7.231564850332134e-06 227
1711678691989 7.271420443855538e-06 228
1711679862539 7.3110961815268805e-06 229
1711681035667 7.350588866765202e-06 230
1711682210307 7.3898953177371965e-06 231
1711683384827 7.429012367613936e-06 232
1711684561421 7.467936864826694e-06 233
1711685738568 7.50666567331944e-06 234
1711686916924 7.545195672803152e-06 235
1711688096188 7.5835237590059544e-06 236
1711689276051 7.621646843923293e-06 237
1711690457514 7.659561856067946e-06 238
1711691640851 7.697265740716036e-06 239
1711692826718 7.734755460153957e-06 240
1711694014057 7.772027993922565e-06 241
1711695202514 7.80908033906111e-06 242
1711696391233 7.845909510349231e-06 243
1711697581704 7.882512540546551e-06 244
1711698770482 7.91888648063281e-06 245
1711699961600 7.955028400044712e-06 246
1711701153851 7.990935386912345e-06 247
1711702346279 8.026604548294343e-06 248
1711703538294 8.06203301040918e-06 249
1711704729144 8.09721791886924e-06 250
1711705920060 8.132156438908591e-06 251
1711707110977 8.166845755612457e-06 252
1711708300673 8.201283074143974e-06 253
1711709489428 8.23546561996869e-06 254
1711710676926 8.269390639079437e-06 255
1711711863493 8.303055398216643e-06 256
1711713052653 8.336457185089326e-06 257
1711714242368 8.369593308593747e-06 258
1711715430903 8.402461099030503e-06 259
1711716616875 8.43505790831811e-06 260
1711717800802 8.467381110208332e-06 261
1711718984884 8.499428100496326e-06 262
1711720166621 8.531196297231067e-06 263
1711721345165 8.562683140923526e-06 264
1711722523685 8.593886094752511e-06 265
1711723701114 8.624802644768784e-06 266
1711724877102 8.655430300098329e-06 267
1711726053766 8.685766593142976e-06 268
1711727229138 8.715809079778498e-06 269
1711728404272 8.745555339552215e-06 270
1711729578077 8.775002975877287e-06 271
1711730750923 8.804149616226818e-06 272
1711731923256 8.832992912324486e-06 273
1711733094835 8.86153054033298e-06 274
1711734265121 8.889760201042755e-06 275
1711735431646 8.917679620056197e-06 276
1711736596455 8.945286547970918e-06 277
1711737759368 8.972578760561511e-06 278
1711738921586 8.999554058958404e-06 279
1711740082273 9.02621026982464e-06 280
1711741242196 9.05254524553192e-06 281
1711742402785 9.078556864333125e-06 282
1711743565040 9.104243030532576e-06 283
1711744724416 9.129601674656412e-06 284
1711745883780 9.15463075361792e-06 285
1711747042358 9.179328250882916e-06 286
1711748200761 9.203692176631946e-06 287
1711749358212 9.227720567920114e-06 288
1711750512233 9.251411488836777e-06 289
1711751667695 9.274763030659516e-06 290
1711752824594 9.297773312009186e-06 291
1711753982333 9.320440479001723e-06 292
1711755140050 9.342762705396335e-06 293
1711756297596 9.364738192743664e-06 294
1711757455479 9.38636517053017e-06 295
1711758614445 9.407641896320476e-06 296
1711759773278 9.428566655899026e-06 297
1711760932327 9.449137763406742e-06 298
1711762092165 9.469353561477864e-06 299
1711763255068 9.489212421372754e-06 300
1711764420687 9.508712743109594e-06 301
1711765590218 9.527852955592994e-06 302
1711766762457 9.546631516741075e-06 303
1711767937448 9.56504691360905e-06 304
1711769116287 9.583097662511458e-06 305
1711770299063 9.60078230914212e-06 306
1711771485567 9.618099428689586e-06 307
1711772672960 9.635047625955065e-06 308
1711773862254 9.651625535461335e-06 309
1711775052053 9.66783182156527e-06 310
1711776241903 9.683665178564236e-06 311
1711777433586 9.699124330801952e-06 312
1711778625055 9.714208032770776e-06 313
1711779814163 9.728915069211894e-06 314
1711781004858 9.74324425521389e-06 315
1711782196584 9.757194436308135e-06 316
1711783388390 9.770764488560413e-06 317
1711784582632 9.783953318664426e-06 318
1711785776390 9.796759864026148e-06 319
1711786969068 9.809183092852703e-06 320
1711788160086 9.821222004233486e-06 321
1711789349617 9.832875628221388e-06 322
1711790539785 9.844143025911596e-06 323
1711791729075 9.855023289515923e-06 324
1711792917716 9.865515542437316e-06 325
1711794105783 9.875618939339408e-06 326
1711795293605 9.885332666215177e-06 327
1711796480684 9.894655940452234e-06 328
1711797667740 9.90358801089645e-06 329
1711798853693 9.912128157911988e-06 330
1711800038208 9.920275693438588e-06 331
1711801222277 9.928029961048637e-06 332
1711802406491 9.935390335999424e-06 333
1711803592810 9.942356225281902e-06 334
1711804780168 9.948927067671779e-06 335
1711805967376 9.955102333770654e-06 336
1711807154034 9.960881526052447e-06 337
1711808339622 9.966264178900482e-06 338
1711809525208 9.971249858647949e-06 339
1711810708517 9.975838163609658e-06 340
1711811892028 9.980028724117183e-06 341
1711813074907 9.983821202545947e-06 342
1711814257259 9.987215293345827e-06 343
1711815438779 9.990210723061973e-06 344
1711816619665 9.992807250360628e-06 345
1711817799777 9.995004666044904e-06 346
1711818978854 9.996802793074212e-06 347
1711820157075 9.998201486578071e-06 348
1711821335728 9.999200633866638e-06 349
