1716280237253 0.0 0
1716280632859 1.0 1
1716281012104 2.0 2
1716281410487 3.0 3
1716281780663 4.0 4
1716282191662 5.0 5
1716282568365 6.0 6
1716283029333 7.0 7
1716283420414 8.0 8
1716283876588 9.0 9
1716284251819 10.0 10
1716284727006 11.0 11
1716285125999 12.0 12
1716285615732 13.0 13
1716285978195 14.0 14
1716286455429 15.0 15
1716286855897 16.0 16
1716287272983 17.0 17
1716287687133 18.0 18
1716288097834 19.0 19
1716288499621 20.0 20
1716288898531 21.0 21
1716289321772 22.0 22
1716289703492 23.0 23
1716290132033 24.0 24
1716290527908 25.0 25
1716290935629 26.0 26
1716291322538 27.0 27
1716291728239 28.0 28
1716292129343 29.0 29
1716292546533 30.0 30
1716292928676 31.0 31
1716293392768 32.0 32
1716293778339 33.0 33
1716294269031 34.0 34
1716294661598 35.0 35
1716295137814 36.0 36
1716295520995 37.0 37
1716295981744 38.0 38
1716296382565 39.0 39
1716296703458 40.0 40
1716297039629 41.0 41
1716297329941 42.0 42
1716297632020 43.0 43
1716297916000 44.0 44
1716298219617 45.0 45
1716298565636 46.0 46
1716298868313 47.0 47
1716299189308 48.0 48
1716299497749 49.0 49
1716299803984 50.0 50
1716300121821 51.0 51
1716300396669 52.0 52
1716300750740 53.0 53
1716301038874 54.0 54
1716301365067 55.0 55
1716301670383 56.0 56
1716301960778 57.0 57
1716302284082 58.0 58
1716302563954 59.0 59
1716302854596 60.0 60
1716303169121 61.0 61
1716303478004 62.0 62
1716303774881 63.0 63
1716304090446 64.0 64
1716304391894 65.0 65
1716304728614 66.0 66
1716304986895 67.0 67
1716305320594 68.0 68
1716305623185 69.0 69
1716305933110 70.0 70
1716306265018 71.0 71
1716306515164 72.0 72
1716306835177 73.0 73
1716307150235 74.0 74
1716307446311 75.0 75
1716307793277 76.0 76
1716308086756 77.0 77
1716308321839 78.0 78
1716308566478 79.0 79
1716308805690 80.0 80
1716309013227 81.0 81
1716309271782 82.0 82
1716309507222 83.0 83
1716309737073 84.0 84
1716309981924 85.0 85
1716310183526 86.0 86
1716310433846 87.0 87
1716310679662 88.0 88
1716310902438 89.0 89
1716311153266 90.0 90
1716311357196 91.0 91
1716311600683 92.0 92
1716311862764 93.0 93
1716312091918 94.0 94
1716312345279 95.0 95
1716312547977 96.0 96
1716312792300 97.0 97
1716313065494 98.0 98
1716313299397 99.0 99
