1716280237253 7095944.0 0
1716280632861 7095944.0 1
1716281012112 7095944.0 2
1716281410489 7095944.0 3
1716281780665 7095944.0 4
1716282191663 7095944.0 5
1716282568366 7095944.0 6
1716283029334 7095944.0 7
1716283420415 7095944.0 8
1716283876589 7095944.0 9
1716284251821 7095944.0 10
1716284727008 7095944.0 11
1716285126001 7095944.0 12
1716285615734 7095944.0 13
1716285978196 7095944.0 14
1716286455431 7095944.0 15
1716286855898 7095944.0 16
1716287272984 7095944.0 17
1716287687135 7095944.0 18
1716288097835 7095944.0 19
1716288499623 7095944.0 20
1716288898532 7095944.0 21
1716289321773 7095944.0 22
1716289703493 7095944.0 23
1716290132034 7095944.0 24
1716290527910 7095944.0 25
1716290935631 7095944.0 26
1716291322540 7095944.0 27
1716291728241 7095944.0 28
1716292129344 7095944.0 29
1716292546534 7095944.0 30
1716292928677 7095944.0 31
1716293392770 7095944.0 32
1716293778341 7095944.0 33
1716294269033 7095944.0 34
1716294661600 7095944.0 35
1716295137815 7095944.0 36
1716295520996 7095944.0 37
1716295981745 7095944.0 38
1716296382567 7095944.0 39
1716296703460 7095944.0 40
1716297039631 7095944.0 41
1716297329943 7095944.0 42
1716297632022 7095944.0 43
1716297916002 7095944.0 44
1716298219619 7095944.0 45
1716298565637 7095944.0 46
1716298868314 7095944.0 47
1716299189309 7095944.0 48
1716299497751 7095944.0 49
1716299803986 7095944.0 50
1716300121823 7095944.0 51
1716300396670 7095944.0 52
1716300750741 7095944.0 53
1716301038876 7095944.0 54
1716301365068 7095944.0 55
1716301670385 7095944.0 56
1716301960780 7095944.0 57
1716302284084 7095944.0 58
1716302563956 7095944.0 59
1716302854597 7095944.0 60
1716303169123 7095944.0 61
1716303478006 7095944.0 62
1716303774883 7095944.0 63
1716304090448 7095944.0 64
1716304391896 7095944.0 65
1716304728615 7095944.0 66
1716304986895 7095944.0 67
1716305320596 7095944.0 68
1716305623187 7095944.0 69
1716305933111 7095944.0 70
1716306265019 7095944.0 71
1716306515164 7095944.0 72
1716306835178 7095944.0 73
1716307150236 7095944.0 74
1716307446313 7095944.0 75
1716307793278 7095944.0 76
1716308086757 7095944.0 77
1716308321840 7095944.0 78
1716308566479 7095944.0 79
1716308805691 7095944.0 80
1716309013228 7095944.0 81
1716309271783 7095944.0 82
1716309507224 7095944.0 83
1716309737075 7095944.0 84
1716309981926 7095944.0 85
1716310183529 7095944.0 86
1716310433847 7095944.0 87
1716310679663 7095944.0 88
1716310902440 7095944.0 89
1716311153267 7095944.0 90
1716311357198 7095944.0 91
1716311600684 7095944.0 92
1716311862765 7095944.0 93
1716312091919 7095944.0 94
1716312345280 7095944.0 95
1716312547978 7095944.0 96
1716312792301 7095944.0 97
1716313065495 7095944.0 98
1716313299399 7095944.0 99
