1716280237250 1.2682541035439656 0
1716280632851 1.2077739760279655 1
1716281012097 1.1802214876465176 2
1716281410480 1.1624498911525891 3
1716281780655 1.1490843127603116 4
1716282191657 1.144776098754095 5
1716282568360 1.1390761438271273 6
1716283029328 1.1407403268891831 7
1716283420409 1.1419763995901397 8
1716283876579 1.1365660652518272 9
1716284251811 1.1405236960753151 10
1716284726998 1.1395467467930005 11
1716285125991 1.137297167726185 12
1716285615725 1.1380011857203816 13
1716285978191 1.134881498373073 14
1716286455420 1.13501490684955 15
1716286855890 1.1324766414320988 16
1716287272978 1.1346313490167907 17
1716287687124 1.131083969188773 18
1716288097829 1.1307021816787513 19
1716288499616 1.1305956824318222 20
1716288898523 1.12620550815178 21
1716289321767 1.1242410352696544 22
1716289703487 1.1226184083067852 23
1716290132029 1.1235084520733876 24
1716290527903 1.1215578965518787 25
1716290935620 1.1200628526832745 26
1716291322534 1.1149552328431087 27
1716291728235 1.1156770062187444 28
1716292129338 1.1117526315476582 29
1716292546525 1.1112136448854986 30
1716292928671 1.1084418296813965 31
1716293392759 1.1083986059479092 32
1716293778330 1.1045917505803315 33
1716294269027 1.103787788554378 34
1716294661590 1.1034943749723227 35
1716295137806 1.0994442150644634 36
1716295520986 1.097638439225114 37
1716295981734 1.0958964614116626 38
1716296382558 1.0939153857205226 39
1716296703449 1.0881622501689454 40
1716297039619 1.0878919771184092 41
1716297329933 1.0863446032871371 42
1716297632012 1.085786505561808 43
1716297915996 1.0824480450347713 44
1716298219610 1.0830275293277658 45
1716298565629 1.0794085338711739 46
1716298868307 1.0774253383278847 47
1716299189304 1.0764252387959024 48
1716299497741 1.073230110756729 49
1716299803979 1.0715698259680166 50
1716300121814 1.0718910875527754 51
1716300396664 1.067452296614647 52
1716300750735 1.0671855020134344 53
1716301038866 1.0627574266298958 54
1716301365062 1.0625992295858653 55
1716301670375 1.0612443423141604 56
1716301960769 1.0601962041919646 57
1716302284072 1.0600905766629654 58
1716302563949 1.0625343330852364 59
1716302854591 1.0595961632611959 60
1716303169112 1.0566455443268237 61
1716303477996 1.058643470801737 62
1716303774873 1.0526258637723716 63
1716304090440 1.0493943788435147 64
1716304391889 1.0491731678662093 65
1716304728609 1.0468412122648696 66
1716304986892 1.0476717331811138 67
1716305320584 1.0471096145717993 68
1716305623177 1.0437256884963617 69
1716305933105 1.0466879986874436 70
1716306265009 1.0448868674752505 71
1716306515161 1.0524711132697437 72
1716306835172 1.0445996540720048 73
1716307150229 1.0416542395301487 74
1716307446303 1.0416420144231424 75
1716307793272 1.0450621814183567 76
1716308086747 1.0397765620247177 77
1716308321833 1.038061222628407 78
1716308566472 1.0385067952067957 79
1716308805685 1.0339484937165095 80
1716309013218 1.0403726724502833 81
1716309271778 1.036297522161318 82
1716309507213 1.033852400339168 83
1716309737069 1.0450489770459093 84
1716309981919 1.037368920672199 85
1716310183515 1.034428868604743 86
1716310433837 1.031740286913903 87
1716310679658 1.0291052659892517 88
1716310902429 1.0281165183886238 89
1716311153261 1.0330436824132567 90
1716311357186 1.036693058260109 91
1716311600678 1.0287741782224697 92
1716311862759 1.0288017390538817 93
1716312091913 1.027513718151528 94
1716312345274 1.0284392375337041 95
1716312547970 1.0258937424615673 96
1716312792294 1.0263283706229667 97
1716313065489 1.0260782147879186 98
1716313299389 1.030334094134362 99
