1716280237248 1.0000000000000025e-05 0
1716280632847 1.0000000000000025e-05 1
1716281012091 8.003124999999968e-06 2
1716281410474 6.0062500000000604e-06 3
1716281780650 4.009374999999988e-06 4
1716282191655 2.0124999999999833e-06 5
1716282568358 7.708711218521171e-08 6
1716283029325 1.0405036550287583e-07 7
1716283420407 1.358530400089085e-07 8
1716283876574 1.724637503031639e-07 9
1716284251807 2.1384636603463626e-07 10
1716284726993 2.599600475577902e-07 11
1716285125987 3.1075928623633015e-07 12
1716285615721 3.6619394935474757e-07 13
1716285978188 4.262093295932499e-07 14
1716286455415 4.907461990172981e-07 15
1716286855887 5.59740867528378e-07 16
1716287272976 6.331252457185211e-07 17
1716287687120 7.108269120662543e-07 18
1716288097827 7.927691844079053e-07 19
1716288499614 8.788711956137128e-07 20
1716288898519 9.690479733938212e-07 21
1716289321765 1.0632105241557284e-06 22
1716289703485 1.1612659208302357e-06 23
1716290132027 1.2631173945791842e-06 24
1716290527901 1.3686644302946676e-06 25
1716290935616 1.4778028657952769e-06 26
1716291322531 1.5904249946216246e-06 27
1716291728233 1.7064196723295887e-06 28
1716292129336 1.8256724261764752e-06 29
1716292546520 1.948065568091773e-06 30
1716292928669 2.073478310821179e-06 31
1716293392755 2.2017868871288e-06 32
1716293778326 2.3328646719407834e-06 33
1716294269024 2.4665823073087004e-06 34
1716294661586 2.602807830070321e-06 35
1716295137801 2.7414068020814956e-06 36
1716295520982 2.882242442890016e-06 37
1716295981730 3.0251757647216806e-06 38
1716296382553 3.1700657096444514e-06 39
1716296703444 3.316769288775446e-06 40
1716297039615 3.4651417233938258e-06 41
1716297329928 3.6150365878197936e-06 42
1716297632007 3.7663059539192003e-06 43
1716297915993 3.918800537090712e-06 44
1716298219606 4.072369843591596e-06 45
1716298565623 4.226862319056994e-06 46
1716298868304 4.382125498065707e-06 47
1716299189301 4.538006154605208e-06 48
1716299497737 4.6943504532872365e-06 49
1716299803977 4.851004101164663e-06 50
1716300121809 5.0078125000000175e-06 51
1716300396662 5.164620898835367e-06 52
1716300750733 5.321274546712768e-06 53
1716301038862 5.4776188453947355e-06 54
1716301365060 5.633499501934289e-06 55
1716301670369 5.788762680943013e-06 56
1716301960765 5.943255156408415e-06 57
1716302284067 6.096824462909294e-06 58
1716302563946 6.249319046080799e-06 59
1716302854589 6.400588412180238e-06 60
1716303169107 6.550483276606198e-06 61
1716303477992 6.6988557112245335e-06 62
1716303774869 6.845559290355497e-06 63
1716304090437 6.990449235278315e-06 64
1716304391887 7.133382557110002e-06 65
1716304728607 7.274218197918479e-06 66
1716304986890 7.412817169929704e-06 67
1716305320579 7.549042692691319e-06 68
1716305623173 7.682760328059246e-06 69
1716305933103 7.813838112871237e-06 70
1716306265005 7.942146689178854e-06 71
1716306515159 8.067559431908271e-06 72
1716306835170 8.18995257382356e-06 73
1716307150226 8.309205327670413e-06 74
1716307446299 8.425200005378409e-06 75
1716307793270 8.537822134204757e-06 76
1716308086742 8.646960569705247e-06 77
1716308321831 8.752507605420794e-06 78
1716308566469 8.854359079169712e-06 79
1716308805683 8.952414475844274e-06 80
1716309013214 9.046577026606158e-06 81
1716309271777 9.136753804386304e-06 82
1716309507209 9.222855815592133e-06 83
1716309737067 9.304798087933755e-06 84
1716309981917 9.382499754281438e-06 85
1716310183511 9.455884132471569e-06 86
1716310433832 9.52487880098275e-06 87
1716310679656 9.589415670406804e-06 88
1716310902425 9.649431050645288e-06 89
1716311153259 9.704865713763736e-06 90
1716311357182 9.755664952442242e-06 91
1716311600676 9.801778633965312e-06 92
1716311862757 9.84316124969691e-06 93
1716312091911 9.879771959991115e-06 94
1716312345272 9.911574634497137e-06 95
1716312547968 9.938537887814742e-06 96
1716312792292 9.960635110468385e-06 97
1716313065487 9.97784449516693e-06 98
1716313299385 9.99014905832557e-06 99
