1717717856489 0.0 0
1717718323805 1.0 1
1717718842648 2.0 2
1717719343219 3.0 3
1717719890829 4.0 4
1717720471402 5.0 5
1717721056665 6.0 6
1717721661876 7.0 7
1717722288934 8.0 8
1717722941349 9.0 9
1717723583048 10.0 10
1717724198225 11.0 11
1717724799313 12.0 12
1717725403708 13.0 13
1717726007821 14.0 14
1717726616861 15.0 15
1717727157778 16.0 16
1717727664248 17.0 17
1717728180377 18.0 18
1717728712047 19.0 19
1717729276364 20.0 20
1717729868453 21.0 21
1717730468668 22.0 22
1717731071221 23.0 23
1717731664698 24.0 24
1717732253987 25.0 25
1717732839778 26.0 26
1717733421959 27.0 27
1717733996507 28.0 28
1717734562505 29.0 29
1717735126073 30.0 30
1717735690532 31.0 31
1717736255820 32.0 32
1717736820745 33.0 33
1717737380258 34.0 34
1717737940553 35.0 35
1717738503011 36.0 36
1717739066659 37.0 37
1717739630190 38.0 38
1717740211206 39.0 39
1717740819372 40.0 40
1717741448259 41.0 41
1717742097794 42.0 42
1717742735721 43.0 43
1717743363251 44.0 44
1717743978355 45.0 45
1717744578861 46.0 46
1717745198240 47.0 47
1717745831321 48.0 48
1717746463444 49.0 49
1717747096565 50.0 50
1717747719781 51.0 51
1717748334267 52.0 52
1717748930861 53.0 53
1717749488826 54.0 54
1717749999756 55.0 55
1717750497439 56.0 56
1717750993057 57.0 57
1717751528037 58.0 58
1717752122149 59.0 59
1717752741243 60.0 60
1717753356303 61.0 61
1717753942482 62.0 62
1717754493245 63.0 63
1717755021094 64.0 64
1717755548632 65.0 65
1717756143151 66.0 66
1717756760217 67.0 67
1717757372747 68.0 68
1717757977973 69.0 69
1717758580770 70.0 70
1717759191487 71.0 71
1717759815102 72.0 72
1717760458789 73.0 73
1717761108706 74.0 74
1717761746349 75.0 75
1717762374806 76.0 76
1717762993130 77.0 77
1717763594415 78.0 78
1717764190917 79.0 79
1717764783675 80.0 80
1717765375135 81.0 81
1717765964500 82.0 82
1717766581091 83.0 83
1717767180619 84.0 84
1717767795055 85.0 85
1717768415528 86.0 86
1717769049733 87.0 87
1717769673708 88.0 88
1717770303516 89.0 89
1717770936014 90.0 90
1717771567048 91.0 91
1717772196988 92.0 92
1717772820113 93.0 93
1717773440240 94.0 94
1717774067740 95.0 95
1717774698301 96.0 96
1717775331534 97.0 97
1717775965311 98.0 98
1717776588682 99.0 99
1717777206794 100.0 100
1717777809676 101.0 101
1717778434014 102.0 102
1717779054773 103.0 103
1717779669421 104.0 104
1717780287443 105.0 105
1717780896766 106.0 106
1717781503205 107.0 107
1717782094549 108.0 108
1717782632346 109.0 109
1717783123586 110.0 110
1717783623789 111.0 111
1717784143027 112.0 112
1717784684842 113.0 113
1717785249627 114.0 114
1717785816153 115.0 115
1717786386981 116.0 116
1717786957931 117.0 117
1717787548918 118.0 118
1717788170076 119.0 119
1717788829012 120.0 120
1717789482403 121.0 121
1717790116074 122.0 122
1717790719822 123.0 123
1717791323134 124.0 124
1717791924390 125.0 125
1717792525626 126.0 126
1717793127613 127.0 127
1717793726726 128.0 128
1717794330752 129.0 129
1717794932737 130.0 130
1717795532352 131.0 131
1717796134332 132.0 132
1717796735367 133.0 133
1717797289232 134.0 134
1717797823781 135.0 135
1717798330425 136.0 136
1717798861394 137.0 137
1717799430625 138.0 138
1717800012216 139.0 139
1717800598811 140.0 140
1717801185932 141.0 141
1717801809214 142.0 142
1717802474580 143.0 143
1717803119200 144.0 144
1717803739714 145.0 145
1717804333922 146.0 146
1717804930243 147.0 147
1717805471745 148.0 148
1717806020345 149.0 149
1717806564659 150.0 150
1717807104498 151.0 151
1717807725050 152.0 152
1717808342772 153.0 153
1717808935885 154.0 154
1717809568117 155.0 155
1717810223019 156.0 156
1717810814692 157.0 157
1717811353597 158.0 158
1717811914303 159.0 159
1717812504838 160.0 160
1717813139549 161.0 161
1717813744778 162.0 162
1717814278289 163.0 163
1717814804492 164.0 164
1717815355958 165.0 165
1717815907880 166.0 166
1717816425457 167.0 167
1717817000273 168.0 168
1717817617176 169.0 169
1717818249869 170.0 170
1717818887138 171.0 171
1717819517386 172.0 172
1717820145158 173.0 173
1717820759212 174.0 174
1717821369531 175.0 175
1717821966899 176.0 176
1717822524028 177.0 177
1717823030893 178.0 178
1717823519124 179.0 179
1717824007859 180.0 180
1717824561455 181.0 181
1717825138763 182.0 182
1717825724594 183.0 183
1717826307628 184.0 184
1717826884522 185.0 185
1717827471009 186.0 186
1717828056995 187.0 187
1717828586190 188.0 188
1717829140007 189.0 189
1717829691146 190.0 190
1717830241769 191.0 191
1717830794066 192.0 192
1717831341725 193.0 193
1717831888918 194.0 194
1717832435022 195.0 195
1717832977640 196.0 196
1717833522045 197.0 197
1717834012543 198.0 198
1717834291306 199.0 199
