1717717856490 7080504.0 0
1717718323807 7080504.0 1
1717718842650 7080504.0 2
1717719343220 7080504.0 3
1717719890831 7080504.0 4
1717720471403 7080504.0 5
1717721056667 7080504.0 6
1717721661877 7080504.0 7
1717722288936 7080504.0 8
1717722941351 7080504.0 9
1717723583050 7080504.0 10
1717724198227 7080504.0 11
1717724799314 7080504.0 12
1717725403709 7080504.0 13
1717726007823 7080504.0 14
1717726616862 7080504.0 15
1717727157780 7080504.0 16
1717727664249 7080504.0 17
1717728180379 7080504.0 18
1717728712049 7080504.0 19
1717729276366 7080504.0 20
1717729868455 7080504.0 21
1717730468668 7080504.0 22
1717731071223 7080504.0 23
1717731664700 7080504.0 24
1717732253989 7080504.0 25
1717732839779 7080504.0 26
1717733421960 7080504.0 27
1717733996508 7080504.0 28
1717734562506 7080504.0 29
1717735126074 7080504.0 30
1717735690534 7080504.0 31
1717736255821 7080504.0 32
1717736820746 7080504.0 33
1717737380259 7080504.0 34
1717737940554 7080504.0 35
1717738503012 7080504.0 36
1717739066660 7080504.0 37
1717739630191 7080504.0 38
1717740211207 7080504.0 39
1717740819374 7080504.0 40
1717741448260 7080504.0 41
1717742097796 7080504.0 42
1717742735722 7080504.0 43
1717743363252 7080504.0 44
1717743978357 7080504.0 45
1717744578862 7080504.0 46
1717745198244 7080504.0 47
1717745831322 7080504.0 48
1717746463445 7080504.0 49
1717747096566 7080504.0 50
1717747719783 7080504.0 51
1717748334268 7080504.0 52
1717748930862 7080504.0 53
1717749488828 7080504.0 54
1717749999757 7080504.0 55
1717750497440 7080504.0 56
1717750993058 7080504.0 57
1717751528038 7080504.0 58
1717752122150 7080504.0 59
1717752741244 7080504.0 60
1717753356305 7080504.0 61
1717753942484 7080504.0 62
1717754493246 7080504.0 63
1717755021095 7080504.0 64
1717755548634 7080504.0 65
1717756143153 7080504.0 66
1717756760219 7080504.0 67
1717757372748 7080504.0 68
1717757977974 7080504.0 69
1717758580771 7080504.0 70
1717759191488 7080504.0 71
1717759815103 7080504.0 72
1717760458790 7080504.0 73
1717761108708 7080504.0 74
1717761746350 7080504.0 75
1717762374808 7080504.0 76
1717762993131 7080504.0 77
1717763594416 7080504.0 78
1717764190918 7080504.0 79
1717764783677 7080504.0 80
1717765375137 7080504.0 81
1717765964502 7080504.0 82
1717766581092 7080504.0 83
1717767180620 7080504.0 84
1717767795055 7080504.0 85
1717768415530 7080504.0 86
1717769049734 7080504.0 87
1717769673710 7080504.0 88
1717770303517 7080504.0 89
1717770936015 7080504.0 90
1717771567049 7080504.0 91
1717772196989 7080504.0 92
1717772820113 7080504.0 93
1717773440241 7080504.0 94
1717774067742 7080504.0 95
1717774698302 7080504.0 96
1717775331535 7080504.0 97
1717775965312 7080504.0 98
1717776588683 7080504.0 99
1717777206795 7080504.0 100
1717777809677 7080504.0 101
1717778434015 7080504.0 102
1717779054774 7080504.0 103
1717779669423 7080504.0 104
1717780287445 7080504.0 105
1717780896768 7080504.0 106
1717781503206 7080504.0 107
1717782094550 7080504.0 108
1717782632346 7080504.0 109
1717783123588 7080504.0 110
1717783623790 7080504.0 111
1717784143028 7080504.0 112
1717784684843 7080504.0 113
1717785249628 7080504.0 114
1717785816154 7080504.0 115
1717786386982 7080504.0 116
1717786957932 7080504.0 117
1717787548920 7080504.0 118
1717788170078 7080504.0 119
1717788829013 7080504.0 120
1717789482405 7080504.0 121
1717790116076 7080504.0 122
1717790719824 7080504.0 123
1717791323136 7080504.0 124
1717791924391 7080504.0 125
1717792525627 7080504.0 126
1717793127614 7080504.0 127
1717793726727 7080504.0 128
1717794330753 7080504.0 129
1717794932738 7080504.0 130
1717795532354 7080504.0 131
1717796134333 7080504.0 132
1717796735368 7080504.0 133
1717797289233 7080504.0 134
1717797823781 7080504.0 135
1717798330426 7080504.0 136
1717798861395 7080504.0 137
1717799430626 7080504.0 138
1717800012217 7080504.0 139
1717800598813 7080504.0 140
1717801185932 7080504.0 141
1717801809215 7080504.0 142
1717802474582 7080504.0 143
1717803119202 7080504.0 144
1717803739715 7080504.0 145
1717804333924 7080504.0 146
1717804930245 7080504.0 147
1717805471746 7080504.0 148
1717806020346 7080504.0 149
1717806564660 7080504.0 150
1717807104499 7080504.0 151
1717807725051 7080504.0 152
1717808342774 7080504.0 153
1717808935886 7080504.0 154
1717809568118 7080504.0 155
1717810223020 7080504.0 156
1717810814694 7080504.0 157
1717811353598 7080504.0 158
1717811914304 7080504.0 159
1717812504840 7080504.0 160
1717813139550 7080504.0 161
1717813744779 7080504.0 162
1717814278290 7080504.0 163
1717814804493 7080504.0 164
1717815355960 7080504.0 165
1717815907881 7080504.0 166
1717816425458 7080504.0 167
1717817000274 7080504.0 168
1717817617177 7080504.0 169
1717818249870 7080504.0 170
1717818887139 7080504.0 171
1717819517388 7080504.0 172
1717820145160 7080504.0 173
1717820759213 7080504.0 174
1717821369533 7080504.0 175
1717821966901 7080504.0 176
1717822524029 7080504.0 177
1717823030894 7080504.0 178
1717823519125 7080504.0 179
1717824007860 7080504.0 180
1717824561456 7080504.0 181
1717825138764 7080504.0 182
1717825724595 7080504.0 183
1717826307629 7080504.0 184
1717826884523 7080504.0 185
1717827471010 7080504.0 186
1717828056996 7080504.0 187
1717828586191 7080504.0 188
1717829140008 7080504.0 189
1717829691148 7080504.0 190
1717830241770 7080504.0 191
1717830794066 7080504.0 192
1717831341725 7080504.0 193
1717831888920 7080504.0 194
1717832435023 7080504.0 195
1717832977641 7080504.0 196
1717833522045 7080504.0 197
1717834012545 7080504.0 198
1717834291307 7080504.0 199
