1717717856486 1.4163852790775506 0
1717718323797 1.3576677861097066 1
1717718842640 1.2934321293040463 2
1717719343214 1.2440004688890085 3
1717719890819 1.204405788494193 4
1717720471397 1.1928390309862469 5
1717721056657 1.1770011257866155 6
1717721661867 1.176879993032502 7
1717722288926 1.1800100628448569 8
1717722941341 1.184169143843262 9
1717723583039 1.1743729906561582 10
1717724198217 1.1754181704119495 11
1717724799304 1.1817368087561235 12
1717725403705 1.1847409469925838 13
1717726007812 1.1780979975086192 14
1717726616857 1.1667468880667635 15
1717727157770 1.1779696538882412 16
1717727664243 1.167662780246009 17
1717728180373 1.1792745476021715 18
1717728712040 1.1520120294197747 19
1717729276358 1.1675374392905962 20
1717729868443 1.1683395218266093 21
1717730468665 1.156194599831234 22
1717731071214 1.160475142462098 23
1717731664689 1.167527732722785 24
1717732253978 1.1651337129752273 25
1717732839770 1.1686976480743159 26
1717733421955 1.1649833627693031 27
1717733996503 1.165570836028327 28
1717734562501 1.1481278575146976 29
1717735126070 1.151811650670741 30
1717735690526 1.1517515708894834 31
1717736255813 1.1387815621236097 32
1717736820741 1.1351023024029059 33
1717737380255 1.1330463757495517 34
1717737940546 1.1464480016704486 35
1717738503002 1.1272549680231705 36
1717739066651 1.1189518302031185 37
1717739630185 1.1272818058243264 38
1717740211202 1.1253959074130524 39
1717740819365 1.12615550333715 40
1717741448256 1.1199621909662434 41
1717742097790 1.1186933543371118 42
1717742735717 1.1172597379950078 43
1717743363245 1.112529165394928 44
1717743978349 1.1053743867770485 45
1717744578857 1.1110733924028666 46
1717745198233 1.113845800737972 47
1717745831316 1.0976825695808814 48
1717746463438 1.0971705156337956 49
1717747096561 1.0911043717971314 50
1717747719772 1.0906303401064614 51
1717748334262 1.089802889963207 52
1717748930858 1.095296877314863 53
1717749488816 1.0879780172329883 54
1717749999751 1.0807788585029219 55
1717750497434 1.0713880578784838 56
1717750993053 1.0739263608727767 57
1717751528031 1.0642838872483242 58
1717752122144 1.060863174174143 59
1717752741239 1.0667604602387417 60
1717753356299 1.054863592447794 61
1717753942478 1.056717531674582 62
1717754493240 1.0503312024571325 63
1717755021091 1.0565303553543661 64
1717755548627 1.0499548017168823 65
1717756143143 1.0490133185749468 66
1717756760212 1.0397358062960531 67
1717757372740 1.0442146923716948 68
1717757977970 1.0362501572007718 69
1717758580767 1.0407395682743061 70
1717759191483 1.02744600687014 71
1717759815094 1.0299060505045496 72
1717760458784 1.0235227037059225 73
1717761108699 1.0198665433765755 74
1717761746341 1.0276206182720868 75
1717762374798 1.0158594670988943 76
1717762993124 1.0112472690803849 77
1717763594412 1.0200798318761846 78
1717764190912 1.008058854824175 79
1717764783667 1.0070571919660205 80
1717765375127 1.0093558189337668 81
1717765964492 1.0048145258232304 82
1717766581087 1.0030494276434183 83
1717767180615 1.0070075268006844 84
1717767795051 1.0089088641107082 85
1717768415520 0.9986438692101965 86
1717769049727 0.9967555990847556 87
1717769673704 0.9975475195147421 88
1717770303512 1.0009140009465425 89
1717770936009 0.9978022555132275 90
1717771567043 0.9929510238377944 91
1717772196984 0.9915994977497536 92
1717772820109 0.9900996049299188 93
1717773440234 0.9898180796400361 94
1717774067731 0.9906189244078554 95
1717774698296 0.983488377912537 96
1717775331528 0.9962394576033821 97
1717775965307 0.9858327190513196 98
1717776588677 0.9875710811465979 99
1717777206788 0.9904834938276074 100
1717777809672 0.9825315475463867 101
1717778434009 0.9822866572472064 102
1717779054770 0.9819732574826997 103
1717779669413 0.9796000368407239 104
1717780287435 0.984902470332125 105
1717780896761 0.980336144728505 106
1717781503200 0.979325418886931 107
1717782094545 0.9752840340623389 108
1717782632342 0.9753228229996951 109
1717783123580 0.9759541382284268 110
1717783623784 0.9764574428453393 111
1717784143024 0.9780683823577736 112
1717784684838 0.9764301070700521 113
1717785249624 0.9779199959467286 114
1717785816149 0.9748689972836039 115
1717786386976 0.9746806396414405 116
1717786957927 0.9732449743086877 117
1717787548911 0.9735124576026979 118
1717788170068 0.9819734574336073 119
1717788829008 0.9781460678609817 120
1717789482395 0.9724840538819199 121
1717790116067 0.973341400694588 122
1717790719814 0.9713227001383252 123
1717791323124 0.9751604961474305 124
1717791924387 0.978094151891444 125
1717792525622 0.9747060045761906 126
1717793127608 0.9764228808167188 127
1717793726721 0.9744112264041019 128
1717794330745 0.9756170100653949 129
1717794932731 0.9700373919761699 130
1717795532347 0.9711709224173556 131
1717796134328 0.9689598662535781 132
1717796735362 0.9710648257447325 133
1717797289228 0.9676049213208582 134
1717797823777 0.9796057947627876 135
1717798330422 0.9737803259783465 136
1717798861386 0.9704132724715315 137
1717799430619 0.9668556412115045 138
1717800012212 0.9716711615252754 139
1717800598806 0.9717925599897685 140
1717801185928 0.9711986992346204 141
1717801809209 0.9703712538694558 142
1717802474572 0.966089512909884 143
1717803119192 0.9698844946434965 144
1717803739705 0.969178077319394 145
1717804333914 0.9857671511885913 146
1717804930236 0.963097478384557 147
1717805471741 0.966230063010817 148
1717806020340 0.9627947731186515 149
1717806564656 0.9706622701462196 150
1717807104493 0.9647340834464716 151
1717807725046 0.9671756885945797 152
1717808342764 0.9644251464987579 153
1717808935880 0.9816907515506381 154
1717809568110 0.968108490433382 155
1717810223013 0.965164572486411 156
1717810814684 0.9630820458835881 157
1717811353592 0.9733069444318181 158
1717811914298 0.9640952648352021 159
1717812504833 0.9628903520010088 160
1717813139545 0.9654748741861271 161
1717813744773 0.9685456364861001 162
1717814278283 0.9659103717978882 163
1717814804488 0.9679621203762033 164
1717815355950 0.9718655903378258 165
1717815907877 0.9660889231802329 166
1717816425454 0.9678242801810089 167
1717817000267 0.9635605462219404 168
1717817617169 0.9583866859421782 169
1717818249865 0.969269682612756 170
1717818887133 0.9620551229657038 171
1717819517378 0.9619358151179292 172
1717820145152 0.9771090847156618 173
1717820759205 0.9589914020312869 174
1717821369525 0.9674683954242779 175
1717821966891 0.9623140665985968 176
1717822524024 0.9627420927357414 177
1717823030890 0.9668405151561551 178
1717823519119 0.9649454019153896 179
1717824007855 0.9594377284950536 180
1717824561452 0.9604450850545064 181
1717825138760 0.9609488439948662 182
1717825724588 0.9596376874200676 183
1717826307624 0.9659077375317398 184
1717826884515 0.9728083422650462 185
1717827471004 0.9583979507341333 186
1717828056989 0.9556691637667625 187
1717828586186 0.9589546510706777 188
1717829140004 0.9707415729113247 189
1717829691139 0.9585304039975872 190
1717830241765 0.9579499416539202 191
1717830794062 0.9729410601860803 192
1717831341720 0.9642100657295921 193
1717831888912 0.960115258379475 194
1717832435019 0.9581451785305272 195
1717832977635 0.9729093498671832 196
1717833522041 0.9621779452199521 197
1717834012535 0.9589163309530072 198
1717834291301 0.9621804582521968 199
