1717717856485 9.999999999999821e-06 0
1717718323792 9.999999999999821e-06 1
1717718842635 8.003125000000054e-06 2
1717719343212 6.006250000000084e-06 3
1717719890815 4.009374999999961e-06 4
1717720471395 2.0124999999999786e-06 5
1717721056652 3.101424800415069e-08 6
1717721661863 3.778050483306068e-08 7
1717722288922 4.577304268859532e-08 8
1717722941337 5.498988953162855e-08 9
1717723583035 6.542877124312479e-08 10
1717724198212 7.708711218521327e-08 11
1717724799299 8.99620358367144e-08 12
1717725403703 1.0405036550287616e-07 13
1717726007807 1.193486250991563e-07 14
1717726616856 1.3585304000890825e-07 15
1717727157766 1.535595380147265e-07 16
1717727664240 1.7246375030316084e-07 17
1717728180371 1.9256101254271226e-07 18
1717728712036 2.1384636603463928e-07 19
1717729276353 2.3631455893646363e-07 20
1717729868439 2.599600475577924e-07 21
1717730468662 2.847769977281182e-07 22
1717731071207 3.1075928623632427e-07 23
1717731664685 3.379005023415242e-07 24
1717732253974 3.6619394935474794e-07 25
1717732839767 3.956326462913136e-07 26
1717733421953 4.2620932959324986e-07 27
1717733996501 4.579164549214859e-07 28
1717734562499 4.907461990173027e-07 29
1717735126068 5.24690461632545e-07 30
1717735690523 5.597408675283739e-07 31
1717736255810 5.958887685416057e-07 32
1717736820740 6.331252457185202e-07 33
1717737380253 6.714411115155851e-07 34
1717737940543 7.108269120662461e-07 35
1717738502998 7.512729295135598e-07 36
1717739066648 7.927691844079031e-07 37
1717739630182 8.353054381693497e-07 38
1717740211200 8.788711956137184e-07 39
1717740819360 9.234557075422652e-07 40
1717741448254 9.690479733938117e-07 41
1717742097787 1.015636743958962e-06 42
1717742735715 1.0632105241557405e-06 43
1717743363242 1.1117575758656836e-06 44
1717743978346 1.1612659208302353e-06 45
1717744578855 1.2117233436061076e-06 46
1717745198229 1.2631173945792096e-06 47
1717745831312 1.3154353930364863e-06 48
1717746463436 1.3686644302946887e-06 49
1717747096559 1.4227913728853415e-06 50
1717747719767 1.4778028657952767e-06 51
1717748334260 1.533685335761823e-06 52
1717748930856 1.5904249946216246e-06 53
1717749488812 1.6480078427129462e-06 54
1717749999749 1.7064196723296092e-06 55
1717750497432 1.7656460712266292e-06 56
1717750993052 1.8256724261764502e-06 57
1717751528027 1.8864839265741295e-06 58
1717752122141 1.948065568091793e-06 59
1717752741238 2.010402156380903e-06 60
1717753356296 2.0734783108211434e-06 61
1717753942475 2.1372784683151794e-06 62
1717754493238 2.201786887128827e-06 63
1717755021089 2.266987650774926e-06 64
1717755548624 2.3328646719408296e-06 65
1717756143138 2.399401696457077e-06 66
1717756760209 2.466582307308711e-06 67
1717757372737 2.5343899286850575e-06 68
1717757977968 2.60280783007036e-06 69
1717758580765 2.671819130371049e-06 70
1717759191481 2.741406802081492e-06 71
1717759815091 2.811553675484932e-06 72
1717760458782 2.8822424428900285e-06 73
1717761108695 2.953455662901058e-06 74
1717761746336 3.0251757647216425e-06 75
1717762374793 3.097385052489938e-06 76
1717762993121 3.170065709644442e-06 77
1717763594409 3.2431998033207294e-06 78
1717764190910 3.3167692887754812e-06 79
1717764783663 3.39075601383898e-06 80
1717765375123 3.465141723393809e-06 81
1717765964487 3.539908063879337e-06 82
1717766581085 3.6150365878197944e-06 83
1717767180614 3.6905087583759457e-06 84
1717767795049 3.7663059539192643e-06 85
1717768415516 3.842409472625542e-06 86
1717769049725 3.918800537090645e-06 87
1717769673701 3.995460298962383e-06 88
1717770303511 4.0723698435915536e-06 89
1717770936007 4.1495101946988515e-06 90
1717771567041 4.2268623190569455e-06 91
1717772196981 4.3044071311865475e-06 92
1717772820108 4.382125498065731e-06 93
1717773440232 4.459998243850152e-06 94
1717774067727 4.5380061546051785e-06 95
1717774698293 4.616129983046188e-06 96
1717775331526 4.694350453287328e-06 97
1717775965305 4.772648265597989e-06 98
1717776588674 4.851004101164565e-06 99
1717777206785 4.929398626857433e-06 100
1717777809670 5.007812500000019e-06 101
1717778434007 5.086226373142546e-06 102
1717779054768 5.164620898835267e-06 103
1717779669409 5.242976734402045e-06 104
1717780287430 5.321274546712681e-06 105
1717780896759 5.3994950169537916e-06 106
1717781503198 5.477618845394801e-06 107
1717782094543 5.555626756149884e-06 108
1717782632340 5.6334995019342885e-06 109
1717783123576 5.7112178688134494e-06 110
1717783623782 5.7887626809431065e-06 111
1717784143022 5.866114805301182e-06 112
1717784684836 5.943255156408505e-06 113
1717785249622 6.020164701037632e-06 114
1717785816147 6.096824462909201e-06 115
1717786386974 6.173215527374464e-06 116
1717786957924 6.249319046080777e-06 117
1717787548907 6.3251162416239945e-06 118
1717788170064 6.400588412180242e-06 119
1717788829007 6.475716936120691e-06 120
1717789482390 6.550483276606282e-06 121
1717790116063 6.624868986161036e-06 122
1717790719810 6.698855711224465e-06 123
1717791323120 6.772425196679372e-06 124
1717791924385 6.845559290355481e-06 125
1717792525620 6.918239947510172e-06 126
1717793127605 6.990449235278376e-06 127
1717793726719 7.062169337098871e-06 128
1717794330742 7.133382557110113e-06 129
1717794932728 7.2040713245151035e-06 130
1717795532345 7.274218197918519e-06 131
1717796134326 7.343805869628848e-06 132
1717796735360 7.412817169929781e-06 133
1717797289226 7.48123507131498e-06 134
1717797823775 7.549042692691319e-06 135
1717798330420 7.61622330354283e-06 136
1717798861381 7.682760328059307e-06 137
1717799430617 7.748637349224983e-06 138
1717800012210 7.81383811287131e-06 139
1717800598803 7.878346531684708e-06 140
1717801185927 7.942146689178765e-06 141
1717801809207 8.005222843618992e-06 142
1717802474567 8.067559431908339e-06 143
1717803119188 8.129141073426044e-06 144
1717803739702 8.18995257382346e-06 145
1717804333910 8.249978928773269e-06 146
1717804930231 8.309205327670413e-06 147
1717805471739 8.36761715728693e-06 148
1717806020338 8.425200005378253e-06 149
1717806564654 8.481939664238198e-06 150
1717807104491 8.53782213420476e-06 151
1717807725044 8.592833627114578e-06 152
1717808342759 8.646960569705349e-06 153
1717808935878 8.700189606963383e-06 154
1717809568108 8.752507605420916e-06 155
1717810223010 8.803901656393793e-06 156
1717810814679 8.854359079169824e-06 157
1717811353590 8.903867424134414e-06 158
1717811914296 8.9524144758441e-06 159
1717812504831 8.999988256041159e-06 160
1717813139542 9.046577026606334e-06 161
1717813744771 9.092169292457882e-06 162
1717814278281 9.13675380438617e-06 163
1717814804486 9.180319561830497e-06 164
1717815355947 9.222855815591953e-06 165
1717815907874 9.264352070486568e-06 166
1717816425452 9.304798087933569e-06 167
1717817000263 9.344183888484595e-06 168
1717817617166 9.382499754281614e-06 169
1717818249863 9.419736231458506e-06 170
1717818887131 9.455884132471513e-06 171
1717819517374 9.490934538367532e-06 172
1717820145149 9.524878800982796e-06 173
1717820759201 9.557708545078633e-06 174
1717821369523 9.589415670406851e-06 175
1717821966888 9.619992353708578e-06 176
1717822524022 9.64943105064529e-06 177
1717823030888 9.677724497658514e-06 178
1717823519117 9.704865713763784e-06 179
1717824007852 9.730848002271983e-06 180
1717824561450 9.755664952442244e-06 181
1717825138757 9.779310441063395e-06 182
1717825724585 9.801778633965497e-06 183
1717826307621 9.823063987457421e-06 184
1717826884511 9.843161249696764e-06 185
1717827471000 9.862065461985208e-06 186
1717828056984 9.879771959990917e-06 187
1717828586183 9.896276374900938e-06 188
1717829140001 9.911574634496937e-06 189
1717829691135 9.92566296416342e-06 190
1717830241762 9.938537887814932e-06 191
1717830794060 9.950196228757033e-06 192
1717831341718 9.960635110468385e-06 193
1717831888909 9.969851957311418e-06 194
1717832435017 9.97784449516693e-06 195
1717832977632 9.984610751996003e-06 196
1717833522040 9.990149058325415e-06 197
1717834012530 9.994458047661625e-06 198
1717834291299 9.997536656825877e-06 199
