1716337432127 0.0 0
1716337849595 1.0 1
1716338136192 2.0 2
1716338405065 3.0 3
1716338845976 4.0 4
1716339227037 5.0 5
1716339564443 6.0 6
1716339923414 7.0 7
1716340340611 8.0 8
1716340670065 9.0 9
1716341024975 10.0 10
1716341416782 11.0 11
1716341791931 12.0 12
1716342163310 13.0 13
1716342501762 14.0 14
1716342858954 15.0 15
1716343267400 16.0 16
1716343609469 17.0 17
1716343955835 18.0 18
1716344321222 19.0 19
1716344755204 20.0 20
1716345083154 21.0 21
1716345439525 22.0 22
1716345858662 23.0 23
1716346287382 24.0 24
1716346617672 25.0 25
1716346970920 26.0 26
1716347380188 27.0 27
1716347731790 28.0 28
1716348070985 29.0 29
1716348422340 30.0 30
1716348837289 31.0 31
1716349173891 32.0 32
1716349531016 33.0 33
1716349897958 34.0 34
1716350246000 35.0 35
1716350638384 36.0 36
1716350983092 37.0 37
1716351336240 38.0 38
1716351698738 39.0 39
1716352064881 40.0 40
1716352417500 41.0 41
1716352768943 42.0 42
1716353155290 43.0 43
1716353518785 44.0 44
1716353885528 45.0 45
1716354249732 46.0 46
1716354658151 47.0 47
1716355017223 48.0 48
1716355360698 49.0 49
