1716337432128 7095944.0 0
1716337849597 7095944.0 1
1716338136194 7095944.0 2
1716338405066 7095944.0 3
1716338845977 7095944.0 4
1716339227039 7095944.0 5
1716339564445 7095944.0 6
1716339923415 7095944.0 7
1716340340613 7095944.0 8
1716340670067 7095944.0 9
1716341024976 7095944.0 10
1716341416784 7095944.0 11
1716341791933 7095944.0 12
1716342163311 7095944.0 13
1716342501764 7095944.0 14
1716342858956 7095944.0 15
1716343267401 7095944.0 16
1716343609470 7095944.0 17
1716343955837 7095944.0 18
1716344321223 7095944.0 19
1716344755205 7095944.0 20
1716345083156 7095944.0 21
1716345439527 7095944.0 22
1716345858663 7095944.0 23
1716346287383 7095944.0 24
1716346617673 7095944.0 25
1716346970922 7095944.0 26
1716347380189 7095944.0 27
1716347731792 7095944.0 28
1716348070986 7095944.0 29
1716348422341 7095944.0 30
1716348837290 7095944.0 31
1716349173893 7095944.0 32
1716349531017 7095944.0 33
1716349897960 7095944.0 34
1716350246001 7095944.0 35
1716350638386 7095944.0 36
1716350983093 7095944.0 37
1716351336242 7095944.0 38
1716351698739 7095944.0 39
1716352064883 7095944.0 40
1716352417502 7095944.0 41
1716352768945 7095944.0 42
1716353155292 7095944.0 43
1716353518787 7095944.0 44
1716353885530 7095944.0 45
1716354249734 7095944.0 46
1716354658152 7095944.0 47
1716355017224 7095944.0 48
1716355360699 7095944.0 49
