1716337432119 1.0000000000000025e-05 0
1716337849585 1.0000000000000025e-05 1
1716338136186 8.003124999999968e-06 2
1716338405058 6.0062500000000604e-06 3
1716338845971 4.009374999999988e-06 4
1716339227024 2.0124999999999833e-06 5
1716339564430 2.599600475577902e-07 6
1716339923404 3.6619394935474757e-07 7
1716340340604 4.907461990172981e-07 8
1716340670051 6.331252457185211e-07 9
1716341024960 7.927691844079053e-07 10
1716341416769 9.690479733938212e-07 11
1716341791919 1.1612659208302357e-06 12
1716342163303 1.3686644302946676e-06 13
1716342501753 1.5904249946216246e-06 14
1716342858942 1.8256724261764752e-06 15
1716343267392 2.073478310821179e-06 16
1716343609455 2.3328646719407834e-06 17
1716343955819 2.602807830070321e-06 18
1716344321215 2.882242442890016e-06 19
1716344755189 3.1700657096444514e-06 20
1716345083140 3.4651417233938258e-06 21
1716345439515 3.7663059539192003e-06 22
1716345858652 4.072369843591596e-06 23
1716346287376 4.382125498065707e-06 24
1716346617659 4.6943504532872365e-06 25
1716346970907 5.0078125000000175e-06 26
1716347380181 5.321274546712768e-06 27
1716347731778 5.633499501934289e-06 28
1716348070972 5.943255156408415e-06 29
1716348422328 6.249319046080799e-06 30
1716348837283 6.550483276606198e-06 31
1716349173884 6.845559290355497e-06 32
1716349531012 7.133382557110002e-06 33
1716349897952 7.412817169929704e-06 34
1716350245994 7.682760328059246e-06 35
1716350638377 7.942146689178854e-06 36
1716350983085 8.18995257382356e-06 37
1716351336228 8.425200005378409e-06 38
1716351698729 8.646960569705247e-06 39
1716352064869 8.854359079169712e-06 40
1716352417486 9.046577026606158e-06 41
1716352768936 9.222855815592133e-06 42
1716353155277 9.382499754281438e-06 43
1716353518772 9.52487880098275e-06 44
1716353885515 9.649431050645288e-06 45
1716354249720 9.755664952442242e-06 46
1716354658143 9.84316124969691e-06 47
1716355017216 9.911574634497137e-06 48
1716355360691 9.960635110468385e-06 49
