1716337432122 1.3071408207001893 0
1716337849589 1.2410712983945142 1
1716338136188 1.2112659802255423 2
1716338405060 1.1918689239284266 3
1716338845973 1.177766751659953 4
1716339227029 1.1726610715622487 5
1716339564435 1.166250453695007 6
1716339923408 1.1675207148427549 7
1716340340606 1.1680845540502798 8
1716340670056 1.1619389556024387 9
1716341024962 1.165256186671879 10
1716341416774 1.1633974634434865 11
1716341791923 1.1598238889937815 12
1716342163305 1.1591538356050202 13
1716342501756 1.1546641500747723 14
1716342858946 1.153272727261419 15
1716343267395 1.148701898753643 16
1716343609459 1.1498839528016422 17
1716343955825 1.144181214272976 18
1716344321217 1.1422489175330037 19
1716344755194 1.1397850338531577 20
1716345083145 1.1336038488408793 21
1716345439519 1.1298338625094164 22
1716345858655 1.125987283885479 23
1716346287378 1.125915382543336 24
1716346617663 1.1227070222730222 25
1716346970912 1.1197887817802636 26
1716347380183 1.1128939843696097 27
1716347731782 1.1125647555226865 28
1716348070976 1.1074852473709895 29
1716348422332 1.1064997522727302 30
1716348837285 1.102290356936662 31
1716349173887 1.1015656901442485 32
1716349531013 1.0983845397182133 33
1716349897954 1.0972632228032402 34
1716350245996 1.095482370775679 35
1716350638380 1.097128064736076 36
1716350983087 1.0895054823030597 37
1716351336233 1.0890871603851733 38
1716351698732 1.0884327405820722 39
1716352064874 1.080653399552988 40
1716352417491 1.0802953661136006 41
1716352768938 1.0780960878600245 42
1716353155282 1.0771664351872776 43
1716353518777 1.1056601084444835 44
1716353885519 1.0775088698643704 45
1716354249725 1.0737857442835104 46
1716354658146 1.078700128780759 47
1716355017218 1.0699284957802815 48
1716355360693 1.0674513618907202 49
