1718930322806 0.0 0
1718930670777 1.0 1
1718931015442 2.0 2
1718931374179 3.0 3
1718931730814 4.0 4
1718932083063 5.0 5
1718932433814 6.0 6
1718932779749 7.0 7
1718933132104 8.0 8
1718933493955 9.0 9
1718933846112 10.0 10
1718934186006 11.0 11
1718934535532 12.0 12
1718934883446 13.0 13
1718935235528 14.0 14
1718935584252 15.0 15
1718935936035 16.0 16
1718936283587 17.0 17
1718936631426 18.0 18
1718936971194 19.0 19
1718937324496 20.0 20
1718937684400 21.0 21
1718938028516 22.0 22
1718938374244 23.0 23
1718938709865 24.0 24
1718939052854 25.0 25
1718939401531 26.0 26
1718939755627 27.0 27
1718940101479 28.0 28
1718940438624 29.0 29
1718940781165 30.0 30
1718941125812 31.0 31
1718941470110 32.0 32
1718941826672 33.0 33
1718942175259 34.0 34
1718942508546 35.0 35
1718942853227 36.0 36
1718943198283 37.0 37
1718943542696 38.0 38
1718943900280 39.0 39
1718944246224 40.0 40
1718944587368 41.0 41
1718944931025 42.0 42
1718945273634 43.0 43
1718945616459 44.0 44
1718945964299 45.0 45
1718946307290 46.0 46
1718946652756 47.0 47
1718946996083 48.0 48
1718947338327 49.0 49
1718947678761 50.0 50
1718948015810 51.0 51
1718948365558 52.0 52
1718948712520 53.0 53
1718949055994 54.0 54
1718949399292 55.0 55
1718949741472 56.0 56
1718950075445 57.0 57
1718950428992 58.0 58
1718950782397 59.0 59
1718951126075 60.0 60
1718951469990 61.0 61
1718951808511 62.0 62
1718952145744 63.0 63
1718952494356 64.0 64
1718952849012 65.0 65
1718953192494 66.0 66
1718953540203 67.0 67
1718953876290 68.0 68
1718954218221 69.0 69
1718954567856 70.0 70
1718954922214 71.0 71
1718955262630 72.0 72
1718955596993 73.0 73
1718955936424 74.0 74
1718956278552 75.0 75
1718956620221 76.0 76
1718956975335 77.0 77
1718957324896 78.0 78
1718957660413 79.0 79
1718958009535 80.0 80
1718958358362 81.0 81
1718958712332 82.0 82
1718959069904 83.0 83
1718959408613 84.0 84
1718959754843 85.0 85
1718960103233 86.0 86
1718960452495 87.0 87
1718960813392 88.0 88
1718961151957 89.0 89
1718961499163 90.0 90
1718961845352 91.0 91
1718962191700 92.0 92
1718962551189 93.0 93
1718962887748 94.0 94
1718963235334 95.0 95
1718963582501 96.0 96
1718963935446 97.0 97
1718964289037 98.0 98
1718964625697 99.0 99
1718964973785 100.0 100
1718965322947 101.0 101
1718965683065 102.0 102
1718966038147 103.0 103
1718966382180 104.0 104
1718966724589 105.0 105
1718967071849 106.0 106
1718967427929 107.0 107
1718967785656 108.0 108
1718968127380 109.0 109
1718968463558 110.0 110
1718968805382 111.0 111
1718969147384 112.0 112
1718969497198 113.0 113
1718969850399 114.0 114
1718970185744 115.0 115
1718970527739 116.0 116
1718970871965 117.0 117
1718971214335 118.0 118
1718971565769 119.0 119
1718971913120 120.0 120
1718972248039 121.0 121
1718972588984 122.0 122
1718972930856 123.0 123
1718973274826 124.0 124
1718973624179 125.0 125
1718973965746 126.0 126
1718974307031 127.0 127
1718974649153 128.0 128
1718974990634 129.0 129
1718975331839 130.0 130
1718975671983 131.0 131
1718976013363 132.0 132
1718976358889 133.0 133
1718976701059 134.0 134
1718977042686 135.0 135
1718977384913 136.0 136
1718977718180 137.0 137
1718978067822 138.0 138
1718978413454 139.0 139
1718978752571 140.0 140
1718979093951 141.0 141
1718979435843 142.0 142
1718979771354 143.0 143
1718980129835 144.0 144
1718980489153 145.0 145
1718980836520 146.0 146
1718981178678 147.0 147
1718981521172 148.0 148
1718981873284 149.0 149
1718982237990 150.0 150
1718982584687 151.0 151
1718982923272 152.0 152
1718983265183 153.0 153
1718983609705 154.0 154
1718983963034 155.0 155
1718984319163 156.0 156
1718984656127 157.0 157
1718984999825 158.0 158
1718985344818 159.0 159
1718985689567 160.0 160
1718986044719 161.0 161
1718986381615 162.0 162
1718986719339 163.0 163
1718987063567 164.0 164
1718987405175 165.0 165
1718987745472 166.0 166
1718988095393 167.0 167
1718988433905 168.0 168
1718988777208 169.0 169
1718989119371 170.0 170
1718989466553 171.0 171
1718989812250 172.0 172
1718990157198 173.0 173
1718990504308 174.0 174
1718990847240 175.0 175
1718991190003 176.0 176
1718991532426 177.0 177
1718991872657 178.0 178
1718992215339 179.0 179
1718992570167 180.0 180
1718992913123 181.0 181
1718993255677 182.0 182
1718993599505 183.0 183
1718993937865 184.0 184
1718994294700 185.0 185
1718994650757 186.0 186
1718994994529 187.0 187
1718995337210 188.0 188
1718995673426 189.0 189
1718996010771 190.0 190
1718996357762 191.0 191
1718996710789 192.0 192
1718997053525 193.0 193
1718997396743 194.0 194
1718997729965 195.0 195
1718998076312 196.0 196
1718998427357 197.0 197
1718998787432 198.0 198
1718999133749 199.0 199
1718999475528 200.0 200
1718999828649 201.0 201
1719000190029 202.0 202
1719000560079 203.0 203
1719000916329 204.0 204
1719001279595 205.0 205
1719001658801 206.0 206
1719002010612 207.0 207
1719002360390 208.0 208
1719002727923 209.0 209
1719003078365 210.0 210
1719003436670 211.0 211
1719003828968 212.0 212
1719004180468 213.0 213
1719004537057 214.0 214
1719004915612 215.0 215
1719005263672 216.0 216
1719005622176 217.0 217
1719006000266 218.0 218
1719006351251 219.0 219
1719006744052 220.0 220
1719007111182 221.0 221
1719007488647 222.0 222
1719007864471 223.0 223
1719008215369 224.0 224
1719008585301 225.0 225
1719008956615 226.0 226
1719009327016 227.0 227
1719009711049 228.0 228
1719010097226 229.0 229
1719010444462 230.0 230
1719010801980 231.0 231
1719011169975 232.0 232
1719011549056 233.0 233
1719011945975 234.0 234
1719012262733 235.0 235
1719012563379 236.0 236
1719012873163 237.0 237
1719013164409 238.0 238
1719013455205 239.0 239
1719013745926 240.0 240
1719014045344 241.0 241
1719014336108 242.0 242
1719014625760 243.0 243
1719014917472 244.0 244
1719015216533 245.0 245
1719015509243 246.0 246
1719015801642 247.0 247
1719016092221 248.0 248
1719016391180 249.0 249
