1718930322807 7080504.0 0
1718930670779 7080504.0 1
1718931015443 7080504.0 2
1718931374180 7080504.0 3
1718931730815 7080504.0 4
1718932083064 7080504.0 5
1718932433815 7080504.0 6
1718932779750 7080504.0 7
1718933132106 7080504.0 8
1718933493957 7080504.0 9
1718933846113 7080504.0 10
1718934186007 7080504.0 11
1718934535533 7080504.0 12
1718934883447 7080504.0 13
1718935235529 7080504.0 14
1718935584253 7080504.0 15
1718935936036 7080504.0 16
1718936283589 7080504.0 17
1718936631427 7080504.0 18
1718936971196 7080504.0 19
1718937324497 7080504.0 20
1718937684401 7080504.0 21
1718938028517 7080504.0 22
1718938374245 7080504.0 23
1718938709866 7080504.0 24
1718939052855 7080504.0 25
1718939401532 7080504.0 26
1718939755628 7080504.0 27
1718940101480 7080504.0 28
1718940438625 7080504.0 29
1718940781166 7080504.0 30
1718941125813 7080504.0 31
1718941470111 7080504.0 32
1718941826673 7080504.0 33
1718942175260 7080504.0 34
1718942508547 7080504.0 35
1718942853228 7080504.0 36
1718943198284 7080504.0 37
1718943542697 7080504.0 38
1718943900281 7080504.0 39
1718944246225 7080504.0 40
1718944587369 7080504.0 41
1718944931027 7080504.0 42
1718945273636 7080504.0 43
1718945616460 7080504.0 44
1718945964301 7080504.0 45
1718946307291 7080504.0 46
1718946652757 7080504.0 47
1718946996084 7080504.0 48
1718947338328 7080504.0 49
1718947678762 7080504.0 50
1718948015811 7080504.0 51
1718948365559 7080504.0 52
1718948712521 7080504.0 53
1718949055995 7080504.0 54
1718949399293 7080504.0 55
1718949741473 7080504.0 56
1718950075446 7080504.0 57
1718950428993 7080504.0 58
1718950782398 7080504.0 59
1718951126076 7080504.0 60
1718951469991 7080504.0 61
1718951808512 7080504.0 62
1718952145745 7080504.0 63
1718952494358 7080504.0 64
1718952849013 7080504.0 65
1718953192495 7080504.0 66
1718953540204 7080504.0 67
1718953876292 7080504.0 68
1718954218223 7080504.0 69
1718954567857 7080504.0 70
1718954922215 7080504.0 71
1718955262631 7080504.0 72
1718955596994 7080504.0 73
1718955936425 7080504.0 74
1718956278553 7080504.0 75
1718956620222 7080504.0 76
1718956975336 7080504.0 77
1718957324897 7080504.0 78
1718957660415 7080504.0 79
1718958009537 7080504.0 80
1718958358363 7080504.0 81
1718958712333 7080504.0 82
1718959069905 7080504.0 83
1718959408614 7080504.0 84
1718959754844 7080504.0 85
1718960103234 7080504.0 86
1718960452496 7080504.0 87
1718960813393 7080504.0 88
1718961151959 7080504.0 89
1718961499164 7080504.0 90
1718961845353 7080504.0 91
1718962191701 7080504.0 92
1718962551190 7080504.0 93
1718962887749 7080504.0 94
1718963235335 7080504.0 95
1718963582502 7080504.0 96
1718963935447 7080504.0 97
1718964289038 7080504.0 98
1718964625698 7080504.0 99
1718964973786 7080504.0 100
1718965322948 7080504.0 101
1718965683066 7080504.0 102
1718966038148 7080504.0 103
1718966382181 7080504.0 104
1718966724590 7080504.0 105
1718967071851 7080504.0 106
1718967427930 7080504.0 107
1718967785657 7080504.0 108
1718968127381 7080504.0 109
1718968463559 7080504.0 110
1718968805383 7080504.0 111
1718969147385 7080504.0 112
1718969497199 7080504.0 113
1718969850400 7080504.0 114
1718970185745 7080504.0 115
1718970527740 7080504.0 116
1718970871966 7080504.0 117
1718971214337 7080504.0 118
1718971565770 7080504.0 119
1718971913121 7080504.0 120
1718972248040 7080504.0 121
1718972588986 7080504.0 122
1718972930857 7080504.0 123
1718973274827 7080504.0 124
1718973624180 7080504.0 125
1718973965747 7080504.0 126
1718974307032 7080504.0 127
1718974649154 7080504.0 128
1718974990635 7080504.0 129
1718975331840 7080504.0 130
1718975671985 7080504.0 131
1718976013364 7080504.0 132
1718976358891 7080504.0 133
1718976701061 7080504.0 134
1718977042687 7080504.0 135
1718977384914 7080504.0 136
1718977718181 7080504.0 137
1718978067823 7080504.0 138
1718978413455 7080504.0 139
1718978752572 7080504.0 140
1718979093952 7080504.0 141
1718979435845 7080504.0 142
1718979771355 7080504.0 143
1718980129836 7080504.0 144
1718980489154 7080504.0 145
1718980836521 7080504.0 146
1718981178680 7080504.0 147
1718981521173 7080504.0 148
1718981873285 7080504.0 149
1718982237991 7080504.0 150
1718982584688 7080504.0 151
1718982923273 7080504.0 152
1718983265184 7080504.0 153
1718983609706 7080504.0 154
1718983963035 7080504.0 155
1718984319164 7080504.0 156
1718984656128 7080504.0 157
1718984999826 7080504.0 158
1718985344819 7080504.0 159
1718985689568 7080504.0 160
1718986044720 7080504.0 161
1718986381616 7080504.0 162
1718986719340 7080504.0 163
1718987063568 7080504.0 164
1718987405176 7080504.0 165
1718987745474 7080504.0 166
1718988095394 7080504.0 167
1718988433906 7080504.0 168
1718988777210 7080504.0 169
1718989119372 7080504.0 170
1718989466554 7080504.0 171
1718989812251 7080504.0 172
1718990157199 7080504.0 173
1718990504309 7080504.0 174
1718990847242 7080504.0 175
1718991190005 7080504.0 176
1718991532427 7080504.0 177
1718991872658 7080504.0 178
1718992215340 7080504.0 179
1718992570168 7080504.0 180
1718992913125 7080504.0 181
1718993255679 7080504.0 182
1718993599506 7080504.0 183
1718993937866 7080504.0 184
1718994294701 7080504.0 185
1718994650758 7080504.0 186
1718994994530 7080504.0 187
1718995337212 7080504.0 188
1718995673428 7080504.0 189
1718996010772 7080504.0 190
1718996357763 7080504.0 191
1718996710790 7080504.0 192
1718997053526 7080504.0 193
1718997396744 7080504.0 194
1718997729966 7080504.0 195
1718998076313 7080504.0 196
1718998427358 7080504.0 197
1718998787433 7080504.0 198
1718999133756 7080504.0 199
1718999475529 7080504.0 200
1718999828650 7080504.0 201
1719000190030 7080504.0 202
1719000560080 7080504.0 203
1719000916330 7080504.0 204
1719001279597 7080504.0 205
1719001658802 7080504.0 206
1719002010614 7080504.0 207
1719002360391 7080504.0 208
1719002727924 7080504.0 209
1719003078366 7080504.0 210
1719003436671 7080504.0 211
1719003828969 7080504.0 212
1719004180469 7080504.0 213
1719004537058 7080504.0 214
1719004915613 7080504.0 215
1719005263673 7080504.0 216
1719005622177 7080504.0 217
1719006000267 7080504.0 218
1719006351253 7080504.0 219
1719006744053 7080504.0 220
1719007111184 7080504.0 221
1719007488648 7080504.0 222
1719007864472 7080504.0 223
1719008215370 7080504.0 224
1719008585302 7080504.0 225
1719008956617 7080504.0 226
1719009327017 7080504.0 227
1719009711051 7080504.0 228
1719010097228 7080504.0 229
1719010444463 7080504.0 230
1719010801981 7080504.0 231
1719011169976 7080504.0 232
1719011549057 7080504.0 233
1719011945976 7080504.0 234
1719012262734 7080504.0 235
1719012563380 7080504.0 236
1719012873165 7080504.0 237
1719013164411 7080504.0 238
1719013455207 7080504.0 239
1719013745928 7080504.0 240
1719014045345 7080504.0 241
1719014336109 7080504.0 242
1719014625761 7080504.0 243
1719014917474 7080504.0 244
1719015216534 7080504.0 245
1719015509245 7080504.0 246
1719015801643 7080504.0 247
1719016092222 7080504.0 248
1719016391181 7080504.0 249
