1718930322801 4.624311443904172 0
1718930670773 3.157834919412499 1
1718931015438 2.532304788575224 2
1718931374175 2.255867500829956 3
1718931730810 2.1118944182020165 4
1718932083058 2.035987936284231 5
1718932433809 2.018615232375653 6
1718932779745 2.010618679225445 7
1718933132100 2.0245336409172285 8
1718933493951 2.024051876981621 9
1718933846108 2.007545794319847 10
1718934186002 2.0059334026730578 11
1718934535527 1.9963922500610352 12
1718934883442 2.0042541835295116 13
1718935235524 1.9917514113628345 14
1718935584248 1.9803122912088167 15
1718935936030 2.008301260354726 16
1718936283583 2.005468097717866 17
1718936631422 1.9987708271845528 18
1718936971190 1.9677531241398791 19
1718937324492 1.9850984457070413 20
1718937684395 1.9868198599180449 21
1718938028511 1.964427552793337 22
1718938374239 1.9730766302217608 23
1718938709861 1.960373703714298 24
1718939052850 1.9669660389747308 25
1718939401527 1.962102966302115 26
1718939755622 1.9620643447598685 27
1718940101474 1.9617640447357427 28
1718940438620 1.9461673698995425 29
1718940781160 1.9489675045985242 30
1718941125808 1.937675072123175 31
1718941470106 1.924641049588504 32
1718941826667 1.9148643504342306 33
1718942175254 1.8993598676246146 34
1718942508542 1.9303460127633552 35
1718942853223 1.9000668930618658 36
1718943198278 1.8801518136068531 37
1718943542691 1.912775124868621 38
1718943900276 1.869008739033471 39
1718944246219 1.8748633874499279 40
1718944587363 1.8720926295803941 41
1718944931020 1.851502605430458 42
1718945273630 1.8567191171257391 43
1718945616455 1.8452382124960423 44
1718945964293 1.8371071967741717 45
1718946307285 1.8397713232299555 46
1718946652751 1.8518762641950794 47
1718946996079 1.8139197967298653 48
1718947338321 1.8110197938006858 49
1718947678756 1.8104896317033663 50
1718948015805 1.8062397353351116 51
1718948365554 1.8078172849896161 52
1718948712516 1.7998993749851766 53
1718949055990 1.7848463068189828 54
1718949399287 1.7838579882746157 55
1718949741467 1.7571836975605593 56
1718950075441 1.7453436995654001 57
1718950428987 1.7601746157135651 58
1718950782392 1.7299001147241697 59
1718951126070 1.7449195438429066 60
1718951469986 1.7084387581309546 61
1718951808507 1.7297343148485473 62
1718952145739 1.7062239829936754 63
1718952494352 1.7164997097266756 64
1718952849007 1.7134176382552022 65
1718953192489 1.7244947058675082 66
1718953540199 1.7100767951620661 67
1718953876285 1.6903258957292722 68
1718954218217 1.6831075421170048 69
1718954567852 1.6859963874778021 70
1718954922209 1.6547064408659935 71
1718955262626 1.6512378499559734 72
1718955596989 1.6665730518491373 73
1718955936419 1.6430293760545875 74
1718956278547 1.639404413168845 75
1718956620216 1.6197655620458333 76
1718956975331 1.6120513687315194 77
1718957324891 1.622249821929828 78
1718957660409 1.6208317793257858 79
1718958009531 1.6067239559538986 80
1718958358357 1.584866330432503 81
1718958712328 1.5942099641846574 82
1718959069899 1.599786310740139 83
1718959408609 1.5833278244928173 84
1718959754838 1.5741675165684328 85
1718960103229 1.578626854264218 86
1718960452491 1.5536287501454353 87
1718960813387 1.561710523441434 88
1718961151953 1.5731299500102582 89
1718961499158 1.5386560155159754 90
1718961845348 1.5568579381088847 91
1718962191696 1.5553959732794242 92
1718962551184 1.5414385479753432 93
1718962887743 1.525198056322077 94
1718963235329 1.5258403981671385 95
1718963582497 1.536451309028527 96
1718963935441 1.5608021765947342 97
1718964289032 1.523464742238107 98
1718964625693 1.5066358922454326 99
1718964973781 1.5213895156655624 100
1718965322942 1.5070063561687004 101
1718965683061 1.5035430308755324 102
1718966038143 1.5044759017941745 103
1718966382175 1.4944238183291063 104
1718966724583 1.499333213528861 105
1718967071845 1.4956081979300664 106
1718967427924 1.4849313203569339 107
1718967785652 1.4800280790128137 108
1718968127375 1.450377805158496 109
1718968463552 1.4622323346202788 110
1718968805378 1.459253970614594 111
1718969147373 1.4504564675785925 112
1718969497193 1.451054730978997 113
1718969850394 1.4603976318207772 114
1718970185740 1.4373425425880628 115
1718970527734 1.4636004601969668 116
1718970871961 1.4638003853514143 117
1718971214331 1.421126069582027 118
1718971565765 1.4359708513416674 119
1718971913116 1.420181075192016 120
1718972248034 1.4371607370026733 121
1718972588980 1.4156634284426337 122
1718972930852 1.4134100286047095 123
1718973274821 1.420538134953898 124
1718973624175 1.436088830637543 125
1718973965741 1.4060790639208711 126
1718974307026 1.42382985515439 127
1718974649148 1.4178589286039704 128
1718974990629 1.4016926901657945 129
1718975331834 1.396115406618818 130
1718975671979 1.3901053089648485 131
1718976013358 1.384611987306372 132
1718976358885 1.384922312491614 133
1718976701055 1.3878877902322488 134
1718977042682 1.401256056988369 135
1718977384909 1.3776450548321009 136
1718977718175 1.3877974061052436 137
1718978067817 1.393366717773935 138
1718978413450 1.3865489965385718 139
1718978752567 1.3891108208538399 140
1718979093947 1.3457666497839533 141
1718979435838 1.3583703631454187 142
1718979771349 1.3842197075162246 143
1718980129831 1.3454586861088225 144
1718980489148 1.3620413499681845 145
1718980836515 1.3726545024015333 146
1718981178674 1.3609882842587389 147
1718981521167 1.3515342083638129 148
1718981873279 1.352957304486114 149
1718982237985 1.3434091305117244 150
1718982584682 1.363472013288866 151
1718982923268 1.3413658696024313 152
1718983265179 1.339896858467356 153
1718983609701 1.346362195180162 154
1718983963030 1.334391714276179 155
1718984319158 1.3244622188579778 156
1718984656123 1.3456988916124986 157
1718984999821 1.349341584045602 158
1718985344813 1.3340806538320107 159
1718985689562 1.3059522474751524 160
1718986044715 1.3334752181949823 161
1718986381611 1.3215101324831662 162
1718986719335 1.328502137699853 163
1718987063562 1.3331867403796185 164
1718987405171 1.307798420848406 165
1718987745468 1.3339121360331774 166
1718988095388 1.3172481051929619 167
1718988433901 1.3145268013619857 168
1718988777204 1.3163862672189008 169
1718989119367 1.319372936192414 170
1718989466549 1.2895858678156915 171
1718989812245 1.2984904225753702 172
1718990157193 1.3014546902445348 173
1718990504304 1.2880906819811333 174
1718990847236 1.2992191218325626 175
1718991189999 1.306380541347291 176
1718991532421 1.29738434072098 177
1718991872653 1.2768666994474505 178
1718992215334 1.2969885406934696 179
1718992570163 1.279107836601527 180
1718992913118 1.2910309034683134 181
1718993255672 1.3015523769933244 182
1718993599501 1.2824954791399448 183
1718993937860 1.286094358028925 184
1718994294696 1.2715086149780646 185
1718994650752 1.273281032624452 186
1718994994525 1.2745004100320132 187
1718995337206 1.2802340602097304 188
1718995673422 1.2787627682251774 189
1718996010767 1.2763282061433014 190
1718996357757 1.267090821881657 191
1718996710785 1.2688446296783893 192
1718997053520 1.2768886208372272 193
1718997396738 1.2709484919095817 194
1718997729960 1.2696491285510685 195
1718998076308 1.2648053222700306 196
1718998427353 1.2690673081771187 197
1718998787428 1.2769661638885736 198
1718999133745 1.2824538355774207 199
1718999475524 1.2584393175885729 200
1718999828645 1.2484483746406825 201
1719000190025 1.2556147848296424 202
1719000560075 1.2586489552227051 203
1719000916324 1.2727835395413896 204
1719001279591 1.2440231291010329 205
1719001658796 1.2610111408259557 206
1719002010608 1.2494900784576717 207
1719002360386 1.2368861815041823 208
1719002727919 1.2365027649895004 209
1719003078360 1.2444262321552504 210
1719003436666 1.2445642863116835 211
1719003828963 1.2356303143922402 212
1719004180464 1.2455914691090584 213
1719004537053 1.2401172773021718 214
1719004915608 1.229015167478634 215
1719005263668 1.232226299850837 216
1719005622172 1.255883097000744 217
1719006000261 1.2333847475440607 218
1719006351247 1.222377122177378 219
1719006744047 1.2301061980264343 220
1719007111175 1.2410922161424938 221
1719007488642 1.2476525133394676 222
1719007864466 1.2345512935324856 223
1719008215367 1.2339005830657224 224
1719008585293 1.2169754248436377 225
1719008956611 1.2219493632083354 226
1719009327012 1.235849341944508 227
1719009711045 1.2248561506200095 228
1719010097222 1.2428071093947992 229
1719010444458 1.229629817540231 230
1719010801976 1.2206756934199645 231
1719011169971 1.2338924080781315 232
1719011549051 1.2330903474889372 233
1719011945971 1.2199961415127567 234
1719012262727 1.2251761753274046 235
1719012563375 1.215695444089563 236
1719012873157 1.2084211204200983 237
1719013164400 1.2156926966069832 238
1719013455196 1.2135027228328197 239
1719013745916 1.2243600830273784 240
1719014045338 1.2101814061727212 241
1719014336097 1.2206343464229419 242
1719014625756 1.2219175467186647 243
1719014917464 1.2052906071362288 244
1719015216529 1.2200053799087587 245
1719015509235 1.2162480483884397 246
1719015801638 1.2062417778955854 247
1719016092216 1.190971600458674 248
1719016391176 1.197535307025132 249
