1718930322799 9.999999999999821e-06 0
1718930670771 9.999999999999821e-06 1
1718931015436 8.003125000000054e-06 2
1718931374173 6.006250000000084e-06 3
1718931730808 4.009374999999961e-06 4
1718932083057 2.0124999999999786e-06 5
1718932433808 2.547594167448766e-08 6
1718932779743 2.9808302605216855e-08 7
1718933132098 3.492674810556928e-08 8
1718933493949 4.0830469913665624e-08 9
1718933846105 4.751853576339509e-08 10
1718934185999 5.498988953162855e-08 11
1718934535524 6.324335140500137e-08 12
1718934883440 7.227761806619712e-08 13
1718935235520 8.209126289978645e-08 14
1718935584246 9.268273621748121e-08 15
1718935936028 1.0405036550287616e-07 16
1718936283581 1.1619235567551963e-07 17
1718936631420 1.2910678937440756e-07 18
1718936971188 1.4279162726075904e-07 19
1718937324490 1.5724470834002356e-07 20
1718937684394 1.7246375030316084e-07 21
1718938028509 1.884463498870155e-07 22
1718938374237 2.051899832538382e-07 23
1718938709859 2.2269200638982295e-07 24
1718939052848 2.409496555226157e-07 25
1718939401524 2.599600475577924e-07 26
1718939755621 2.797201805340524e-07 27
1718940101472 3.002269340973366e-07 28
1718940438618 3.214770699935485e-07 29
1718940781158 3.434672325798837e-07 30
1718941125806 3.6619394935474794e-07 31
1718941470104 3.8965363150610546e-07 32
1718941826665 4.138425744781937e-07 33
1718942175253 4.387569585565078e-07 34
1718942508540 4.643928494709907e-07 35
1718942853220 4.907461990173027e-07 36
1718943198277 5.17812845696017e-07 37
1718943542689 5.455885153698624e-07 38
1718943900273 5.740688219386374e-07 39
1718944246217 6.032492680317479e-07 40
1718944587361 6.331252457185202e-07 41
1718944931018 6.636920372357199e-07 42
1718945273628 6.949448157326387e-07 43
1718945616453 7.268786460332559e-07 44
1718945964290 7.594884854155556e-07 45
1718946307282 7.927691844079031e-07 46
1718946652749 8.267154876021116e-07 47
1718946996076 8.613220344833964e-07 48
1718947338318 8.965833602768404e-07 49
1718947678754 9.32493896810314e-07 50
1718948015804 9.690479733938117e-07 51
1718948365551 1.0062398177149302e-06 52
1718948712514 1.044063556750281e-06 53
1718949055987 1.0825132176929678e-06 54
1718949399285 1.1215827288958545e-06 55
1718949741465 1.1612659208302355e-06 56
1718950075438 1.2015565270600477e-06 57
1718950428985 1.2424481852314805e-06 58
1718950782390 1.2839344380777264e-06 59
1718951126068 1.3260087344384783e-06 60
1718951469984 1.3686644302946887e-06 61
1718951808505 1.4118947898174135e-06 62
1718952145738 1.4556929864317493e-06 63
1718952494350 1.5000521038948211e-06 64
1718952849005 1.5449651373876432e-06 65
1718953192487 1.5904249946216246e-06 66
1718953540196 1.6364244969583511e-06 67
1718953876282 1.6829563805430792e-06 68
1718954218215 1.7300132974520331e-06 69
1718954567850 1.777587816852539e-06 70
1718954922207 1.8256724261764502e-06 71
1718955262624 1.8742595323066096e-06 72
1718955596987 1.9233414627756142e-06 73
1718955936418 1.9729104669776914e-06 74
1718956278545 2.0229587173925443e-06 75
1718956620214 2.0734783108211434e-06 76
1718956975329 2.124461269634135e-06 77
1718957324889 2.1758995430312897e-06 78
1718957660407 2.227785008312895e-06 79
1718958009529 2.280109472162528e-06 80
1718958358355 2.3328646719408296e-06 81
1718958712326 2.3860422769901118e-06 82
1718959069898 2.439633889950162e-06 83
1718959408607 2.493631048083954e-06 84
1718959754836 2.5480252246143407e-06 85
1718960103226 2.60280783007036e-06 86
1718960452489 2.6579702136434156e-06 87
1718960813385 2.713503664553698e-06 88
1718961151951 2.7693994134255832e-06 89
1718961499157 2.825648633672287e-06 90
1718961845346 2.8822424428900285e-06 91
1718962191693 2.9391719042600903e-06 92
1718962551182 2.99642802796067e-06 93
1718962887741 3.054001772586149e-06 94
1718963235327 3.1118840465747476e-06 95
1718963582495 3.170065709644442e-06 96
1718963935439 3.228537574236213e-06 97
1718964289029 3.287290406964755e-06 98
1718964625691 3.3463149300766618e-06 99
1718964973779 3.405601822915578e-06 100
1718965322940 3.465141723393809e-06 101
1718965683059 3.5249252294708655e-06 102
1718966038141 3.584942900638223e-06 103
1718966382173 3.645185259409568e-06 104
1718966724581 3.705642792818367e-06 105
1718967071843 3.7663059539192643e-06 106
1718967427922 3.827165163295592e-06 107
1718967785650 3.88821081057305e-06 108
1718968127374 3.949433255935963e-06 109
1718968463549 4.010822831650801e-06 110
1718968805376 4.072369843591554e-06 111
1718969147371 4.1340645727718645e-06 112
1718969497191 4.195897276878607e-06 113
1718969850392 4.257858191811177e-06 114
1718970185738 4.319937533222829e-06 115
1718970527732 4.382125498065731e-06 116
1718970871959 4.444412266139371e-06 117
1718971214329 4.506788001641283e-06 118
1718971565763 4.5692428547192775e-06 119
1718971913114 4.631766963028503e-06 120
1718972248032 4.694350453287328e-06 121
1718972588977 4.7569834428369814e-06 122
1718972930850 4.819656041202381e-06 123
1718973274819 4.882358351653907e-06 124
1718973624173 4.945080472769744e-06 125
1718973965739 5.007812500000019e-06 126
1718974307025 5.07054452723009e-06 127
1718974649146 5.133266648346135e-06 128
1718974990627 5.195968958797602e-06 129
1718975331832 5.258641557163041e-06 130
1718975671977 5.321274546712681e-06 131
1718976013356 5.383858036971545e-06 132
1718976358883 5.446382145280713e-06 133
1718976701052 5.508836998358745e-06 134
1718977042679 5.5712127338605995e-06 135
1718977384907 5.6334995019342885e-06 136
1718977718173 5.695687466777165e-06 137
1718978067816 5.7577668081887825e-06 138
1718978413448 5.8197277231212335e-06 139
1718978752565 5.8815604272281715e-06 140
1718979093945 5.943255156408505e-06 141
1718979435836 6.004802168349239e-06 142
1718979771347 6.066191744064066e-06 143
1718980129828 6.1274141894270415e-06 144
1718980489146 6.188459836704437e-06 145
1718980836513 6.249319046080777e-06 146
1718981178672 6.3099822071814794e-06 147
1718981521165 6.370439740590357e-06 148
1718981873277 6.4306820993618725e-06 149
1718982237983 6.49069977052907e-06 150
1718982584680 6.550483276606282e-06 151
1718982923266 6.610023177084425e-06 152
1718983265177 6.669310069923353e-06 153
1718983609699 6.7283345930353476e-06 154
1718983963027 6.7870874257638935e-06 155
1718984319157 6.845559290355481e-06 156
1718984656121 6.90374095342529e-06 157
1718984999819 6.9616232274138875e-06 158
1718985344811 7.019196972039283e-06 159
1718985689561 7.076453095739786e-06 160
1718986044713 7.133382557110113e-06 161
1718986381609 7.189976366327601e-06 162
1718986719333 7.246225586574415e-06 163
1718987063561 7.302121335446418e-06 164
1718987405169 7.357654786356587e-06 165
1718987745466 7.412817169929781e-06 166
1718988095386 7.46759977538557e-06 167
1718988433898 7.5219939519161e-06 168
1718988777201 7.575991110049978e-06 169
1718989119364 7.629582723009917e-06 170
1718989466547 7.682760328059307e-06 171
1718989812243 7.735515527837468e-06 172
1718990157191 7.787839991687096e-06 173
1718990504301 7.839725456968738e-06 174
1718990847234 7.891163730365797e-06 175
1718991189997 7.942146689178765e-06 176
1718991532419 7.992666282607348e-06 177
1718991872651 8.042714533022203e-06 178
1718992215332 8.092283537224422e-06 179
1718992570161 8.141365467693364e-06 180
1718992913115 8.18995257382346e-06 181
1718993255669 8.238037183147598e-06 182
1718993599499 8.285611702548013e-06 183
1718993937858 8.332668619457054e-06 184
1718994294694 8.379200503041659e-06 185
1718994650750 8.425200005378253e-06 186
1718994994523 8.47065986261242e-06 187
1718995337203 8.515572896105276e-06 188
1718995673420 8.559932013568136e-06 189
1718996010765 8.603730210182524e-06 190
1718996357755 8.646960569705349e-06 191
1718996710782 8.689616265561447e-06 192
1718997053518 8.731690561922368e-06 193
1718997396736 8.773176814768617e-06 194
1718997729958 8.81406847294001e-06 195
1718998076306 8.854359079169824e-06 196
1718998427351 8.894042271104089e-06 197
1718998787426 8.933111782307154e-06 198
1718999133743 8.971561443249703e-06 199
1718999475522 9.009385182285108e-06 200
1718999828643 9.046577026606334e-06 201
1719000190023 9.08313110318975e-06 202
1719000560073 9.119041639723078e-06 203
1719000916322 9.154302965516523e-06 204
1719001279589 9.188909512397927e-06 205
1719001658794 9.222855815591953e-06 206
1719002010606 9.256136514584392e-06 207
1719002360384 9.288746353966814e-06 208
1719002727917 9.320680184267392e-06 209
1719003078357 9.351932962764418e-06 210
1719003436664 9.382499754281614e-06 211
1719003828961 9.41237573196836e-06 212
1719004180461 9.441556178061498e-06 213
1719004537050 9.470036484630317e-06 214
1719004915606 9.497812154303879e-06 215
1719005263665 9.524878800982796e-06 216
1719005622169 9.551232150528895e-06 217
1719006000259 9.576868041443447e-06 218
1719006351245 9.601782425521698e-06 219
1719006744045 9.625971368493765e-06 220
1719007111171 9.64943105064529e-06 221
1719007488640 9.672157767420232e-06 222
1719007864464 9.694147930006336e-06 223
1719008215364 9.715398065902702e-06 224
1719008585290 9.735904819466001e-06 225
1719008956609 9.755664952442244e-06 226
1719009327010 9.774675344477298e-06 227
1719009711043 9.79293299361012e-06 228
1719010097220 9.810435016746249e-06 229
1719010444456 9.827178650113148e-06 230
1719010801974 9.843161249696764e-06 231
1719011169968 9.858380291659897e-06 232
1719011549049 9.87283337273911e-06 233
1719011945969 9.886518210625432e-06 234
1719012262724 9.899432644324549e-06 235
1719012563373 9.911574634496937e-06 236
1719012873155 9.922942263782509e-06 237
1719013164395 9.933533737100049e-06 238
1719013455192 9.943347381933902e-06 239
1719013745911 9.952381648595069e-06 240
1719014045336 9.960635110468385e-06 241
1719014336090 9.968106464236675e-06 242
1719014625754 9.974794530086264e-06 243
1719014917460 9.980698251894387e-06 244
1719015216527 9.985816697394939e-06 245
1719015509230 9.990149058325415e-06 246
1719015801636 9.993694650556515e-06 247
1719016092215 9.996452914198078e-06 248
1719016391174 9.998423413687617e-06 249
