1718063676182 0.0 0
1718064264556 1.0 1
1718064839682 2.0 2
1718065424869 3.0 3
1718066022892 4.0 4
1718066614890 5.0 5
1718067176156 6.0 6
1718067769197 7.0 7
1718068378099 8.0 8
1718068971638 9.0 9
1718069572598 10.0 10
1718070159995 11.0 11
1718070740562 12.0 12
1718071338207 13.0 13
1718071949922 14.0 14
1718072513369 15.0 15
1718073109940 16.0 16
1718073662207 17.0 17
1718074260624 18.0 18
1718074853682 19.0 19
1718075416762 20.0 20
1718076016481 21.0 21
1718076626935 22.0 22
1718077234754 23.0 23
1718077775807 24.0 24
1718078367215 25.0 25
1718078974525 26.0 26
1718079562831 27.0 27
1718080136959 28.0 28
1718080712468 29.0 29
1718081320723 30.0 30
1718081919974 31.0 31
1718082530713 32.0 32
1718083113667 33.0 33
1718083692206 34.0 34
1718084286451 35.0 35
1718084895066 36.0 36
1718085488526 37.0 37
1718086089909 38.0 38
1718086651991 39.0 39
1718087239692 40.0 40
1718087841450 41.0 41
1718088441533 42.0 42
1718088991598 43.0 43
1718089579496 44.0 44
1718090196444 45.0 45
1718090787745 46.0 46
1718091360352 47.0 47
1718091951650 48.0 48
1718092564281 49.0 49
1718093156795 50.0 50
1718093760568 51.0 51
1718094322868 52.0 52
1718094932204 53.0 53
1718095549684 54.0 54
1718096176345 55.0 55
1718096813874 56.0 56
1718097449303 57.0 57
1718098080293 58.0 58
1718098736750 59.0 59
1718099369219 60.0 60
1718099997177 61.0 61
1718100563090 62.0 62
1718101150658 63.0 63
1718101763024 64.0 64
1718102369350 65.0 65
1718102941156 66.0 66
1718103529778 67.0 67
1718104146349 68.0 68
1718104772622 69.0 69
1718105409220 70.0 70
1718105992731 71.0 71
1718106561142 72.0 72
1718107126431 73.0 73
1718107687694 74.0 74
1718108251177 75.0 75
1718108811061 76.0 76
1718109368773 77.0 77
1718109924903 78.0 78
1718110484068 79.0 79
