1718063676184 7080504.0 0
1718064264558 7080504.0 1
1718064839684 7080504.0 2
1718065424870 7080504.0 3
1718066022894 7080504.0 4
1718066614892 7080504.0 5
1718067176158 7080504.0 6
1718067769198 7080504.0 7
1718068378100 7080504.0 8
1718068971640 7080504.0 9
1718069572600 7080504.0 10
1718070159997 7080504.0 11
1718070740563 7080504.0 12
1718071338209 7080504.0 13
1718071949924 7080504.0 14
1718072513371 7080504.0 15
1718073109942 7080504.0 16
1718073662209 7080504.0 17
1718074260626 7080504.0 18
1718074853684 7080504.0 19
1718075416764 7080504.0 20
1718076016483 7080504.0 21
1718076626937 7080504.0 22
1718077234756 7080504.0 23
1718077775808 7080504.0 24
1718078367217 7080504.0 25
1718078974527 7080504.0 26
1718079562832 7080504.0 27
1718080136960 7080504.0 28
1718080712470 7080504.0 29
1718081320725 7080504.0 30
1718081919976 7080504.0 31
1718082530715 7080504.0 32
1718083113668 7080504.0 33
1718083692208 7080504.0 34
1718084286453 7080504.0 35
1718084895068 7080504.0 36
1718085488528 7080504.0 37
1718086089911 7080504.0 38
1718086651992 7080504.0 39
1718087239694 7080504.0 40
1718087841452 7080504.0 41
1718088441535 7080504.0 42
1718088991600 7080504.0 43
1718089579497 7080504.0 44
1718090196446 7080504.0 45
1718090787746 7080504.0 46
1718091360354 7080504.0 47
1718091951652 7080504.0 48
1718092564282 7080504.0 49
1718093156796 7080504.0 50
1718093760570 7080504.0 51
1718094322870 7080504.0 52
1718094932205 7080504.0 53
1718095549686 7080504.0 54
1718096176347 7080504.0 55
1718096813875 7080504.0 56
1718097449305 7080504.0 57
1718098080295 7080504.0 58
1718098736752 7080504.0 59
1718099369221 7080504.0 60
1718099997179 7080504.0 61
1718100563091 7080504.0 62
1718101150660 7080504.0 63
1718101763026 7080504.0 64
1718102369352 7080504.0 65
1718102941157 7080504.0 66
1718103529779 7080504.0 67
1718104146350 7080504.0 68
1718104772623 7080504.0 69
1718105409221 7080504.0 70
1718105992733 7080504.0 71
1718106561143 7080504.0 72
1718107126432 7080504.0 73
1718107687695 7080504.0 74
1718108251179 7080504.0 75
1718108811062 7080504.0 76
1718109368774 7080504.0 77
1718109924904 7080504.0 78
1718110484069 7080504.0 79
