1718063676168 9.999999999999821e-06 0
1718064264541 9.999999999999821e-06 1
1718064839670 8.003125000000054e-06 2
1718065424858 6.006250000000084e-06 3
1718066022878 4.009374999999961e-06 4
1718066614877 2.0124999999999786e-06 5
1718067176142 2.2466619467402577e-08 6
1718067769192 2.547594167448766e-08 7
1718068378091 2.903163323102732e-08 8
1718068971626 3.313330421536665e-08 9
1718069572586 3.778050483306068e-08 10
1718070159981 4.297272546619879e-08 11
1718070740546 4.870939672927052e-08 12
1718071338192 5.498988953162855e-08 13
1718071949906 6.181351514646666e-08 14
1718072513355 6.917952528633349e-08 15
1718073109927 7.708711218521327e-08 16
1718073662193 8.553540868708872e-08 17
1718074260611 9.45234883410516e-08 18
1718074853670 1.0405036550287616e-07 19
1718075416750 1.1411499544312034e-07 20
1718076016470 1.247162744617043e-07 21
1718076626924 1.3585304000890825e-07 22
1718077234740 1.4752407081289366e-07 23
1718077775801 1.5972808701361202e-07 24
1718078367200 1.7246375030316084e-07 25
1718078974516 1.8572966407254168e-07 26
1718079562824 1.9952437356481966e-07 27
1718080136954 2.1384636603463928e-07 28
1718080712455 2.286940709141349e-07 29
1718081320711 2.440658599851536e-07 30
1718081919961 2.599600475577924e-07 31
1718082530700 2.7637489065526584e-07 32
1718083113653 2.933085892050772e-07 33
1718083692194 3.1075928623632427e-07 34
1718084286437 3.287250680834436e-07 35
1718084895052 3.472039645960085e-07 36
1718085488516 3.6619394935474794e-07 37
1718086089894 3.8569293989385463e-07 38
1718086651985 4.0569879792927944e-07 39
1718087239679 4.2620932959324986e-07 40
1718087841439 4.4722228567482944e-07 41
1718088441518 4.687353618665917e-07 42
1718088991586 4.907461990173027e-07 43
1718089579487 5.132523833906083e-07 44
1718090196429 5.362514469298127e-07 45
1718090787739 5.597408675283739e-07 46
1718091360340 5.837180693066703e-07 47
1718091951637 6.081804228943073e-07 48
1718092564274 6.331252457185202e-07 49
1718093156787 6.58549802298424e-07 50
1718093760556 6.844513045448772e-07 51
1718094322861 7.108269120662461e-07 52
1718094932192 7.376737324799658e-07 53
1718095549669 7.649888217296404e-07 54
1718096176331 7.927691844079031e-07 55
1718096813869 8.210117740849535e-07 56
1718097449289 8.49713493642561e-07 57
1718098080283 8.788711956137184e-07 58
1718098736738 9.084816825278341e-07 59
1718099369209 9.385417072613512e-07 60
1718099997163 9.690479733938117e-07 61
1718100563082 9.99997135569354e-07 62
1718101150644 1.0313857998635952e-06 63
1718101763012 1.0632105241557405e-06 64
1718102369336 1.0954678185061582e-06 65
1718102941142 1.1281541455390095e-06 66
1718103529767 1.1612659208302353e-06 67
1718104146340 1.1947995133005212e-06 68
1718104772615 1.228751245613497e-06 69
1718105409214 1.2631173945792096e-06 70
1718105992718 1.2978941915620827e-06 71
1718106561135 1.3330778228944588e-06 72
1718107126424 1.3686644302946887e-06 73
1718107687688 1.4046501112902088e-06 74
1718108251164 1.4410309196455872e-06 75
1718108811054 1.4778028657952767e-06 76
1718109368766 1.5149619172809307e-06 77
1718109924897 1.5525039991938534e-06 78
1718110484060 1.5904249946216246e-06 79
