1718063676173 4.664431807139645 0
1718064264546 2.9720268617181675 1
1718064839674 2.2557960197977396 2
1718065424861 1.928599063630985 3
1718066022882 1.7464784665600113 4
1718066614882 1.6546396240592003 5
1718067176147 1.6172160075410553 6
1718067769194 1.6222400459582391 7
1718068378093 1.6225839631389016 8
1718068971630 1.6326690747038177 9
1718069572590 1.602806561181079 10
1718070159986 1.6149283244234065 11
1718070740552 1.620048018415337 12
1718071338197 1.6211397725602854 13
1718071949913 1.6133005214126215 14
1718072513360 1.5969099034757719 15
1718073109931 1.6210863272780958 16
1718073662199 1.6003558881904767 17
1718074260615 1.6117698898457962 18
1718074853674 1.573029135880263 19
1718075416754 1.5984564807427966 20
1718076016474 1.597030558825835 21
1718076626929 1.5799849175888558 22
1718077234745 1.5803353590485842 23
1718077775803 1.5792236477136612 24
1718078367205 1.5786076186467772 25
1718078974519 1.574234038915323 26
1718079562827 1.574591875238263 27
1718080136956 1.575860912385194 28
1718080712460 1.553110640010108 29
1718081320715 1.5576801014983135 30
1718081919965 1.5536302211491957 31
1718082530704 1.5253144917280779 32
1718083113658 1.5336750251767428 33
1718083692197 1.518506215804297 34
1718084286441 1.5297573195851368 35
1718084895057 1.511693122756222 36
1718085488519 1.4896143175985501 37
1718086089899 1.5092310613912086 38
1718086651987 1.4896719502690046 39
1718087239685 1.4874906779631325 40
1718087841442 1.4716975143098312 41
1718088441523 1.4580328582745532 42
1718088991590 1.4724509092452733 43
1718089579490 1.4500611346700918 44
1718090196434 1.4380680248141289 45
1718090787741 1.431624261095472 46
1718091360344 1.443566826860542 47
1718091951642 1.4144046696955743 48
1718092564277 1.4098680148953977 49
1718093156790 1.4011358817958313 50
1718093760561 1.400821444618961 51
1718094322863 1.3813486838632303 52
1718094932196 1.3978498024137125 53
1718095549675 1.3722566921749841 54
1718096176335 1.3607843051786008 55
1718096813871 1.3560200730419678 56
1718097449293 1.3424801993305269 57
1718098080287 1.3245026627960412 58
1718098736742 1.311821083497742 59
1718099369213 1.3122790506838455 60
1718099997167 1.2935607047832531 61
1718100563084 1.2921481407045021 62
1718101150649 1.280250600255702 63
1718101763017 1.2817072759827841 64
1718102369341 1.2662239088474407 65
1718102941146 1.2711313586358144 66
1718103529771 1.246667642713241 67
1718104146343 1.2379980686566103 68
1718104772618 1.2332018035585466 69
1718105409216 1.232318667370988 70
1718105992723 1.2094093839759412 71
1718106561137 1.2116505152991284 72
1718107126426 1.1911816082732833 73
1718107687689 1.1800395874711482 74
1718108251169 1.185434136458713 75
1718108811056 1.1651861494326072 76
1718109368768 1.1545088679894158 77
1718109924899 1.1622553593276634 78
1718110484063 1.1471960342934597 79
