1710507546842 0.0 0
1710507607969 1.0 1
1710507672392 2.0 2
1710507740073 3.0 3
1710507805317 4.0 4
1710507869803 5.0 5
1710507936908 6.0 6
1710508002509 7.0 7
1710508067379 8.0 8
1710508133174 9.0 9
1710508196469 10.0 10
1710508255995 11.0 11
1710508317519 12.0 12
1710508379551 13.0 13
1710508444252 14.0 14
1710508510255 15.0 15
1710508571720 16.0 16
1710508634645 17.0 17
1710508699520 18.0 18
1710508765009 19.0 19
1710508828402 20.0 20
1710508896703 21.0 21
1710508962136 22.0 22
1710509027174 23.0 23
1710509092282 24.0 24
1710509157625 25.0 25
1710509222980 26.0 26
1710509282097 27.0 27
1710509347874 28.0 28
1710509410645 29.0 29
1710509474907 30.0 30
1710509537282 31.0 31
1710509599047 32.0 32
1710509663708 33.0 33
1710509728075 34.0 34
1710509792797 35.0 35
1710509854663 36.0 36
1710509919141 37.0 37
1710509983320 38.0 38
1710510042773 39.0 39
1710510106886 40.0 40
1710510168458 41.0 41
1710510230938 42.0 42
1710510293809 43.0 43
1710510355619 44.0 44
1710510417911 45.0 45
1710510479366 46.0 46
1710510540450 47.0 47
1710510598528 48.0 48
1710510660160 49.0 49
1710510725106 50.0 50
1710510781289 51.0 51
1710510844853 52.0 52
1710510910322 53.0 53
1710510975722 54.0 54
1710511039575 55.0 55
1710511102894 56.0 56
1710511168619 57.0 57
1710511233350 58.0 58
1710511292746 59.0 59
1710511353266 60.0 60
1710511414540 61.0 61
1710511476526 62.0 62
1710511538462 63.0 63
1710511597156 64.0 64
1710511653323 65.0 65
1710511713717 66.0 66
1710511778363 67.0 67
1710511834884 68.0 68
1710511896720 69.0 69
1710511960679 70.0 70
1710512021473 71.0 71
1710512081879 72.0 72
1710512142252 73.0 73
1710512201159 74.0 74
1710512262771 75.0 75
1710512328247 76.0 76
1710512391938 77.0 77
1710512457899 78.0 78
1710512521845 79.0 79
1710512585009 80.0 80
1710512648104 81.0 81
1710512711721 82.0 82
1710512773316 83.0 83
1710512834211 84.0 84
1710512891704 85.0 85
1710512951664 86.0 86
1710513013995 87.0 87
1710513074520 88.0 88
1710513131009 89.0 89
1710513189337 90.0 90
1710513250711 91.0 91
1710513311090 92.0 92
1710513373538 93.0 93
1710513439835 94.0 94
1710513504381 95.0 95
1710513566827 96.0 96
1710513630887 97.0 97
1710513694435 98.0 98
1710513759473 99.0 99
1710513822464 100.0 100
1710513886380 101.0 101
1710513948727 102.0 102
1710514009080 103.0 103
1710514065993 104.0 104
1710514125713 105.0 105
1710514186860 106.0 106
1710514243498 107.0 107
1710514305738 108.0 108
1710514368427 109.0 109
1710514432050 110.0 110
1710514493112 111.0 111
1710514555596 112.0 112
1710514618544 113.0 113
1710514682706 114.0 114
1710514743200 115.0 115
1710514803213 116.0 116
1710514869324 117.0 117
1710514937290 118.0 118
1710515000399 119.0 119
1710515063044 120.0 120
1710515127895 121.0 121
1710515191365 122.0 122
1710515254809 123.0 123
1710515318150 124.0 124
1710515383811 125.0 125
1710515446320 126.0 126
1710515511011 127.0 127
1710515571839 128.0 128
1710515633754 129.0 129
1710515693371 130.0 130
1710515756397 131.0 131
1710515821444 132.0 132
1710515884617 133.0 133
1710515947993 134.0 134
1710516013820 135.0 135
1710516076999 136.0 136
1710516141107 137.0 137
1710516200995 138.0 138
1710516260415 139.0 139
1710516319454 140.0 140
1710516380124 141.0 141
1710516443944 142.0 142
1710516502448 143.0 143
1710516559085 144.0 144
1710516622009 145.0 145
1710516684781 146.0 146
1710516748895 147.0 147
1710516811599 148.0 148
1710516873935 149.0 149
1710516932002 150.0 150
1710516991542 151.0 151
1710517056649 152.0 152
1710517121658 153.0 153
1710517184905 154.0 154
1710517247979 155.0 155
1710517310136 156.0 156
1710517375984 157.0 157
1710517441005 158.0 158
1710517504938 159.0 159
1710517566558 160.0 160
1710517624291 161.0 161
1710517683974 162.0 162
1710517746174 163.0 163
1710517805546 164.0 164
1710517868999 165.0 165
1710517929851 166.0 166
1710517990088 167.0 167
1710518053946 168.0 168
1710518120764 169.0 169
1710518184679 170.0 170
1710518247194 171.0 171
1710518309527 172.0 172
1710518372168 173.0 173
1710518431953 174.0 174
1710518492131 175.0 175
1710518548467 176.0 176
1710518609224 177.0 177
1710518672361 178.0 178
1710518737185 179.0 179
1710518801616 180.0 180
1710518864093 181.0 181
1710518928511 182.0 182
1710518993841 183.0 183
1710519059993 184.0 184
1710519123414 185.0 185
1710519190994 186.0 186
1710519257052 187.0 187
1710519321132 188.0 188
1710519385385 189.0 189
1710519448274 190.0 190
1710519512835 191.0 191
1710519576725 192.0 192
1710519641326 193.0 193
1710519704673 194.0 194
1710519767690 195.0 195
1710519833327 196.0 196
1710519896904 197.0 197
1710519956152 198.0 198
1710520016345 199.0 199
1710520076767 200.0 200
1710520141051 201.0 201
1710520204434 202.0 202
1710520265856 203.0 203
1710520329357 204.0 204
1710520393178 205.0 205
1710520455718 206.0 206
1710520519041 207.0 207
1710520580106 208.0 208
1710520638864 209.0 209
1710520700584 210.0 210
1710520762657 211.0 211
1710520826716 212.0 212
1710520889366 213.0 213
1710520951904 214.0 214
1710521012257 215.0 215
1710521075634 216.0 216
1710521137439 217.0 217
1710521202036 218.0 218
1710521263017 219.0 219
1710521326111 220.0 220
1710521387442 221.0 221
1710521450992 222.0 222
1710521512405 223.0 223
1710521572570 224.0 224
1710521633169 225.0 225
1710521696434 226.0 226
1710521757645 227.0 227
1710521824349 228.0 228
1710521886990 229.0 229
1710521947483 230.0 230
1710522008716 231.0 231
1710522070755 232.0 232
1710522134195 233.0 233
1710522196189 234.0 234
1710522256760 235.0 235
1710522321912 236.0 236
1710522386992 237.0 237
1710522450313 238.0 238
1710522511745 239.0 239
1710522578965 240.0 240
1710522644654 241.0 241
1710522705640 242.0 242
1710522766061 243.0 243
1710522829125 244.0 244
1710522891415 245.0 245
1710522955324 246.0 246
1710523016428 247.0 247
1710523078875 248.0 248
1710523140493 249.0 249
1710523205665 250.0 250
1710523267988 251.0 251
1710523330201 252.0 252
1710523394411 253.0 253
1710523460341 254.0 254
1710523525692 255.0 255
1710523589892 256.0 256
1710523652562 257.0 257
1710523716506 258.0 258
1710523777711 259.0 259
1710523839750 260.0 260
1710523900718 261.0 261
1710523961194 262.0 262
1710524025038 263.0 263
1710524090145 264.0 264
1710524153343 265.0 265
1710524217125 266.0 266
1710524280686 267.0 267
1710524345277 268.0 268
1710524408980 269.0 269
1710524473158 270.0 270
1710524536776 271.0 271
1710524598484 272.0 272
1710524662500 273.0 273
1710524727511 274.0 274
1710524789775 275.0 275
1710524849444 276.0 276
1710524911237 277.0 277
1710524976431 278.0 278
1710525039739 279.0 279
1710525103768 280.0 280
1710525167333 281.0 281
1710525230128 282.0 282
1710525293038 283.0 283
1710525359138 284.0 284
1710525422912 285.0 285
1710525486483 286.0 286
1710525550968 287.0 287
1710525618080 288.0 288
1710525682900 289.0 289
1710525747289 290.0 290
1710525811246 291.0 291
1710525875555 292.0 292
1710525936386 293.0 293
1710526001880 294.0 294
1710526062565 295.0 295
1710526124822 296.0 296
1710526186435 297.0 297
1710526252512 298.0 298
1710526316070 299.0 299
