1710507546842 6993608.0 0
1710507607970 6993608.0 1
1710507672394 6993608.0 2
1710507740075 6993608.0 3
1710507805318 6993608.0 4
1710507869805 6993608.0 5
1710507936910 6993608.0 6
1710508002510 6993608.0 7
1710508067381 6993608.0 8
1710508133175 6993608.0 9
1710508196470 6993608.0 10
1710508255996 6993608.0 11
1710508317520 6993608.0 12
1710508379553 6993608.0 13
1710508444254 6993608.0 14
1710508510256 6993608.0 15
1710508571721 6993608.0 16
1710508634647 6993608.0 17
1710508699521 6993608.0 18
1710508765010 6993608.0 19
1710508828404 6993608.0 20
1710508896704 6993608.0 21
1710508962137 6993608.0 22
1710509027177 6993608.0 23
1710509092284 6993608.0 24
1710509157626 6993608.0 25
1710509222981 6993608.0 26
1710509282098 6993608.0 27
1710509347876 6993608.0 28
1710509410646 6993608.0 29
1710509474909 6993608.0 30
1710509537283 6993608.0 31
1710509599049 6993608.0 32
1710509663709 6993608.0 33
1710509728077 6993608.0 34
1710509792798 6993608.0 35
1710509854665 6993608.0 36
1710509919141 6993608.0 37
1710509983321 6993608.0 38
1710510042774 6993608.0 39
1710510106887 6993608.0 40
1710510168459 6993608.0 41
1710510230940 6993608.0 42
1710510293811 6993608.0 43
1710510355621 6993608.0 44
1710510417913 6993608.0 45
1710510479366 6993608.0 46
1710510540452 6993608.0 47
1710510598529 6993608.0 48
1710510660161 6993608.0 49
1710510725108 6993608.0 50
1710510781290 6993608.0 51
1710510844854 6993608.0 52
1710510910323 6993608.0 53
1710510975723 6993608.0 54
1710511039576 6993608.0 55
1710511102896 6993608.0 56
1710511168620 6993608.0 57
1710511233351 6993608.0 58
1710511292747 6993608.0 59
1710511353267 6993608.0 60
1710511414541 6993608.0 61
1710511476528 6993608.0 62
1710511538464 6993608.0 63
1710511597157 6993608.0 64
1710511653325 6993608.0 65
1710511713718 6993608.0 66
1710511778364 6993608.0 67
1710511834886 6993608.0 68
1710511896722 6993608.0 69
1710511960681 6993608.0 70
1710512021475 6993608.0 71
1710512081880 6993608.0 72
1710512142254 6993608.0 73
1710512201160 6993608.0 74
1710512262773 6993608.0 75
1710512328248 6993608.0 76
1710512391939 6993608.0 77
1710512457901 6993608.0 78
1710512521846 6993608.0 79
1710512585011 6993608.0 80
1710512648105 6993608.0 81
1710512711723 6993608.0 82
1710512773317 6993608.0 83
1710512834213 6993608.0 84
1710512891706 6993608.0 85
1710512951665 6993608.0 86
1710513013996 6993608.0 87
1710513074521 6993608.0 88
1710513131011 6993608.0 89
1710513189339 6993608.0 90
1710513250712 6993608.0 91
1710513311092 6993608.0 92
1710513373540 6993608.0 93
1710513439837 6993608.0 94
1710513504383 6993608.0 95
1710513566829 6993608.0 96
1710513630888 6993608.0 97
1710513694436 6993608.0 98
1710513759475 6993608.0 99
1710513822466 6993608.0 100
1710513886381 6993608.0 101
1710513948728 6993608.0 102
1710514009081 6993608.0 103
1710514065995 6993608.0 104
1710514125715 6993608.0 105
1710514186862 6993608.0 106
1710514243500 6993608.0 107
1710514305740 6993608.0 108
1710514368429 6993608.0 109
1710514432050 6993608.0 110
1710514493113 6993608.0 111
1710514555598 6993608.0 112
1710514618545 6993608.0 113
1710514682707 6993608.0 114
1710514743201 6993608.0 115
1710514803214 6993608.0 116
1710514869325 6993608.0 117
1710514937292 6993608.0 118
1710515000400 6993608.0 119
1710515063045 6993608.0 120
1710515127897 6993608.0 121
1710515191367 6993608.0 122
1710515254810 6993608.0 123
1710515318152 6993608.0 124
1710515383812 6993608.0 125
1710515446321 6993608.0 126
1710515511013 6993608.0 127
1710515571840 6993608.0 128
1710515633756 6993608.0 129
1710515693373 6993608.0 130
1710515756399 6993608.0 131
1710515821446 6993608.0 132
1710515884619 6993608.0 133
1710515947994 6993608.0 134
1710516013822 6993608.0 135
1710516077002 6993608.0 136
1710516141109 6993608.0 137
1710516200995 6993608.0 138
1710516260417 6993608.0 139
1710516319456 6993608.0 140
1710516380125 6993608.0 141
1710516443946 6993608.0 142
1710516502449 6993608.0 143
1710516559087 6993608.0 144
1710516622011 6993608.0 145
1710516684782 6993608.0 146
1710516748897 6993608.0 147
1710516811600 6993608.0 148
1710516873937 6993608.0 149
1710516932004 6993608.0 150
1710516991543 6993608.0 151
1710517056651 6993608.0 152
1710517121658 6993608.0 153
1710517184906 6993608.0 154
1710517247981 6993608.0 155
1710517310137 6993608.0 156
1710517375985 6993608.0 157
1710517441006 6993608.0 158
1710517504939 6993608.0 159
1710517566559 6993608.0 160
1710517624293 6993608.0 161
1710517683975 6993608.0 162
1710517746175 6993608.0 163
1710517805548 6993608.0 164
1710517869000 6993608.0 165
1710517929852 6993608.0 166
1710517990089 6993608.0 167
1710518053947 6993608.0 168
1710518120765 6993608.0 169
1710518184681 6993608.0 170
1710518247196 6993608.0 171
1710518309527 6993608.0 172
1710518372170 6993608.0 173
1710518431954 6993608.0 174
1710518492132 6993608.0 175
1710518548469 6993608.0 176
1710518609226 6993608.0 177
1710518672362 6993608.0 178
1710518737187 6993608.0 179
1710518801618 6993608.0 180
1710518864094 6993608.0 181
1710518928512 6993608.0 182
1710518993843 6993608.0 183
1710519059995 6993608.0 184
1710519123416 6993608.0 185
1710519190996 6993608.0 186
1710519257053 6993608.0 187
1710519321133 6993608.0 188
1710519385387 6993608.0 189
1710519448276 6993608.0 190
1710519512836 6993608.0 191
1710519576726 6993608.0 192
1710519641327 6993608.0 193
1710519704675 6993608.0 194
1710519767692 6993608.0 195
1710519833329 6993608.0 196
1710519896906 6993608.0 197
1710519956153 6993608.0 198
1710520016346 6993608.0 199
1710520076769 6993608.0 200
1710520141053 6993608.0 201
1710520204436 6993608.0 202
1710520265857 6993608.0 203
1710520329358 6993608.0 204
1710520393180 6993608.0 205
1710520455719 6993608.0 206
1710520519043 6993608.0 207
1710520580107 6993608.0 208
1710520638866 6993608.0 209
1710520700586 6993608.0 210
1710520762659 6993608.0 211
1710520826718 6993608.0 212
1710520889368 6993608.0 213
1710520951905 6993608.0 214
1710521012259 6993608.0 215
1710521075635 6993608.0 216
1710521137441 6993608.0 217
1710521202037 6993608.0 218
1710521263019 6993608.0 219
1710521326113 6993608.0 220
1710521387443 6993608.0 221
1710521450994 6993608.0 222
1710521512406 6993608.0 223
1710521572571 6993608.0 224
1710521633170 6993608.0 225
1710521696436 6993608.0 226
1710521757646 6993608.0 227
1710521824350 6993608.0 228
1710521886991 6993608.0 229
1710521947484 6993608.0 230
1710522008717 6993608.0 231
1710522070757 6993608.0 232
1710522134197 6993608.0 233
1710522196191 6993608.0 234
1710522256761 6993608.0 235
1710522321913 6993608.0 236
1710522386993 6993608.0 237
1710522450314 6993608.0 238
1710522511746 6993608.0 239
1710522578967 6993608.0 240
1710522644656 6993608.0 241
1710522705641 6993608.0 242
1710522766062 6993608.0 243
1710522829126 6993608.0 244
1710522891417 6993608.0 245
1710522955325 6993608.0 246
1710523016430 6993608.0 247
1710523078876 6993608.0 248
1710523140495 6993608.0 249
1710523205668 6993608.0 250
1710523267989 6993608.0 251
1710523330203 6993608.0 252
1710523394413 6993608.0 253
1710523460342 6993608.0 254
1710523525693 6993608.0 255
1710523589893 6993608.0 256
1710523652564 6993608.0 257
1710523716508 6993608.0 258
1710523777713 6993608.0 259
1710523839752 6993608.0 260
1710523900719 6993608.0 261
1710523961196 6993608.0 262
1710524025040 6993608.0 263
1710524090147 6993608.0 264
1710524153345 6993608.0 265
1710524217127 6993608.0 266
1710524280688 6993608.0 267
1710524345279 6993608.0 268
1710524408981 6993608.0 269
1710524473159 6993608.0 270
1710524536778 6993608.0 271
1710524598486 6993608.0 272
1710524662500 6993608.0 273
1710524727512 6993608.0 274
1710524789777 6993608.0 275
1710524849445 6993608.0 276
1710524911239 6993608.0 277
1710524976433 6993608.0 278
1710525039741 6993608.0 279
1710525103770 6993608.0 280
1710525167335 6993608.0 281
1710525230129 6993608.0 282
1710525293039 6993608.0 283
1710525359140 6993608.0 284
1710525422914 6993608.0 285
1710525486484 6993608.0 286
1710525550970 6993608.0 287
1710525618081 6993608.0 288
1710525682901 6993608.0 289
1710525747291 6993608.0 290
1710525811248 6993608.0 291
1710525875557 6993608.0 292
1710525936388 6993608.0 293
1710526001882 6993608.0 294
1710526062567 6993608.0 295
1710526124824 6993608.0 296
1710526186437 6993608.0 297
1710526252514 6993608.0 298
1710526316071 6993608.0 299
