1710507546838 1.0000000000000067e-06 0
1710507607957 1.0000000000000067e-06 1
1710507672380 7.050000000000037e-06 2
1710507740062 1.3099999999999995e-05 3
1710507805304 1.9149999999999913e-05 4
1710507869792 2.520000000000008e-05 5
1710507936897 3.1235438806767474e-05 6
1710508002498 3.122903398955025e-05 7
1710508067368 3.1221466320509704e-05 8
1710508133160 3.121273662952581e-05 9
1710508196456 3.1202845873907834e-05 10
1710508255983 3.1191795138287956e-05 11
1710508317507 3.117958563450414e-05 12
1710508379539 3.116621870146625e-05 13
1710508444241 3.1151695805009185e-05 14
1710508510242 3.113601853773157e-05 15
1710508571706 3.111918861882328e-05 16
1710508634633 3.110120789387427e-05 17
1710508699510 3.108207833467332e-05 18
1710508764997 3.106180203899255e-05 19
1710508828390 3.1040381230355845e-05 20
1710508896690 3.1017818257796574e-05 21
1710508962124 3.099411559559909e-05 22
1710509027160 3.096927584302757e-05 23
1710509092271 3.0943301724040025e-05 24
1710509157613 3.091619608699158e-05 25
1710509222968 3.088796190432153e-05 26
1710509282086 3.085860227222508e-05 27
1710509347862 3.0828120410317354e-05 28
1710509410632 3.0796519661278325e-05 29
1710509474896 3.076380349048555e-05 30
1710509537270 3.0729975485635746e-05 31
1710509599035 3.0695039356352084e-05 32
1710509663702 3.065899893377347e-05 33
1710509728064 3.0621858170138776e-05 34
1710509792784 3.0583621138351475e-05 35
1710509854657 3.0544292031532926e-05 36
1710509919136 3.050387516256281e-05 37
1710509983309 3.046237496360607e-05 38
1710510042762 3.0419795985627903e-05 39
1710510106873 3.0376142897892258e-05 40
1710510168447 3.0331420487452486e-05 41
1710510230926 3.0285633658625224e-05 42
1710510293797 3.0238787432451438e-05 43
1710510355607 3.0190886946148312e-05 44
1710510417901 3.0141937452543603e-05 45
1710510479362 3.0091944319501647e-05 46
1710510540438 3.004091302933139e-05 47
1710510598515 2.998884917819062e-05 48
1710510660145 2.993575847546603e-05 49
1710510725093 2.988164674315218e-05 50
1710510781277 2.9826519915209855e-05 51
1710510844842 2.9770384036916984e-05 52
1710510910310 2.971324526420543e-05 53
1710510975717 2.9655109862985456e-05 54
1710511039563 2.9595984208458717e-05 55
1710511102882 2.9535874784420307e-05 56
1710511168606 2.9474788182544963e-05 57
1710511233338 2.9412731101667134e-05 58
1710511292735 2.9349710347045396e-05 59
1710511353262 2.9285732829615738e-05 60
1710511414536 2.922080556523409e-05 61
1710511476515 2.9154935673905772e-05 62
1710511538451 2.9088130379006863e-05 63
1710511597143 2.9020397006491467e-05 64
1710511653310 2.895174298408686e-05 65
1710511713705 2.8882175840480247e-05 66
1710511778350 2.8811703204492892e-05 67
1710511834872 2.8740332804243073e-05 68
1710511896708 2.8668072466299868e-05 69
1710511960668 2.8594930114823554e-05 70
1710512021459 2.852091377069705e-05 71
1710512081875 2.8446031550647188e-05 72
1710512142240 2.8370291666352357e-05 73
1710512201152 2.8293702423545095e-05 74
1710512262760 2.821627222109861e-05 75
1710512328233 2.813800955010717e-05 76
1710512391927 2.805892299295446e-05 77
1710512457886 2.7979021222373178e-05 78
1710512521833 2.789831300049214e-05 79
1710512584999 2.7816807177878305e-05 80
1710512648093 2.7734512692562957e-05 81
1710512711710 2.7651438569063705e-05 82
1710512773307 2.7567593917394837e-05 83
1710512834200 2.7482987932066733e-05 84
1710512891691 2.7397629891079907e-05 85
1710512951653 2.7311529154904403e-05 86
1710513013989 2.722469516545732e-05 87
1710513074509 2.7137137445062816e-05 88
1710513130998 2.7048865595412915e-05 89
1710513189328 2.6959889296509703e-05 90
1710513250699 2.687021830560747e-05 91
1710513311079 2.677986245614074e-05 92
1710513373526 2.66888316566469e-05 93
1710513439827 2.6597135889678897e-05 94
1710513504369 2.6504785210710663e-05 95
1710513566817 2.641178974703457e-05 96
1710513630875 2.6318159696651917e-05 97
1710513694424 2.6223905327152315e-05 98
1710513759462 2.612903697458965e-05 99
1710513822453 2.6033565042347804e-05 100
1710513886370 2.5937499999999933e-05 101
1710513948714 2.5840852382160724e-05 102
1710514009076 2.574363278733098e-05 103
1710514065982 2.564585187673361e-05 104
1710514125701 2.5547520373148293e-05 105
1710514186848 2.5448649059732716e-05 106
1710514243487 2.5349248778839862e-05 107
1710514305726 2.5249330430831045e-05 108
1710514368417 2.51489049728788e-05 109
1710514432047 2.504798341776689e-05 110
1710514493100 2.4946576832680266e-05 111
1710514555585 2.4844696337994503e-05 112
1710514618533 2.4742353106053587e-05 113
1710514682694 2.4639558359946162e-05 114
1710514743187 2.453632337227475e-05 115
1710514803201 2.4432659463918815e-05 116
1710514869314 2.4328578002794344e-05 117
1710514937279 2.4224090402606293e-05 118
1710515000386 2.4119208121597563e-05 119
1710515063029 2.4013942661291973e-05 120
1710515127882 2.390830556523396e-05 121
1710515191351 2.3802308417720996e-05 122
1710515254797 2.3695962842534936e-05 123
1710515318138 2.3589280501666867e-05 124
1710515383799 2.3482273094037035e-05 125
1710515446309 2.3374952354214218e-05 126
1710515510998 2.326733005112653e-05 127
1710515571827 2.3159417986772557e-05 128
1710515633744 2.3051227994925636e-05 129
1710515693360 2.2942771939838208e-05 130
1710515756386 2.2834061714938724e-05 131
1710515821432 2.272510924152834e-05 132
1710515884607 2.261592646747328e-05 133
1710515947986 2.250652536589535e-05 134
1710516013807 2.239691793385848e-05 135
1710516076988 2.228711619105257e-05 136
1710516141096 2.2177132178475635e-05 137
1710516200989 2.206697795711463e-05 138
1710516260405 2.1956665606620867e-05 139
1710516319442 2.1846207223986787e-05 140
1710516380120 2.1735614922218997e-05 141
1710516443934 2.1624900829009137e-05 142
1710516502444 2.151407708540597e-05 143
1710516559076 2.1403155844481114e-05 144
1710516621997 2.1292149269999094e-05 145
1710516684771 2.1181069535081187e-05 146
1710516748885 2.1069928820872887e-05 147
1710516811588 2.0958739315205147e-05 148
1710516873927 2.0847513211260814e-05 149
1710516931993 2.0736262706234956e-05 150
1710516991534 2.0624999999999864e-05 151
1710517056638 2.0513737293764888e-05 152
1710517121653 2.040248678873944e-05 153
1710517184895 2.0291260684794697e-05 154
1710517247969 2.0180071179127364e-05 155
1710517310125 2.006893046491865e-05 156
1710517375979 1.9957850730001153e-05 157
1710517440992 1.9846844155518734e-05 158
1710517504927 1.9735922914594276e-05 159
1710517566547 1.9625099170990717e-05 160
1710517624280 1.9514385077781267e-05 161
1710517683965 1.940379277601336e-05 162
1710517746162 1.929333439337935e-05 163
1710517805538 1.9183022042885603e-05 164
1710517868988 1.9072867821524257e-05 165
1710517929839 1.8962883808947677e-05 166
1710517990076 1.8853082066141325e-05 167
1710518053935 1.874347463410447e-05 168
1710518120752 1.863407353252662e-05 169
1710518184668 1.8524890758471928e-05 170
1710518247183 1.841593828506136e-05 171
1710518309521 1.8307228060161633e-05 172
1710518372157 1.8198772005074164e-05 173
1710518431941 1.8090582013227646e-05 174
1710518492120 1.7982669948873262e-05 175
1710518548460 1.7875047645785623e-05 176
1710518609211 1.7767726905962697e-05 177
1710518672349 1.7660719498333315e-05 178
1710518737175 1.7554037157464963e-05 179
1710518801605 1.744769158227897e-05 180
1710518864088 1.734169443476629e-05 181
1710518928507 1.7236057338707918e-05 182
1710518993830 1.7130791878402657e-05 183
1710519059985 1.7025909597393693e-05 184
1710519123401 1.6921421997205815e-05 185
1710519190982 1.6817340536081072e-05 186
1710519257043 1.671367662772522e-05 187
1710519321121 1.661044164005376e-05 188
1710519385373 1.6507646893946274e-05 189
1710519448262 1.6405303662005575e-05 190
1710519512826 1.6303423167319605e-05 191
1710519576713 1.6202016582233137e-05 192
1710519641315 1.6101095027121074e-05 193
1710519704661 1.600066956916896e-05 194
1710519767679 1.5900751221160067e-05 195
1710519833318 1.5801350940267413e-05 196
1710519896890 1.5702479626851503e-05 197
1710519956143 1.5604148123266275e-05 198
1710520016334 1.5506367212669323e-05 199
1710520076755 1.5409147617839062e-05 200
1710520141039 1.5312499999999945e-05 201
1710520204424 1.521643495765232e-05 202
1710520265844 1.512096302541062e-05 203
1710520329345 1.5026094672847847e-05 204
1710520393166 1.4931840303348129e-05 205
1710520455705 1.483821025296543e-05 206
1710520519030 1.474521478928961e-05 207
1710520580095 1.4652864110321056e-05 208
1710520638853 1.4561168343352889e-05 209
1710520700573 1.4470137543859047e-05 210
1710520762644 1.4379781694392501e-05 211
1710520826706 1.4290110703490234e-05 212
1710520889354 1.4201134404587354e-05 213
1710520951892 1.4112862554937104e-05 214
1710521012243 1.4025304834542994e-05 215
1710521075623 1.3938470845095414e-05 216
1710521137432 1.3852370108920102e-05 217
1710521202020 1.3767012067933052e-05 218
1710521263006 1.3682406082605144e-05 219
1710521326102 1.3598561430936227e-05 220
1710521387431 1.351548730743706e-05 221
1710521450981 1.3433192822121654e-05 222
1710521512393 1.3351686999507634e-05 223
1710521572559 1.327097877762685e-05 224
1710521633161 1.3191077007045498e-05 225
1710521696422 1.3111990449892858e-05 226
1710521757641 1.3033727778901414e-05 227
1710521824336 1.2956297576454866e-05 228
1710521886977 1.2879708333647398e-05 229
1710521947470 1.2803968449352785e-05 230
1710522008706 1.2729086229302723e-05 231
1710522070744 1.2655069885176366e-05 232
1710522134186 1.2581927533700167e-05 233
1710522196181 1.2509667195756932e-05 234
1710522256748 1.2438296795507196e-05 235
1710522321908 1.2367824159519685e-05 236
1710522386979 1.2298257015912908e-05 237
1710522450302 1.2229602993508308e-05 238
1710522511736 1.2161869620992894e-05 239
1710522578955 1.20950643260944e-05 240
1710522644643 1.202919443476623e-05 241
1710522705628 1.196426717038412e-05 242
1710522766055 1.1900289652954368e-05 243
1710522829112 1.1837268898332761e-05 244
1710522891404 1.17752118174553e-05 245
1710522955311 1.1714125215579885e-05 246
1710523016416 1.1654015791541124e-05 247
1710523078864 1.1594890137014614e-05 248
1710523140482 1.1536754735794584e-05 249
1710523205655 1.1479615963083097e-05 250
1710523267977 1.1423480084790407e-05 251
1710523330189 1.1368353256848024e-05 252
1710523394400 1.1314241524533989e-05 253
1710523460334 1.1261150821809388e-05 254
1710523525687 1.120908697066838e-05 255
1710523589880 1.1158055680498626e-05 256
1710523652549 1.1108062547456153e-05 257
1710523716494 1.1059113053851744e-05 258
1710523777700 1.1011212567548614e-05 259
1710523839739 1.0964366341374837e-05 260
1710523900708 1.0918579512547314e-05 261
1710523961185 1.0873857102107743e-05 262
1710524025024 1.0830204014372127e-05 263
1710524090133 1.0787625036393772e-05 264
1710524153331 1.0746124837437432e-05 265
1710524217113 1.0705707968467339e-05 266
1710524280675 1.0666378861648621e-05 267
1710524345267 1.062814182986127e-05 268
1710524408970 1.059100106622684e-05 269
1710524473146 1.0554960643648228e-05 270
1710524536764 1.052002451436403e-05 271
1710524598473 1.0486196509514504e-05 272
1710524662493 1.0453480338721706e-05 273
1710524727507 1.0421879589682408e-05 274
1710524789764 1.0391397727774952e-05 275
1710524849437 1.0362038095678721e-05 276
1710524911226 1.0333803913008253e-05 277
1710524976420 1.0306698275960024e-05 278
1710525039728 1.0280724156972739e-05 279
1710525103757 1.0255884404400747e-05 280
1710525167322 1.0232181742203416e-05 281
1710525230116 1.0209618769644204e-05 282
1710525293027 1.0188197961007751e-05 283
1710525359128 1.0167921665326772e-05 284
1710525422901 1.0148792106125784e-05 285
1710525486479 1.0130811381176693e-05 286
1710525550956 1.0113981462268212e-05 287
1710525618071 1.009830419499087e-05 288
1710525682887 1.0083781298533731e-05 289
1710525747280 1.0070414365495846e-05 290
1710525811233 1.0058204861712086e-05 291
1710525875544 1.0047154126092211e-05 292
1710525936376 1.0037263370473961e-05 293
1710526001869 1.0028533679490063e-05 294
1710526062554 1.0020966010449578e-05 295
1710526124812 1.0014561193232626e-05 296
1710526186428 1.0009319930199586e-05 297
1710526252499 1.0005242796114048e-05 298
1710526316059 1.0002330238079777e-05 299
