1710507546839 5.332833385985831 0
1710507607961 5.331822381071422 1
1710507672385 5.324780324231023 2
1710507740066 5.319825711457626 3
1710507805309 5.320743519326915 4
1710507869796 5.314217763102573 5
1710507936902 5.306809810192688 6
1710508002503 5.291732483583948 7
1710508067373 5.287513725135637 8
1710508133166 5.281031387007755 9
1710508196460 5.277652109446733 10
1710508255987 5.270658025275106 11
1710508317512 5.271080475786458 12
1710508379544 5.268185861732649 13
1710508444246 5.252610292123712 14
1710508510246 5.24568342903386 15
1710508571711 5.250447404125462 16
1710508634637 5.241296483122784 17
1710508699512 5.234465995560521 18
1710508765001 5.2323533672353495 19
1710508828394 5.227636518685714 20
1710508896695 5.225477499806362 21
1710508962129 5.220490644807401 22
1710509027164 5.214226230331089 23
1710509092275 5.2148327296194825 24
1710509157617 5.20619430878888 25
1710509222972 5.205254811307658 26
1710509282090 5.199714384649111 27
1710509347866 5.198853478483532 28
1710509410636 5.197520003370617 29
1710509474899 5.188893012378527 30
1710509537275 5.19550089991611 31
1710509599039 5.175309427406477 32
1710509663704 5.1748880886513255 33
1710509728067 5.177364424518917 34
1710509792789 5.164679538944493 35
1710509854659 5.163867744414703 36
1710509919138 5.159638105527215 37
1710509983315 5.151734468729599 38
1710510042766 5.153046184259912 39
1710510106877 5.154579210540523 40
1710510168451 5.136598063551861 41
1710510230931 5.135458102692729 42
1710510293801 5.134411551382231 43
1710510355612 5.12893873323565 44
1710510417905 5.10202461740245 45
1710510479363 5.131825107595195 46
1710510540442 5.114766538143158 47
1710510598519 5.12405895927678 48
1710510660149 5.112583072289176 49
1710510725097 5.1178909449473675 50
1710510781283 5.101618301609288 51
1710510844846 5.111181767090507 52
1710510910314 5.094597150450167 53
1710510975719 5.101675525955532 54
1710511039568 5.099876254796982 55
1710511102887 5.085890031379202 56
1710511168611 5.0889906896197274 57
1710511233342 5.076023874075516 58
1710511292739 5.083431737578434 59
1710511353263 5.073973055766976 60
1710511414538 5.08595698164857 61
1710511476519 5.0699314695337545 62
1710511538455 5.075386486623598 63
1710511597147 5.066201663535574 64
1710511653315 5.07939113482185 65
1710511713709 5.063952527616335 66
1710511778354 5.050635980523151 67
1710511834878 5.043925343648247 68
1710511896713 5.0672829151153564 69
1710511960673 5.061927025732786 70
1710512021463 5.0383401940698205 71
1710512081877 5.040122205796449 72
1710512142244 5.04060924830644 73
1710512201154 5.029022310091102 74
1710512262764 5.034135721299959 75
1710512328238 5.025561511516571 76
1710512391931 5.03336925610252 77
1710512457891 5.024257164934407 78
1710512521837 5.018380200085432 79
1710512585003 5.035371067731277 80
1710512648097 5.0262933360493705 81
1710512711714 5.005260790171831 82
1710512773310 5.005516472070114 83
1710512834204 5.018720540015594 84
1710512891696 5.0099496362002 85
1710512951657 5.001784204140954 86
1710513013990 5.021952529316363 87
1710513074512 5.016907422438912 88
1710513131002 5.008906246527381 89
1710513189331 4.984848205162131 90
1710513250704 4.995830044798229 91
1710513311084 4.9839953261873 92
1710513373530 5.003727769074232 93
1710513439830 4.982842122731001 94
1710513504373 4.986684725336406 95
1710513566821 4.987629683121391 96
1710513630878 4.983552398888961 97
1710513694428 4.975883525350819 98
1710513759467 4.966805463899737 99
1710513822457 4.9547917363436325 100
1710513886375 4.968216358319573 101
1710513948718 4.966731946105543 102
1710514009077 4.978112542758817 103
1710514065986 4.982211309930553 104
1710514125705 4.977394422759181 105
1710514186852 4.975742258455442 106
1710514243490 4.9792252157045445 107
1710514305730 4.959367916635845 108
1710514368421 4.947561704594156 109
1710514432048 4.9446598939273665 110
1710514493104 4.956774460232777 111
1710514555588 4.955519290074058 112
1710514618538 4.9556367164072785 113
1710514682698 4.935007541075997 114
1710514743191 4.943480159925378 115
1710514803205 4.952749104603477 116
1710514869317 4.927976236395214 117
1710514937284 4.948553170846856 118
1710515000390 4.950517251439717 119
1710515063034 4.940902072450389 120
1710515127887 4.9370168978753295 121
1710515191355 4.942511956328931 122
1710515254801 4.946509584136631 123
1710515318142 4.921766410703245 124
1710515383802 4.909290658391041 125
1710515446312 4.93341106435527 126
1710515511003 4.954034061535545 127
1710515571831 4.8987690093724625 128
1710515633748 4.913499129855114 129
1710515693364 4.900014787912369 130
1710515756390 4.938073219164558 131
1710515821436 4.938373446464539 132
1710515884611 4.9051380727602085 133
1710515947989 4.925158041974773 134
1710516013814 4.9058530291785365 135
1710516076992 4.906005832164184 136
1710516141101 4.9243733157282294 137
1710516200991 4.882805605297503 138
1710516260409 4.901039965774702 139
1710516319447 4.87733528147573 140
1710516380122 4.91325866398604 141
1710516443938 4.857546440933062 142
1710516502445 4.905064274435458 143
1710516559078 4.880699984405352 144
1710516622001 4.89679128838622 145
1710516684775 4.908222284006036 146
1710516748889 4.89608563936275 147
1710516811591 4.877918521347254 148
1710516873930 4.8992459903592644 149
1710516931996 4.873974423693574 150
1710516991536 4.8749861820884375 151
1710517056642 4.891166219244832 152
1710517121655 4.893010914325714 153
1710517184899 4.867693143046421 154
1710517247973 4.865263136832611 155
1710517310129 4.880692040142805 156
1710517375981 4.855716365834941 157
1710517440998 4.868584933488266 158
1710517504931 4.87002012004023 159
1710517566551 4.833669808895691 160
1710517624283 4.855879801770915 161
1710517683968 4.8824540013852324 162
1710517746166 4.864801877218744 163
1710517805541 4.861046923243481 164
1710517868992 4.8709888574869735 165
1710517929844 4.837411505372628 166
1710517990079 4.84709184454835 167
1710518053939 4.8381791075934535 168
1710518120755 4.835991186940151 169
1710518184673 4.846350239670795 170
1710518247186 4.864438271392947 171
1710518309523 4.840338613028112 172
1710518372161 4.856346734839937 173
1710518431945 4.799146856950677 174
1710518492123 4.86874348702638 175
1710518548462 4.827685055525406 176
1710518609217 4.835661331596582 177
1710518672352 4.840279173591862 178
1710518737180 4.823619630025781 179
1710518801609 4.822718769959781 180
1710518864090 4.821158833477808 181
1710518928509 4.820300622478776 182
1710518993834 4.817424791014713 183
1710519059988 4.826212402919064 184
1710519123407 4.823734436994013 185
1710519190987 4.825285820857339 186
1710519257047 4.779186055712078 187
1710519321126 4.8189431564963385 188
1710519385377 4.812404960393906 189
1710519448267 4.816801771521568 190
1710519512830 4.803250620546549 191
1710519576719 4.7968108926130375 192
1710519641319 4.841945218003315 193
1710519704667 4.830970515375552 194
1710519767683 4.826038088487542 195
1710519833322 4.799474826973418 196
1710519896894 4.8111959475538 197
1710519956146 4.804161612106406 198
1710520016338 4.820939189713934 199
1710520076759 4.7992527672778005 200
1710520141043 4.784867965656778 201
1710520204428 4.779973403267238 202
1710520265847 4.8000422437553825 203
1710520329350 4.764073816978413 204
1710520393171 4.791397347398426 205
1710520455709 4.7734154469293095 206
1710520519034 4.777127360520155 207
1710520580099 4.805764287062313 208
1710520638857 4.79929082095623 209
1710520700577 4.798345592358838 210
1710520762648 4.792072240425193 211
1710520826709 4.791951026605523 212
1710520889358 4.785466871831728 213
1710520951895 4.768552217794501 214
1710521012249 4.772244763115178 215
1710521075627 4.781184645450634 216
1710521137434 4.809773969261543 217
1710521202024 4.767475073752196 218
1710521263011 4.792353845808817 219
1710521326105 4.780779633185138 220
1710521387434 4.7503384623838505 221
1710521450984 4.778643422152685 222
1710521512397 4.768779389236284 223
1710521572563 4.769593718259231 224
1710521633163 4.774472015059513 225
1710521696426 4.764185143553692 226
1710521757642 4.77833637336026 227
1710521824341 4.750163104871045 228
1710521886981 4.778135590579199 229
1710521947474 4.749423217514287 230
1710522008710 4.747136605822521 231
1710522070749 4.756312936544418 232
1710522134189 4.77498478345249 233
1710522196184 4.752984366987063 234
1710522256752 4.765818493521732 235
1710522321909 4.745350730160008 236
1710522386983 4.767003562787305 237
1710522450305 4.76579661278621 238
1710522511740 4.75685555714628 239
1710522578960 4.742011411034542 240
1710522644646 4.748878624776135 241
1710522705632 4.748900949954987 242
1710522766057 4.767992233452589 243
1710522829116 4.742524965949681 244
1710522891409 4.741667127479678 245
1710522955316 4.738452387892681 246
1710523016420 4.711170538612034 247
1710523078867 4.728451173590577 248
1710523140486 4.727257811504861 249
1710523205659 4.729918490933335 250
1710523267981 4.727948072811832 251
1710523330194 4.7131586664396785 252
1710523394404 4.730303281675214 253
1710523460337 4.746448295919792 254
1710523525689 4.727290320007698 255
1710523589885 4.737080906396327 256
1710523652555 4.759759418990301 257
1710523716499 4.72962277998095 258
1710523777705 4.737372273984163 259
1710523839743 4.756534651569698 260
1710523900711 4.729219835089601 261
1710523961188 4.734696616297183 262
1710524025028 4.739964226017827 263
1710524090137 4.730987669333167 264
1710524153335 4.724947492065637 265
1710524217117 4.734271563265635 266
1710524280679 4.723554633233858 267
1710524345270 4.727841441398081 268
1710524408974 4.755825071879055 269
1710524473149 4.708033798181492 270
1710524536768 4.722690174113149 271
1710524598478 4.730909297647684 272
1710524662495 4.730974748082783 273
1710524727508 4.723132995159729 274
1710524789769 4.695444050690402 275
1710524849440 4.708341233108355 276
1710524911230 4.738088154274484 277
1710524976424 4.705843125996382 278
1710525039732 4.71157338956128 279
1710525103761 4.722791270069454 280
1710525167327 4.711231935931289 281
1710525230120 4.706239865525909 282
1710525293031 4.707523170372714 283
1710525359132 4.658410661894342 284
1710525422905 4.725367144398067 285
1710525486480 4.702525716113008 286
1710525550961 4.680378863992899 287
1710525618074 4.703751045076744 288
1710525682891 4.703981603617254 289
1710525747282 4.698346413995909 290
1710525811239 4.702305476950563 291
1710525875549 4.66615517243095 292
1710525936380 4.6948138935410455 293
1710526001874 4.662513201003489 294
1710526062558 4.705197681551394 295
1710526124816 4.70651892086734 296
1710526186431 4.673168598957684 297
1710526252504 4.686941868585089 298
1710526316062 4.662925627568494 299
