1714293774214 0.0 0
1714294462326 1.0 1
1714295144081 2.0 2
1714295836417 3.0 3
1714296537114 4.0 4
1714297224100 5.0 5
1714297935876 6.0 6
1714298621877 7.0 7
1714299326384 8.0 8
1714300034915 9.0 9
1714300724688 10.0 10
1714301397215 11.0 11
1714302089970 12.0 12
1714302769521 13.0 13
1714303459126 14.0 14
1714304134649 15.0 15
1714304824193 16.0 16
1714305512346 17.0 17
1714306190917 18.0 18
1714306905035 19.0 19
1714307578235 20.0 20
1714308293102 21.0 21
1714308967375 22.0 22
1714309682723 23.0 23
1714310371827 24.0 24
1714311060638 25.0 25
1714311750909 26.0 26
1714312450312 27.0 27
1714313141522 28.0 28
1714313830852 29.0 29
1714314528978 30.0 30
1714315218232 31.0 31
1714315898461 32.0 32
1714316591601 33.0 33
1714317285597 34.0 34
1714317965916 35.0 35
1714318670411 36.0 36
1714319354423 37.0 37
1714320052110 38.0 38
1714320737673 39.0 39
1714321422450 40.0 40
1714322139098 41.0 41
1714322832140 42.0 42
1714323547677 43.0 43
1714324221493 44.0 44
1714324936433 45.0 45
1714325624377 46.0 46
1714326330568 47.0 47
1714327021363 48.0 48
1714327706317 49.0 49
1714328395137 50.0 50
1714329095014 51.0 51
1714329775810 52.0 52
1714330465896 53.0 53
1714331161321 54.0 54
1714331854623 55.0 55
1714332555858 56.0 56
1714333236640 57.0 57
1714333935465 58.0 58
1714334605541 59.0 59
1714335312868 60.0 60
1714335993889 61.0 61
1714336677961 62.0 62
1714337360524 63.0 63
1714338040041 64.0 64
1714338735614 65.0 65
1714339419779 66.0 66
1714340095084 67.0 67
1714340778059 68.0 68
1714341464642 69.0 69
1714342151994 70.0 70
1714342842015 71.0 71
1714343549253 72.0 72
1714344235649 73.0 73
1714344907409 74.0 74
1714345589160 75.0 75
1714346294241 76.0 76
1714347000493 77.0 77
1714347719209 78.0 78
1714348402096 79.0 79
1714349109398 80.0 80
1714349809591 81.0 81
1714350519415 82.0 82
1714351203355 83.0 83
1714351908459 84.0 84
1714352611822 85.0 85
1714353303151 86.0 86
1714353992233 87.0 87
1714354694756 88.0 88
1714355396476 89.0 89
1714356086710 90.0 90
1714356778008 91.0 91
1714357475339 92.0 92
1714358193520 93.0 93
1714358886318 94.0 94
1714359599836 95.0 95
1714360282362 96.0 96
1714360988141 97.0 97
1714361683835 98.0 98
1714362382874 99.0 99
1714363067877 100.0 100
1714363760031 101.0 101
1714364463547 102.0 102
1714365160540 103.0 103
1714365844898 104.0 104
1714366544489 105.0 105
1714367242008 106.0 106
1714367930216 107.0 107
1714368620571 108.0 108
1714369318044 109.0 109
1714370016601 110.0 110
1714370703271 111.0 111
1714371394311 112.0 112
1714372111366 113.0 113
1714372815599 114.0 114
1714373513379 115.0 115
1714374208794 116.0 116
1714374923711 117.0 117
1714375627169 118.0 118
1714376334371 119.0 119
1714377051573 120.0 120
1714377747706 121.0 121
1714378451539 122.0 122
1714379134457 123.0 123
1714379819028 124.0 124
1714380502046 125.0 125
1714381184426 126.0 126
1714381874358 127.0 127
1714382568015 128.0 128
1714383240758 129.0 129
1714383944124 130.0 130
1714384644975 131.0 131
1714385331474 132.0 132
1714386020225 133.0 133
1714386706747 134.0 134
1714387401129 135.0 135
1714388074977 136.0 136
1714388771561 137.0 137
1714389463587 138.0 138
1714390141444 139.0 139
1714390836382 140.0 140
1714391523482 141.0 141
1714392207891 142.0 142
1714392885083 143.0 143
1714393568375 144.0 144
1714394248028 145.0 145
1714394940232 146.0 146
1714395614272 147.0 147
1714396316979 148.0 148
1714397001395 149.0 149
1714397709003 150.0 150
1714398388622 151.0 151
1714399101991 152.0 152
1714399780247 153.0 153
1714400462016 154.0 154
1714401159184 155.0 155
1714401861134 156.0 156
1714402551273 157.0 157
1714403230578 158.0 158
1714403926123 159.0 159
1714404600966 160.0 160
1714405288225 161.0 161
1714405933852 162.0 162
1714406555430 163.0 163
1714407104851 164.0 164
1714407750945 165.0 165
1714408287537 166.0 166
1714408899419 167.0 167
1714409431256 168.0 168
1714410088352 169.0 169
1714410632244 170.0 170
1714411229161 171.0 171
1714411797500 172.0 172
1714412390694 173.0 173
1714412934308 174.0 174
1714413550036 175.0 175
1714414100941 176.0 176
1714414734959 177.0 177
1714415234023 178.0 178
1714415710472 179.0 179
1714416180884 180.0 180
1714416642401 181.0 181
1714417111017 182.0 182
1714417560532 183.0 183
1714417968536 184.0 184
1714418320011 185.0 185
1714418756368 186.0 186
1714419106519 187.0 187
1714419554800 188.0 188
1714419907618 189.0 189
1714420340409 190.0 190
1714420687911 191.0 191
1714421091640 192.0 192
1714421352787 193.0 193
1714421675970 194.0 194
1714421929984 195.0 195
1714422266148 196.0 196
1714422531921 197.0 197
1714422858158 198.0 198
1714423118286 199.0 199
1714423451581 200.0 200
1714423725882 201.0 201
1714424052978 202.0 202
1714424313874 203.0 203
1714424644318 204.0 204
1714424918218 205.0 205
1714425239376 206.0 206
1714425487277 207.0 207
1714425824984 208.0 208
1714426104113 209.0 209
1714426429365 210.0 210
1714426679268 211.0 211
1714427011972 212.0 212
1714427280482 213.0 213
1714427606121 214.0 214
1714427859153 215.0 215
1714428187905 216.0 216
1714428439212 217.0 217
1714428773866 218.0 218
1714429029713 219.0 219
1714429352980 220.0 220
1714429606609 221.0 221
1714429938813 222.0 222
1714430209257 223.0 223
1714430525539 224.0 224
1714430780903 225.0 225
1714431108828 226.0 226
1714431383274 227.0 227
1714431695431 228.0 228
1714431954283 229.0 229
1714432270364 230.0 230
1714432539940 231.0 231
1714432843187 232.0 232
1714433103837 233.0 233
1714433410320 234.0 234
1714433685863 235.0 235
1714433992970 236.0 236
