1714293774216 7095944.0 0
1714294462327 7095944.0 1
1714295144083 7095944.0 2
1714295836419 7095944.0 3
1714296537115 7095944.0 4
1714297224101 7095944.0 5
1714297935878 7095944.0 6
1714298621878 7095944.0 7
1714299326385 7095944.0 8
1714300034917 7095944.0 9
1714300724690 7095944.0 10
1714301397216 7095944.0 11
1714302089972 7095944.0 12
1714302769522 7095944.0 13
1714303459127 7095944.0 14
1714304134650 7095944.0 15
1714304824195 7095944.0 16
1714305512347 7095944.0 17
1714306190918 7095944.0 18
1714306905037 7095944.0 19
1714307578236 7095944.0 20
1714308293104 7095944.0 21
1714308967376 7095944.0 22
1714309682725 7095944.0 23
1714310371828 7095944.0 24
1714311060640 7095944.0 25
1714311750911 7095944.0 26
1714312450313 7095944.0 27
1714313141524 7095944.0 28
1714313830854 7095944.0 29
1714314528980 7095944.0 30
1714315218233 7095944.0 31
1714315898462 7095944.0 32
1714316591602 7095944.0 33
1714317285598 7095944.0 34
1714317965917 7095944.0 35
1714318670413 7095944.0 36
1714319354424 7095944.0 37
1714320052112 7095944.0 38
1714320737674 7095944.0 39
1714321422451 7095944.0 40
1714322139100 7095944.0 41
1714322832141 7095944.0 42
1714323547678 7095944.0 43
1714324221494 7095944.0 44
1714324936434 7095944.0 45
1714325624379 7095944.0 46
1714326330570 7095944.0 47
1714327021364 7095944.0 48
1714327706318 7095944.0 49
1714328395138 7095944.0 50
1714329095015 7095944.0 51
1714329775812 7095944.0 52
1714330465898 7095944.0 53
1714331161322 7095944.0 54
1714331854624 7095944.0 55
1714332555860 7095944.0 56
1714333236642 7095944.0 57
1714333935466 7095944.0 58
1714334605543 7095944.0 59
1714335312869 7095944.0 60
1714335993890 7095944.0 61
1714336677962 7095944.0 62
1714337360525 7095944.0 63
1714338040043 7095944.0 64
1714338735616 7095944.0 65
1714339419780 7095944.0 66
1714340095086 7095944.0 67
1714340778060 7095944.0 68
1714341464644 7095944.0 69
1714342151995 7095944.0 70
1714342842016 7095944.0 71
1714343549254 7095944.0 72
1714344235650 7095944.0 73
1714344907411 7095944.0 74
1714345589162 7095944.0 75
1714346294243 7095944.0 76
1714347000494 7095944.0 77
1714347719210 7095944.0 78
1714348402097 7095944.0 79
1714349109399 7095944.0 80
1714349809592 7095944.0 81
1714350519415 7095944.0 82
1714351203356 7095944.0 83
1714351908460 7095944.0 84
1714352611824 7095944.0 85
1714353303153 7095944.0 86
1714353992234 7095944.0 87
1714354694758 7095944.0 88
1714355396477 7095944.0 89
1714356086711 7095944.0 90
1714356778009 7095944.0 91
1714357475340 7095944.0 92
1714358193521 7095944.0 93
1714358886320 7095944.0 94
1714359599838 7095944.0 95
1714360282363 7095944.0 96
1714360988142 7095944.0 97
1714361683837 7095944.0 98
1714362382876 7095944.0 99
1714363067878 7095944.0 100
1714363760032 7095944.0 101
1714364463549 7095944.0 102
1714365160541 7095944.0 103
1714365844899 7095944.0 104
1714366544491 7095944.0 105
1714367242009 7095944.0 106
1714367930218 7095944.0 107
1714368620572 7095944.0 108
1714369318046 7095944.0 109
1714370016602 7095944.0 110
1714370703273 7095944.0 111
1714371394312 7095944.0 112
1714372111367 7095944.0 113
1714372815601 7095944.0 114
1714373513380 7095944.0 115
1714374208796 7095944.0 116
1714374923713 7095944.0 117
1714375627171 7095944.0 118
1714376334372 7095944.0 119
1714377051575 7095944.0 120
1714377747708 7095944.0 121
1714378451541 7095944.0 122
1714379134458 7095944.0 123
1714379819030 7095944.0 124
1714380502048 7095944.0 125
1714381184428 7095944.0 126
1714381874360 7095944.0 127
1714382568016 7095944.0 128
1714383240760 7095944.0 129
1714383944126 7095944.0 130
1714384644976 7095944.0 131
1714385331476 7095944.0 132
1714386020227 7095944.0 133
1714386706748 7095944.0 134
1714387401130 7095944.0 135
1714388074978 7095944.0 136
1714388771563 7095944.0 137
1714389463588 7095944.0 138
1714390141445 7095944.0 139
1714390836384 7095944.0 140
1714391523483 7095944.0 141
1714392207892 7095944.0 142
1714392885084 7095944.0 143
1714393568376 7095944.0 144
1714394248029 7095944.0 145
1714394940233 7095944.0 146
1714395614273 7095944.0 147
1714396316980 7095944.0 148
1714397001396 7095944.0 149
1714397709004 7095944.0 150
1714398388623 7095944.0 151
1714399101992 7095944.0 152
1714399780248 7095944.0 153
1714400462017 7095944.0 154
1714401159185 7095944.0 155
1714401861135 7095944.0 156
1714402551275 7095944.0 157
1714403230578 7095944.0 158
1714403926124 7095944.0 159
1714404600967 7095944.0 160
1714405288226 7095944.0 161
1714405933853 7095944.0 162
1714406555440 7095944.0 163
1714407104852 7095944.0 164
1714407750946 7095944.0 165
1714408287538 7095944.0 166
1714408899420 7095944.0 167
1714409431257 7095944.0 168
1714410088353 7095944.0 169
1714410632245 7095944.0 170
1714411229162 7095944.0 171
1714411797502 7095944.0 172
1714412390695 7095944.0 173
1714412934309 7095944.0 174
1714413550037 7095944.0 175
1714414100942 7095944.0 176
1714414734960 7095944.0 177
1714415234025 7095944.0 178
1714415710474 7095944.0 179
1714416180885 7095944.0 180
1714416642403 7095944.0 181
1714417111018 7095944.0 182
1714417560533 7095944.0 183
1714417968537 7095944.0 184
1714418320012 7095944.0 185
1714418756369 7095944.0 186
1714419106520 7095944.0 187
1714419554801 7095944.0 188
1714419907620 7095944.0 189
1714420340410 7095944.0 190
1714420687913 7095944.0 191
1714421091641 7095944.0 192
1714421352787 7095944.0 193
1714421675971 7095944.0 194
1714421929986 7095944.0 195
1714422266149 7095944.0 196
1714422531922 7095944.0 197
1714422858159 7095944.0 198
1714423118287 7095944.0 199
1714423451583 7095944.0 200
1714423725884 7095944.0 201
1714424052979 7095944.0 202
1714424313876 7095944.0 203
1714424644319 7095944.0 204
1714424918219 7095944.0 205
1714425239377 7095944.0 206
1714425487278 7095944.0 207
1714425824985 7095944.0 208
1714426104114 7095944.0 209
1714426429366 7095944.0 210
1714426679269 7095944.0 211
1714427011973 7095944.0 212
1714427280483 7095944.0 213
1714427606122 7095944.0 214
1714427859155 7095944.0 215
1714428187906 7095944.0 216
1714428439214 7095944.0 217
1714428773867 7095944.0 218
1714429029714 7095944.0 219
1714429352981 7095944.0 220
1714429606610 7095944.0 221
1714429938813 7095944.0 222
1714430209259 7095944.0 223
1714430525540 7095944.0 224
1714430780904 7095944.0 225
1714431108830 7095944.0 226
1714431383275 7095944.0 227
1714431695432 7095944.0 228
1714431954284 7095944.0 229
1714432270364 7095944.0 230
1714432539942 7095944.0 231
1714432843188 7095944.0 232
1714433103838 7095944.0 233
1714433410321 7095944.0 234
1714433685865 7095944.0 235
1714433992971 7095944.0 236
