1714293774207 3.941226151812336 0
1714294462321 3.8658734602124794 1
1714295144074 3.8191540693135364 2
1714295836408 3.8998770321840825 3
1714296537109 3.871941215156213 4
1714297224095 3.910169040055379 5
1714297935867 3.9402430885187956 6
1714298621869 3.9209585311296196 7
1714299326377 3.919602285422709 8
1714300034911 3.9074147858697437 9
1714300724677 3.8568548443524735 10
1714301397208 3.8435882341278638 11
1714302089966 3.9204307922526547 12
1714302769516 3.8978155896715494 13
1714303459120 3.947043466827144 14
1714304134642 3.8697662863718425 15
1714304824185 3.8917032645448395 16
1714305512342 3.9429560928888945 17
1714306190912 3.9058051107694274 18
1714306905029 3.87529795454896 19
1714307578227 3.865876761791499 20
1714308293097 3.874490660817727 21
1714308967371 3.9012089781463146 22
1714309682714 3.869312764995772 23
1714310371823 3.8916345889801565 24
1714311060632 3.9058203936918923 25
1714311750896 3.922434062899455 26
1714312450302 3.890129909567211 27
1714313141515 3.8702136540542478 28
1714313830844 3.827494388203258 29
1714314528974 3.8770609451052933 30
1714315218228 3.9002008577403813 31
1714315898456 3.8883984205515487 32
1714316591598 3.889413056490214 33
1714317285589 3.8811863858414735 34
1714317965909 3.9035834085358228 35
1714318670402 3.8655430198363634 36
1714319354416 3.860950572821109 37
1714320052101 3.859650292150352 38
1714320737668 3.8578822245092494 39
1714321422446 3.8845086348769455 40
1714322139090 3.9160506705874982 41
1714322832135 3.9081368405857813 42
1714323547672 3.880094776658908 43
1714324221489 3.8557394017343936 44
1714324936424 3.8723579334176104 45
1714325624373 3.7918324410591437 46
1714326330559 3.878064779969661 47
1714327021356 3.822123626328033 48
1714327706313 3.873285268149946 49
1714328395131 3.8513244609146016 50
1714329095010 3.8310404047369957 51
1714329775803 3.8449033302781372 52
1714330465889 3.8695613414697023 53
1714331161319 3.800381139082753 54
1714331854621 3.8087484481865945 55
1714332555851 3.795539763148712 56
1714333236633 3.8325529537447123 57
1714333935457 3.8377661606215914 58
1714334605533 3.8607291742835357 59
1714335312860 3.8137498969293158 60
1714335993884 3.868760587890511 61
1714336677955 3.8898470852038134 62
1714337360516 3.8385995743067367 63
1714338040033 3.856458417909301 64
1714338735610 3.8304993677074495 65
1714339419776 3.8530878703231397 66
1714340095080 3.862451362707045 67
1714340778054 3.862203428602737 68
1714341464633 3.804397748378308 69
1714342151989 3.8233765237357304 70
1714342842007 3.8445508381270845 71
1714343549245 3.851244236464086 72
1714344235644 3.806969768489185 73
1714344907402 3.844205000964196 74
1714345589156 3.840439570824737 75
1714346294232 3.835197136939868 76
1714347000488 3.8154518042245638 77
1714347719205 3.7898571405397807 78
1714348402087 3.822187828790882 79
1714349109388 3.819405430360981 80
1714349809582 3.8356968768588873 81
1714350519412 3.844457155012566 82
1714351203352 3.8115334308341793 83
1714351908457 3.8163968548178673 84
1714352611812 3.8530875394201796 85
1714353303143 3.8293512829619907 86
1714353992229 3.8185470402240753 87
1714354694748 3.822901674910732 88
1714355396472 3.771267719728791 89
1714356086706 3.8007659225360206 90
1714356778006 3.7952838996830196 91
1714357475335 3.838858798146248 92
1714358193515 3.811879271722358 93
1714358886311 3.7754990315955617 94
1714359599827 3.7857019538464756 95
1714360282355 3.831078334994938 96
1714360988137 3.8152546738476856 97
1714361683831 3.8149960361745046 98
1714362382866 3.8273124343351177 99
1714363067873 3.8365595032987385 100
1714363760023 3.767102993214908 101
1714364463540 3.8008690366278524 102
1714365160537 3.8169042210540045 103
1714365844892 3.831565312879241 104
1714366544481 3.766150110927613 105
1714367241998 3.8042391911149025 106
1714367930212 3.791676430274611 107
1714368620569 3.831537241845027 108
1714369318039 3.8466125341213266 109
1714370016596 3.772350302209025 110
1714370703264 3.7756763712867447 111
1714371394307 3.8476220489196153 112
1714372111362 3.773387892252725 113
1714372815588 3.7867996122526084 114
1714373513371 3.776189162355402 115
1714374208786 3.822003754098778 116
1714374923704 3.7499890789065673 117
1714375627161 3.806133384613887 118
1714376334361 3.769155880517286 119
1714377051564 3.750149977433941 120
1714377747701 3.7777240971184294 121
1714378451535 3.7945151346857133 122
1714379134451 3.7970107095720977 123
1714379819024 3.8252968420477016 124
1714380502040 3.796297441358152 125
1714381184417 3.8211387956272 126
1714381874351 3.7925831944398256 127
1714382568007 3.7489985933770305 128
1714383240749 3.78493834886214 129
1714383944120 3.808486606763757 130
1714384644970 3.7721409935342227 131
1714385331468 3.7847168021228 132
1714386020215 3.7686567852354567 133
1714386706743 3.762524150311947 134
1714387401125 3.7369719619012396 135
1714388074973 3.7524146967284056 136
1714388771553 3.796707645220601 137
1714389463578 3.7401427007887675 138
1714390141439 3.782699152989232 139
1714390836378 3.7478541375502297 140
1714391523478 3.718976298590069 141
1714392207885 3.7376290274702986 142
1714392885075 3.7853916904524616 143
1714393568370 3.7132869495645813 144
1714394248024 3.746127116291419 145
1714394940227 3.763398866938508 146
1714395614265 3.7765102517669615 147
1714396316975 3.711955493720977 148
1714397001391 3.7579708437880743 149
1714397709000 3.7817134429579196 150
1714398388615 3.701718619984129 151
1714399101988 3.7271342358511426 152
1714399780240 3.7255469633509284 153
1714400462011 3.7060888254124187 154
1714401159175 3.7013318959785546 155
1714401861131 3.739430691237035 156
1714402551267 3.786767374886119 157
1714403230574 3.7519125735954098 158
1714403926116 3.7791597776762815 159
1714404600962 3.726682805820652 160
1714405288218 3.730720917491809 161
1714405933848 3.7811888516273187 162
1714406555426 3.730911484717027 163
1714407104841 3.780204400906096 164
1714407750941 3.7466030611616112 165
1714408287529 3.6977005006502504 166
1714408899415 3.6882652883296427 167
1714409431252 3.6889478399053863 168
1714410088348 3.684050986138375 169
1714410632238 3.768487191394619 170
1714411229155 3.750122164254603 171
1714411797493 3.7276631300540073 172
1714412390687 3.7112263734249966 173
1714412934302 3.681208882966767 174
1714413550031 3.690330425844244 175
1714414100936 3.730281048656806 176
1714414734956 3.6998127935373266 177
1714415234016 3.665979369826939 178
1714415710464 3.7401279350337773 179
1714416180879 3.7201737048833268 180
1714416642393 3.728942949162877 181
1714417111010 3.7187753170728683 182
1714417560527 3.7135574083937253 183
1714417968532 3.7095759470501672 184
1714418320005 3.655608755738839 185
1714418756364 3.742439303547144 186
1714419106515 3.732682929576739 187
1714419554796 3.643123662828103 188
1714419907614 3.6711348047399004 189
1714420340404 3.723259593481603 190
1714420687904 3.6973897829327895 191
1714421091635 3.666866110070892 192
1714421352784 3.732172080518111 193
1714421675965 3.626233905877756 194
1714421929980 3.6517883131037587 195
1714422266141 3.668037992780623 196
1714422531916 3.6946455047506355 197
1714422858154 3.7051488245310993 198
1714423118281 3.693187498042117 199
1714423451577 3.725687350753857 200
1714423725877 3.6907353775332803 201
1714424052974 3.7154801381023033 202
1714424313867 3.6854868205669136 203
1714424644314 3.6697573034983613 204
1714424918213 3.670438185982082 205
1714425239372 3.672675190250511 206
1714425487272 3.6757967685875683 207
1714425824981 3.658884779914566 208
1714426104109 3.654319798492867 209
1714426429361 3.69124139132707 210
1714426679263 3.702861630236325 211
1714427011967 3.675891662745372 212
1714427280478 3.688498696555262 213
1714427606117 3.6971214441177636 214
1714427859149 3.6794324917313843 215
1714428187902 3.666388411074877 216
1714428439205 3.642091983686323 217
1714428773862 3.6797376599000846 218
1714429029708 3.6889839844535226 219
1714429352976 3.6769127256196477 220
1714429606605 3.680065147254778 221
1714429938810 3.6186460413686605 222
1714430209250 3.6553773408674677 223
1714430525534 3.6507921665906906 224
1714430780898 3.685588231715171 225
1714431108820 3.681509196272363 226
1714431383269 3.6531358832574408 227
1714431695426 3.623457215078499 228
1714431954276 3.648158312005841 229
1714432270361 3.6344042878759946 230
1714432539933 3.6838532276451588 231
1714432843183 3.6443139761686325 232
1714433103830 3.6137509647270907 233
1714433410316 3.6325823578821574 234
1714433685855 3.6281834750071815 235
1714433992965 3.665465563373721 236
