1714293774202 9.999999999999821e-06 0
1714294462319 9.999999999999821e-06 1
1714295144070 8.001562500000023e-06 2
1714295836404 6.003125000000018e-06 3
1714296537107 4.004687499999941e-06 4
1714297224093 2.0062500000000102e-06 5
1714297935863 1.284323395960249e-08 6
1714298621865 1.5056221881001066e-08 7
1714299326374 1.7671149766564087e-08 8
1714300034909 2.0687806937676157e-08 9
1714300724672 2.4105950349332582e-08 10
1714301397204 2.7925304609722768e-08 11
1714302089964 3.21455620024191e-08 12
1714302769514 3.676638251116694e-08 13
1714303459117 4.178739384727485e-08 14
1714304134639 4.7208191479620554e-08 15
1714304824181 5.3028338667229953e-08 16
1714305512340 5.924736649448051e-08 17
1714306190911 6.586477390885416e-08 18
1714306905028 7.288002776133852e-08 19
1714307578223 8.029256284935911e-08 20
1714308293094 8.810178196231198e-08 21
1714308967369 9.630705592971541e-08 22
1714309682710 1.0490772367184719e-07 23
1714310371821 1.1390309225305615e-07 24
1714311060626 1.232924369375615e-07 25
1714311750890 1.3307500124784115e-07 26
1714312450298 1.4324999702560528e-07 27
1714313141510 1.5381660449526022e-07 28
1714313830839 1.6477397233000038e-07 29
1714314528972 1.761212177203559e-07 30
1714315218226 1.8785742644532728e-07 31
1714315898454 1.999816529460669e-07 32
1714316591596 2.124929204020389e-07 33
1714317285584 2.2539022080972905e-07 34
1714317965906 2.3867251506382734e-07 35
1714318670398 2.523387330410053e-07 36
1714319354413 2.663877736860865e-07 37
1714320052096 2.8081850510074475e-07 38
1714320737666 2.956297646347648e-07 39
1714321422443 3.1082035897963723e-07 40
1714322139085 3.263890642647546e-07 41
1714322832133 3.42334626155983e-07 42
1714323547670 3.5865575995674667e-07 43
1714324221486 3.753511507115088e-07 44
1714324936419 3.9241945331175147e-07 45
1714325624371 4.0985929260427454e-07 46
1714326330554 4.2766926350209375e-07 47
1714327021353 4.458479310975325e-07 48
1714327706311 4.643938307779415e-07 49
1714328395128 4.833054683436e-07 50
1714329095008 5.025813201281461e-07 51
1714329775798 5.222198331213576e-07 52
1714330465884 5.422194250942195e-07 53
1714331161317 5.625784847264422e-07 54
1714331854619 5.832953717362601e-07 55
1714332555846 6.043684170126315e-07 56
1714333236628 6.25795922749609e-07 57
1714333935453 6.475761625832424e-07 58
1714334605529 6.697073817306265e-07 59
1714335312857 6.921877971312471e-07 60
1714335993882 7.150155975906827e-07 61
1714336677953 7.381889439264962e-07 62
1714337360511 7.617059691164555e-07 63
1714338040028 7.855647784489317e-07 64
1714338735608 8.097634496754816e-07 65
1714339419774 8.343000331658489e-07 66
1714340095078 8.591725520649488e-07 67
1714340778052 8.843790024522151e-07 68
1714341464629 9.099173535029469e-07 69
1714342151987 9.357855476519781e-07 70
1714342842003 9.61981500759528e-07 71
1714343549241 9.885031022789737e-07 72
1714344235642 1.0153482154270206e-06 73
1714344907397 1.0425146773556996e-06 74
1714345589154 1.0700002993268283e-06 75
1714346294227 1.0978028668882402e-06 76
1714347000486 1.1259201400521134e-06 77
1714347719203 1.1543498534756567e-06 78
1714348402083 1.183089716643375e-06 79
1714349109383 1.2121374140518168e-06 80
1714349809578 1.2414906053960396e-06 81
1714350519411 1.2711469257581026e-06 82
1714351203350 1.3011039857978081e-06 83
1714351908455 1.3313593719448883e-06 84
1714352611808 1.361910646593795e-06 85
1714353303139 1.3927553482998694e-06 86
1714353992227 1.423890991977668e-06 87
1714354694744 1.4553150691013864e-06 88
1714355396469 1.4870250479066385e-06 89
1714356086704 1.519018373594704e-06 90
1714356778004 1.5512924685382753e-06 91
1714357475333 1.5838447324891112e-06 92
1714358193514 1.6166725427874607e-06 93
1714358886306 1.6497732545735747e-06 94
1714359599823 1.6831442010006695e-06 95
1714360282352 1.71678269344966e-06 96
1714360988135 1.7506860217459527e-06 97
1714361683829 1.7848514543778886e-06 98
1714362382862 1.819276238716493e-06 99
1714363067871 1.853957601237529e-06 100
1714363760019 1.8888927477448711e-06 101
1714364463535 1.9240788635954803e-06 102
1714365160536 1.9595131139264517e-06 103
1714365844890 1.9951926438831874e-06 104
1714366544477 2.0311145788496012e-06 105
1714367241994 2.0672760246793826e-06 106
1714367930210 2.1036740679296203e-06 107
1714368620567 2.140305776095218e-06 108
1714369318036 2.1771681978451003e-06 109
1714370016593 2.2142583632604177e-06 110
1714370703259 2.251573284073257e-06 111
1714371394306 2.289109953907954e-06 112
1714372111360 2.3268653485228656e-06 113
1714372815582 2.364836426054272e-06 114
1714373513367 2.4030201272614036e-06 115
1714374208781 2.441413375772807e-06 116
1714374923700 2.4800130783344384e-06 117
1714375627156 2.518816125058557e-06 118
1714376334357 2.5578193896746264e-06 119
1714377051560 2.597019729780923e-06 120
1714377747699 2.6364139870977704e-06 121
1714378451533 2.6759989877222965e-06 122
1714379134449 2.715771542383501e-06 123
1714379819022 2.75572844669994e-06 124
1714380502037 2.795866481437264e-06 125
1714381184413 2.8361824127680854e-06 126
1714381874347 2.876672992532308e-06 127
1714382568003 2.917334958498574e-06 128
1714383240745 2.958165034627653e-06 129
1714383944118 2.9991599313358355e-06 130
1714384644969 3.040316345760265e-06 131
1714385331464 3.0816309620250825e-06 132
1714386020210 3.123100451508454e-06 133
1714386706742 3.1647214731105363e-06 134
1714387401123 3.2064906735232127e-06 135
1714388074971 3.2484046874998806e-06 136
1714388771549 3.2904601381263965e-06 137
1714389463574 3.332653637093789e-06 138
1714390141437 3.3749817849705603e-06 139
1714390836376 3.4174411714768737e-06 140
1714391523476 3.460028375759508e-06 141
1714392207883 3.5027399666671815e-06 142
1714392885070 3.5455725030269156e-06 143
1714393568368 3.5885225339215913e-06 144
1714394248022 3.631586598967776e-06 145
1714394940225 3.6747612285945827e-06 146
1714395614262 3.71804294432334e-06 147
1714396316973 3.761428259047423e-06 148
1714397001389 3.804913677313691e-06 149
1714397708999 3.848495695603824e-06 150
1714398388611 3.89217080261666e-06 151
1714399101986 3.935935479551085e-06 152
1714399780237 3.979786200389532e-06 153
1714400462009 4.023719432182257e-06 154
1714401159171 4.067731635331412e-06 155
1714401861129 4.111819263877116e-06 156
1714402551264 4.155978765782145e-06 157
1714403230572 4.200206583219059e-06 158
1714403926112 4.244499152855939e-06 159
1714404600960 4.288852906144444e-06 160
1714405288215 4.333264269606259e-06 161
1714405933846 4.37772966512204e-06 162
1714406555424 4.422245510218946e-06 163
1714407104835 4.466808218359582e-06 164
1714407750938 4.5114141992308115e-06 165
1714408287525 4.556059859033266e-06 166
1714408899412 4.6007416007707195e-06 167
1714409431249 4.645455824539771e-06 168
1714410088346 4.690198927820307e-06 169
1714410632235 4.734967305765165e-06 170
1714411229151 4.779757351490907e-06 171
1714411797489 4.82456545636854e-06 172
1714412390685 4.869388010314114e-06 173
1714412934300 4.91422140207901e-06 174
1714413550029 4.959062019542291e-06 175
1714414100931 5.0039062499999366e-06 176
1714414734954 5.048750480457838e-06 177
1714415234012 5.093591097920917e-06 178
1714415710460 5.138424489686014e-06 179
1714416180877 5.183247043631394e-06 180
1714416642389 5.228055148508962e-06 181
1714417111007 5.2728451942347425e-06 182
1714417560524 5.317613572179605e-06 183
1714417968530 5.3623566754601025e-06 184
1714418320002 5.407070899229348e-06 185
1714418756362 5.451752640966872e-06 186
1714419106512 5.496398300769295e-06 187
1714419554794 5.541004281640525e-06 188
1714419907612 5.58556698978099e-06 189
1714420340402 5.630082834877855e-06 190
1714420687900 5.674548230393643e-06 191
1714421091633 5.7189595938555e-06 192
1714421352782 5.7633133471440115e-06 193
1714421675963 5.8076059167808915e-06 194
1714421929978 5.851833734217767e-06 195
1714422266136 5.89599323612287e-06 196
1714422531914 5.940080864668543e-06 197
1714422858152 5.98409306781781e-06 198
1714423118279 6.028026299610372e-06 199
1714423451575 6.07187702044887e-06 200
1714423725875 6.115641697383337e-06 201
1714424052972 6.159316804396107e-06 202
1714424313862 6.2028988226862116e-06 203
1714424644312 6.246384240952474e-06 204
1714424918211 6.2897695556766016e-06 205
1714425239370 6.333051271405383e-06 206
1714425487270 6.376225901032304e-06 207
1714425824979 6.419289966078549e-06 208
1714426104107 6.462239996973213e-06 209
1714426429359 6.505072533332951e-06 210
1714426679260 6.547784124240408e-06 211
1714427011965 6.590371328523112e-06 212
1714427280476 6.632830715029487e-06 213
1714427606114 6.675158862906254e-06 214
1714427859147 6.71735236187361e-06 215
1714428187900 6.759407812500188e-06 216
1714428439202 6.801321826476779e-06 217
1714428773860 6.843091026889452e-06 218
1714429029706 6.884712048491675e-06 219
1714429352974 6.926181537974805e-06 220
1714429606603 6.967496154239634e-06 221
1714429938809 7.008652568664218e-06 222
1714430209247 7.049647465372391e-06 223
1714430525532 7.090477541501464e-06 224
1714430780896 7.1311395074677075e-06 225
1714431108816 7.171630087231799e-06 226
1714431383267 7.211946018562744e-06 227
1714431695424 7.252084053300043e-06 228
1714431954273 7.292040957616522e-06 229
1714432270360 7.331813512277691e-06 230
1714432539929 7.371398512902285e-06 231
1714432843181 7.410792770219196e-06 232
1714433103825 7.4499931103253975e-06 233
1714433410314 7.488996374941459e-06 234
1714433685850 7.527799421665453e-06 235
1714433992963 7.566399124227225e-06 236
