1718156642386 0.0 0
1718157442355 1.0 1
1718158218936 2.0 2
1718159012496 3.0 3
1718159793803 4.0 4
1718160592565 5.0 5
1718161400257 6.0 6
1718162183495 7.0 7
1718162919301 8.0 8
1718163717160 9.0 9
1718164542413 10.0 10
1718165365364 11.0 11
1718166105705 12.0 12
1718166676681 13.0 13
1718167320483 14.0 14
1718167899914 15.0 15
1718168554090 16.0 16
1718169129260 17.0 17
1718169781207 18.0 18
1718170338998 19.0 19
1718170936084 20.0 20
1718171519841 21.0 21
1718172122231 22.0 22
1718172693341 23.0 23
1718173275816 24.0 24
1718173822531 25.0 25
1718174408519 26.0 26
1718174997514 27.0 27
1718175597720 28.0 28
1718176148551 29.0 29
1718176735870 30.0 30
1718177331235 31.0 31
1718177940342 32.0 32
1718178573812 33.0 33
1718179199186 34.0 34
1718179819567 35.0 35
1718180429646 36.0 36
1718181063938 37.0 37
1718181686847 38.0 38
1718182284763 39.0 39
1718182825311 40.0 40
1718183464835 41.0 41
1718184052997 42.0 42
1718184627423 43.0 43
1718185242433 44.0 44
1718185839435 45.0 45
1718186398865 46.0 46
1718187150743 47.0 47
1718188070162 48.0 48
1718189020372 49.0 49
1718189972153 50.0 50
1718190923290 51.0 51
1718191868262 52.0 52
1718192820136 53.0 53
1718193774994 54.0 54
1718194741186 55.0 55
1718195701954 56.0 56
1718196652694 57.0 57
1718197593674 58.0 58
1718198546705 59.0 59
1718199491982 60.0 60
1718200440902 61.0 61
1718201404234 62.0 62
1718202351000 63.0 63
1718203307039 64.0 64
1718204259700 65.0 65
1718205218286 66.0 66
1718206157969 67.0 67
1718207113039 68.0 68
1718208045499 69.0 69
1718208989449 70.0 70
1718209930658 71.0 71
1718210873979 72.0 72
1718211813588 73.0 73
1718212751783 74.0 74
1718213695738 75.0 75
1718214640322 76.0 76
1718215579001 77.0 77
1718216518390 78.0 78
1718217465104 79.0 79
1718218407006 80.0 80
1718219344356 81.0 81
1718220285319 82.0 82
1718221236163 83.0 83
1718222170681 84.0 84
1718223109254 85.0 85
1718224051394 86.0 86
1718224990085 87.0 87
1718225921870 88.0 88
1718226856061 89.0 89
1718227804462 90.0 90
1718228743305 91.0 91
1718229680334 92.0 92
1718230618998 93.0 93
1718231566060 94.0 94
1718232504718 95.0 95
1718233437055 96.0 96
1718234385113 97.0 97
1718235331230 98.0 98
1718236276103 99.0 99
1718237217533 100.0 100
1718238161660 101.0 101
1718239102463 102.0 102
1718240036844 103.0 103
1718240977175 104.0 104
1718241917512 105.0 105
1718242852478 106.0 106
1718243796284 107.0 107
1718244734945 108.0 108
1718245680986 109.0 109
1718246581780 110.0 110
1718247347823 111.0 111
1718248075468 112.0 112
1718248729230 113.0 113
1718249431827 114.0 114
1718250148508 115.0 115
1718250737938 116.0 116
1718251227766 117.0 117
1718251728553 118.0 118
1718252196705 119.0 119
1718252681393 120.0 120
1718253180298 121.0 121
1718253818494 122.0 122
1718254356273 123.0 123
1718254874582 124.0 124
1718255478981 125.0 125
1718256097079 126.0 126
1718256695478 127.0 127
1718257321497 128.0 128
1718257907805 129.0 129
1718258516623 130.0 130
1718259133738 131.0 131
1718259712104 132.0 132
1718260336325 133.0 133
1718260952046 134.0 134
1718261578219 135.0 135
1718262211923 136.0 136
1718262838043 137.0 137
1718263452501 138.0 138
1718264073365 139.0 139
1718264695815 140.0 140
1718265315712 141.0 141
1718265932434 142.0 142
1718266551495 143.0 143
1718267167090 144.0 144
1718267797724 145.0 145
1718268416240 146.0 146
1718269006711 147.0 147
1718269639596 148.0 148
1718270243667 149.0 149
1718270823010 150.0 150
1718271454977 151.0 151
1718272061142 152.0 152
1718272634693 153.0 153
1718273268965 154.0 154
1718273867351 155.0 155
1718274449509 156.0 156
1718275082078 157.0 157
1718275663681 158.0 158
1718276265067 159.0 159
1718276816560 160.0 160
1718277381297 161.0 161
1718277980410 162.0 162
1718278603635 163.0 163
1718279192801 164.0 164
1718279797095 165.0 165
1718280356566 166.0 166
1718280910768 167.0 167
1718281502625 168.0 168
1718282086273 169.0 169
1718282703208 170.0 170
1718283277922 171.0 171
1718283835398 172.0 172
1718284424913 173.0 173
1718285018087 174.0 174
1718285597630 175.0 175
1718286174313 176.0 176
1718286748743 177.0 177
1718287335891 178.0 178
1718287908494 179.0 179
1718288451327 180.0 180
1718289080268 181.0 181
1718289665765 182.0 182
1718290164923 183.0 183
1718290725057 184.0 184
1718291320906 185.0 185
1718291880606 186.0 186
1718292392145 187.0 187
1718292934765 188.0 188
1718293532279 189.0 189
1718294090689 190.0 190
1718294645075 191.0 191
1718295208492 192.0 192
1718295788565 193.0 193
1718296380889 194.0 194
1718296926230 195.0 195
1718297458706 196.0 196
1718297972233 197.0 197
1718298288231 198.0 198
1718298599228 199.0 199
1718298919312 200.0 200
1718299264520 201.0 201
1718299592735 202.0 202
1718299912160 203.0 203
1718300237325 204.0 204
1718300541954 205.0 205
1718300851192 206.0 206
1718301179650 207.0 207
1718301487613 208.0 208
1718301795011 209.0 209
1718302101612 210.0 210
1718302410300 211.0 211
1718302717008 212.0 212
1718303029506 213.0 213
1718303350395 214.0 214
1718303676878 215.0 215
1718304002638 216.0 216
1718304319706 217.0 217
1718304631261 218.0 218
1718304934795 219.0 219
1718305238976 220.0 220
1718305544093 221.0 221
1718305853743 222.0 222
1718306169281 223.0 223
1718306491933 224.0 224
1718306811659 225.0 225
1718307125019 226.0 226
1718307429790 227.0 227
1718307736134 228.0 228
1718308042438 229.0 229
1718308348729 230.0 230
1718308657819 231.0 231
1718308971657 232.0 232
1718309290414 233.0 233
1718309607777 234.0 234
1718309919390 235.0 235
1718310223208 236.0 236
1718310524977 237.0 237
1718310827509 238.0 238
1718311132079 239.0 239
1718311440648 240.0 240
1718311757974 241.0 241
1718312078608 242.0 242
1718312392408 243.0 243
1718312698438 244.0 244
1718313000640 245.0 245
1718313302804 246.0 246
1718313605378 247.0 247
1718313913878 248.0 248
1718314230871 249.0 249
1718314548406 250.0 250
1718314858051 251.0 251
1718315159873 252.0 252
1718315459358 253.0 253
1718315759199 254.0 254
1718316051925 255.0 255
1718316334023 256.0 256
1718316616575 257.0 257
1718316899716 258.0 258
1718317183862 259.0 259
1718317467989 260.0 260
1718317751781 261.0 261
1718318036658 262.0 262
1718318319160 263.0 263
1718318604524 264.0 264
1718318889528 265.0 265
1718319174110 266.0 266
1718319459260 267.0 267
1718319744038 268.0 268
1718320028812 269.0 269
1718320313608 270.0 270
1718320597593 271.0 271
1718320882235 272.0 272
1718321166972 273.0 273
1718321452725 274.0 274
1718321740576 275.0 275
1718322024146 276.0 276
1718322308106 277.0 277
1718322593072 278.0 278
1718322878666 279.0 279
1718323164001 280.0 280
1718323447665 281.0 281
1718323732310 282.0 282
1718324016024 283.0 283
1718324304941 284.0 284
1718324911307 285.0 285
1718325756297 286.0 286
1718326582347 287.0 287
1718327418616 288.0 288
1718328285255 289.0 289
