1718156642388 7080504.0 0
1718157442357 7080504.0 1
1718158218938 7080504.0 2
1718159012498 7080504.0 3
1718159793805 7080504.0 4
1718160592567 7080504.0 5
1718161400258 7080504.0 6
1718162183497 7080504.0 7
1718162919302 7080504.0 8
1718163717161 7080504.0 9
1718164542415 7080504.0 10
1718165365366 7080504.0 11
1718166105707 7080504.0 12
1718166676683 7080504.0 13
1718167320485 7080504.0 14
1718167899916 7080504.0 15
1718168554092 7080504.0 16
1718169129261 7080504.0 17
1718169781209 7080504.0 18
1718170339000 7080504.0 19
1718170936086 7080504.0 20
1718171519843 7080504.0 21
1718172122232 7080504.0 22
1718172693342 7080504.0 23
1718173275817 7080504.0 24
1718173822533 7080504.0 25
1718174408520 7080504.0 26
1718174997516 7080504.0 27
1718175597722 7080504.0 28
1718176148553 7080504.0 29
1718176735871 7080504.0 30
1718177331237 7080504.0 31
1718177940343 7080504.0 32
1718178573814 7080504.0 33
1718179199186 7080504.0 34
1718179819569 7080504.0 35
1718180429648 7080504.0 36
1718181063939 7080504.0 37
1718181686849 7080504.0 38
1718182284765 7080504.0 39
1718182825312 7080504.0 40
1718183464836 7080504.0 41
1718184052999 7080504.0 42
1718184627425 7080504.0 43
1718185242435 7080504.0 44
1718185839437 7080504.0 45
1718186398867 7080504.0 46
1718187150745 7080504.0 47
1718188070164 7080504.0 48
1718189020374 7080504.0 49
1718189972155 7080504.0 50
1718190923292 7080504.0 51
1718191868263 7080504.0 52
1718192820137 7080504.0 53
1718193774996 7080504.0 54
1718194741188 7080504.0 55
1718195701956 7080504.0 56
1718196652696 7080504.0 57
1718197593676 7080504.0 58
1718198546707 7080504.0 59
1718199491984 7080504.0 60
1718200440903 7080504.0 61
1718201404236 7080504.0 62
1718202351001 7080504.0 63
1718203307041 7080504.0 64
1718204259702 7080504.0 65
1718205218288 7080504.0 66
1718206157971 7080504.0 67
1718207113041 7080504.0 68
1718208045500 7080504.0 69
1718208989451 7080504.0 70
1718209930659 7080504.0 71
1718210873980 7080504.0 72
1718211813590 7080504.0 73
1718212751785 7080504.0 74
1718213695740 7080504.0 75
1718214640324 7080504.0 76
1718215579002 7080504.0 77
1718216518392 7080504.0 78
1718217465105 7080504.0 79
1718218407008 7080504.0 80
1718219344358 7080504.0 81
1718220285321 7080504.0 82
1718221236164 7080504.0 83
1718222170683 7080504.0 84
1718223109256 7080504.0 85
1718224051396 7080504.0 86
1718224990086 7080504.0 87
1718225921871 7080504.0 88
1718226856062 7080504.0 89
1718227804463 7080504.0 90
1718228743307 7080504.0 91
1718229680336 7080504.0 92
1718230619000 7080504.0 93
1718231566062 7080504.0 94
1718232504720 7080504.0 95
1718233437057 7080504.0 96
1718234385115 7080504.0 97
1718235331231 7080504.0 98
1718236276105 7080504.0 99
1718237217535 7080504.0 100
1718238161662 7080504.0 101
1718239102464 7080504.0 102
1718240036846 7080504.0 103
1718240977176 7080504.0 104
1718241917514 7080504.0 105
1718242852479 7080504.0 106
1718243796285 7080504.0 107
1718244734946 7080504.0 108
1718245680988 7080504.0 109
1718246581782 7080504.0 110
1718247347825 7080504.0 111
1718248075470 7080504.0 112
1718248729232 7080504.0 113
1718249431828 7080504.0 114
1718250148509 7080504.0 115
1718250737941 7080504.0 116
1718251227767 7080504.0 117
1718251728555 7080504.0 118
1718252196707 7080504.0 119
1718252681395 7080504.0 120
1718253180299 7080504.0 121
1718253818496 7080504.0 122
1718254356275 7080504.0 123
1718254874584 7080504.0 124
1718255478983 7080504.0 125
1718256097081 7080504.0 126
1718256695480 7080504.0 127
1718257321499 7080504.0 128
1718257907807 7080504.0 129
1718258516624 7080504.0 130
1718259133739 7080504.0 131
1718259712106 7080504.0 132
1718260336327 7080504.0 133
1718260952047 7080504.0 134
1718261578220 7080504.0 135
1718262211925 7080504.0 136
1718262838044 7080504.0 137
1718263452503 7080504.0 138
1718264073366 7080504.0 139
1718264695817 7080504.0 140
1718265315714 7080504.0 141
1718265932435 7080504.0 142
1718266551497 7080504.0 143
1718267167092 7080504.0 144
1718267797726 7080504.0 145
1718268416241 7080504.0 146
1718269006713 7080504.0 147
1718269639598 7080504.0 148
1718270243668 7080504.0 149
1718270823012 7080504.0 150
1718271454979 7080504.0 151
1718272061143 7080504.0 152
1718272634695 7080504.0 153
1718273268967 7080504.0 154
1718273867352 7080504.0 155
1718274449511 7080504.0 156
1718275082080 7080504.0 157
1718275663683 7080504.0 158
1718276265068 7080504.0 159
1718276816561 7080504.0 160
1718277381299 7080504.0 161
1718277980412 7080504.0 162
1718278603636 7080504.0 163
1718279192802 7080504.0 164
1718279797097 7080504.0 165
1718280356566 7080504.0 166
1718280910769 7080504.0 167
1718281502626 7080504.0 168
1718282086275 7080504.0 169
1718282703210 7080504.0 170
1718283277923 7080504.0 171
1718283835400 7080504.0 172
1718284424914 7080504.0 173
1718285018089 7080504.0 174
1718285597631 7080504.0 175
1718286174314 7080504.0 176
1718286748744 7080504.0 177
1718287335892 7080504.0 178
1718287908495 7080504.0 179
1718288451329 7080504.0 180
1718289080270 7080504.0 181
1718289665766 7080504.0 182
1718290164924 7080504.0 183
1718290725058 7080504.0 184
1718291320907 7080504.0 185
1718291880607 7080504.0 186
1718292392147 7080504.0 187
1718292934766 7080504.0 188
1718293532281 7080504.0 189
1718294090690 7080504.0 190
1718294645076 7080504.0 191
1718295208494 7080504.0 192
1718295788567 7080504.0 193
1718296380891 7080504.0 194
1718296926231 7080504.0 195
1718297458707 7080504.0 196
1718297972234 7080504.0 197
1718298288232 7080504.0 198
1718298599229 7080504.0 199
1718298919313 7080504.0 200
1718299264522 7080504.0 201
1718299592736 7080504.0 202
1718299912161 7080504.0 203
1718300237326 7080504.0 204
1718300541955 7080504.0 205
1718300851193 7080504.0 206
1718301179651 7080504.0 207
1718301487615 7080504.0 208
1718301795013 7080504.0 209
1718302101613 7080504.0 210
1718302410301 7080504.0 211
1718302717009 7080504.0 212
1718303029508 7080504.0 213
1718303350396 7080504.0 214
1718303676879 7080504.0 215
1718304002639 7080504.0 216
1718304319708 7080504.0 217
1718304631262 7080504.0 218
1718304934796 7080504.0 219
1718305238977 7080504.0 220
1718305544095 7080504.0 221
1718305853745 7080504.0 222
1718306169282 7080504.0 223
1718306491934 7080504.0 224
1718306811661 7080504.0 225
1718307125021 7080504.0 226
1718307429792 7080504.0 227
1718307736136 7080504.0 228
1718308042439 7080504.0 229
1718308348730 7080504.0 230
1718308657820 7080504.0 231
1718308971658 7080504.0 232
1718309290415 7080504.0 233
1718309607779 7080504.0 234
1718309919392 7080504.0 235
1718310223209 7080504.0 236
1718310524978 7080504.0 237
1718310827510 7080504.0 238
1718311132080 7080504.0 239
1718311440650 7080504.0 240
1718311757975 7080504.0 241
1718312078609 7080504.0 242
1718312392410 7080504.0 243
1718312698439 7080504.0 244
1718313000641 7080504.0 245
1718313302805 7080504.0 246
1718313605380 7080504.0 247
1718313913879 7080504.0 248
1718314230872 7080504.0 249
1718314548407 7080504.0 250
1718314858052 7080504.0 251
1718315159875 7080504.0 252
1718315459360 7080504.0 253
1718315759200 7080504.0 254
1718316051927 7080504.0 255
1718316334025 7080504.0 256
1718316616577 7080504.0 257
1718316899718 7080504.0 258
1718317183864 7080504.0 259
1718317467991 7080504.0 260
1718317751783 7080504.0 261
1718318036659 7080504.0 262
1718318319162 7080504.0 263
1718318604526 7080504.0 264
1718318889530 7080504.0 265
1718319174112 7080504.0 266
1718319459262 7080504.0 267
1718319744040 7080504.0 268
1718320028813 7080504.0 269
1718320313610 7080504.0 270
1718320597595 7080504.0 271
1718320882237 7080504.0 272
1718321166974 7080504.0 273
1718321452727 7080504.0 274
1718321740578 7080504.0 275
1718322024148 7080504.0 276
1718322308108 7080504.0 277
1718322593074 7080504.0 278
1718322878668 7080504.0 279
1718323164003 7080504.0 280
1718323447667 7080504.0 281
1718323732311 7080504.0 282
1718324016026 7080504.0 283
1718324304943 7080504.0 284
1718324911308 7080504.0 285
1718325756298 7080504.0 286
1718326582348 7080504.0 287
1718327418618 7080504.0 288
1718328285257 7080504.0 289
