1718156642377 4.622221402499987 0
1718157442346 3.142209762788337 1
1718158218929 2.524983653879684 2
1718159012486 2.251729571139035 3
1718159793793 2.1116728398786937 4
1718160592554 2.0362090207636356 5
1718161400253 2.016341684791057 6
1718162183485 2.011864537616139 7
1718162919298 2.0270350342211514 8
1718163717152 2.0272504753716616 9
1718164542406 2.0078672502675783 10
1718165365355 2.007651313977397 11
1718166105695 1.998155303137458 12
1718166676672 2.006886568730292 13
1718167320475 1.9964921688256057 14
1718167899904 1.9832628777493602 15
1718168554081 2.0119406553390236 16
1718169129256 2.008700093821339 17
1718169781199 2.0057396299165227 18
1718170338990 1.97341663017869 19
1718170936075 1.990470920243989 20
1718171519833 1.9946885993299277 21
1718172122226 1.9717477976304034 22
1718172693333 1.981710789806169 23
1718173275811 1.9690452533895555 24
1718173822521 1.9773881906724495 25
1718174408510 1.9752266709895239 26
1718174997504 1.9745293486377467 27
1718175597712 1.9757456356740517 28
1718176148544 1.9588852566869364 29
1718176735866 1.9638704307701276 30
1718177331227 1.954110149456107 31
1718177940337 1.942625640689031 32
1718178573803 1.932409256696701 33
1718179199183 1.9193165114392405 34
1718179819557 1.9510323840962804 35
1718180429636 1.9223478992024194 36
1718181063934 1.9047269228359927 37
1718181686838 1.9417472104339495 38
1718182284753 1.895850222395814 39
1718182825303 1.9042822485384734 40
1718183464830 1.9020064220480297 41
1718184052988 1.8840139815988748 42
1718184627417 1.8912765710898067 43
1718185242425 1.8806040674124076 44
1718185839426 1.8729956188927526 45
1718186398857 1.8787157618157242 46
1718187150736 1.891497445171294 47
1718188070154 1.8544573651059815 48
1718189020363 1.8512952199772648 49
1718189972145 1.8527287142756192 50
1718190923285 1.848808243546797 51
1718191868251 1.852681480024172 52
1718192820128 1.844318930707548 53
1718193774984 1.830706525593996 54
1718194741178 1.831197962488817 55
1718195701945 1.8048824863913266 56
1718196652685 1.7937110430844452 57
1718197593666 1.807218590994244 58
1718198546695 1.7780241815616256 59
1718199491972 1.7954983673989773 60
1718200440897 1.7580519600406936 61
1718201404226 1.780732031425704 62
1718202350995 1.7567783247517503 63
1718203307030 1.7706393544440684 64
1718204259691 1.7650188805292482 65
1718205218277 1.7781560184515042 66
1718206157962 1.7662069737587287 67
1718207113031 1.7443638458524062 68
1718208045496 1.7383777097515438 69
1718208989440 1.7395583744282308 70
1718209930652 1.7094371990989083 71
1718210873976 1.7065872056004794 72
1718211813580 1.7222525360791578 73
1718212751774 1.6976495931005997 74
1718213695730 1.6952125311869641 75
1718214640314 1.6766149032375086 76
1718215578991 1.6682557946313983 77
1718216518382 1.680016762698474 78
1718217465098 1.6765470588984697 79
1718218406997 1.6619720308353072 80
1718219344352 1.641627137913652 81
1718220285309 1.6533204394838084 82
1718221236160 1.654374741665695 83
1718222170673 1.637038748630363 84
1718223109246 1.62942763839079 85
1718224051386 1.6321178799414116 86
1718224990078 1.6089602955009625 87
1718225921865 1.6160524933720413 88
1718226856056 1.6305849568351456 89
1718227804453 1.5925337126397567 90
1718228743297 1.6109546819782776 91
1718229680325 1.6117024901120558 92
1718230618994 1.5960293312597533 93
1718231566051 1.5798533616344566 94
1718232504708 1.581934096534615 95
1718233437045 1.591947334373127 96
1718234385104 1.6176419471916945 97
1718235331226 1.5777593600037305 98
1718236276094 1.561014028913949 99
1718237217523 1.5773773581275474 100
1718238161652 1.561952581629157 101
1718239102457 1.5581637744832297 102
1718240036836 1.5589975492785806 103
1718240977170 1.5480332469324702 104
1718241917502 1.5518994906350323 105
1718242852474 1.5497757025548946 106
1718243796278 1.5376441794569078 107
1718244734935 1.5322555057380511 108
1718245680978 1.5023430849061064 109
1718246581772 1.5132139098385107 110
1718247347814 1.5119173791583465 111
1718248075459 1.501842159130003 112
1718248729221 1.5020658359255479 113
1718249431822 1.5113285033275252 114
1718250148502 1.4881010677503503 115
1718250737930 1.5166483698007853 116
1718251227762 1.5137743713415188 117
1718251728543 1.4718278567914083 118
1718252196695 1.486237995893411 119
1718252681384 1.4710670361376328 120
1718253180294 1.4901175094039545 121
1718253818484 1.464091682806611 122
1718254356269 1.4623779856154453 123
1718254874574 1.4703030962011088 124
1718255478972 1.482521631228535 125
1718256097070 1.4521591094039057 126
1718256695474 1.4697678000058816 127
1718257321490 1.465063402429223 128
1718257907796 1.4481546303014392 129
1718258516615 1.4401486506280692 130
1718259133734 1.4371240943184365 131
1718259712096 1.428434190623786 132
1718260336318 1.4315536565592755 133
1718260952042 1.4318013784840056 134
1718261578212 1.4458011104522839 135
1718262211913 1.4208821168412333 136
1718262838039 1.4347251222833344 137
1718263452493 1.4406436910933775 138
1718264073356 1.4313997078039076 139
1718264695806 1.4311415734498396 140
1718265315704 1.390215200493517 141
1718265932430 1.4000368590426187 142
1718266551487 1.4261194874896952 143
1718267167083 1.3882395271211863 144
1718267797716 1.4039475362262 145
1718268416236 1.4144868183395136 146
1718269006704 1.404860952059212 147
1718269639586 1.3936388149209644 148
1718270243662 1.3944752379927947 149
1718270823005 1.3845335107458674 150
1718271454967 1.4053803983589876 151
1718272061137 1.3794374798788973 152
1718272634685 1.3772525805170122 153
1718273268956 1.3869402143780305 154
1718273867346 1.3711488605679378 155
1718274449500 1.3642100915312767 156
1718275082068 1.3837858457928118 157
1718275663672 1.3881233494890772 158
1718276265062 1.3716088059641744 159
1718276816552 1.3432505763257327 160
1718277381289 1.3709323297700156 161
1718277980402 1.3578799167728943 162
1718278603631 1.363958569891427 163
1718279192797 1.3685181370895843 164
1718279797088 1.3432157353862473 165
1718280356562 1.3685600789992705 166
1718280910764 1.3546762672941322 167
1718281502620 1.350098120453565 168
1718282086266 1.3507792840347341 169
1718282703196 1.3538192527611619 170
1718283277919 1.323643137741348 171
1718283835394 1.3317987416749415 172
1718284424909 1.336504190026418 173
1718285018079 1.3223839232131192 174
1718285597625 1.3302790023710416 175
1718286174309 1.3400229736352745 176
1718286748738 1.3298315519224042 177
1718287335885 1.3114425663876792 178
1718287908488 1.3285520523786545 179
1718288451319 1.3139413438089516 180
1718289080264 1.3258515238437965 181
1718289665761 1.330195018292769 182
1718290164918 1.3152524265258208 183
1718290725053 1.3210267030998417 184
1718291320903 1.3038264313793702 185
1718291880601 1.3060258845596209 186
1718292392139 1.308755028102061 187
1718292934761 1.314067584340987 188
1718293532272 1.3109115361357513 189
1718294090681 1.3054933607902215 190
1718294645068 1.2997088271152715 191
1718295208484 1.295710107392591 192
1718295788561 1.3088804682635742 193
1718296380879 1.3022769831282937 194
1718296926225 1.2998705946880837 195
1718297458702 1.2920641264189845 196
1718297972226 1.297961623205439 197
1718298288227 1.308394889468732 198
1718298599224 1.3129035557579736 199
1718298919306 1.2891344427252593 200
1718299264511 1.2783345281267944 201
1718299592731 1.2817357572848382 202
1718299912155 1.2915861907860506 203
1718300237321 1.3024527306627969 204
1718300541950 1.2723370004121377 205
1718300851182 1.2900637136367352 206
1718301179640 1.2773846906974264 207
1718301487605 1.265210499825037 208
1718301795005 1.262028895723431 209
1718302101608 1.2735248715819225 210
1718302410295 1.2713232238007628 211
1718302717004 1.261498064936503 212
1718303029501 1.275841827544829 213
1718303350387 1.269655437897081 214
1718303676872 1.2553233152822307 215
1718304002632 1.2616394316858572 216
1718304319697 1.283544071342634 217
1718304631256 1.2623295528085337 218
1718304934791 1.2474570829097344 219
1718305238972 1.2562838587909937 220
1718305544085 1.2709098945007375 221
1718305853738 1.2757755971473197 222
1718306169277 1.2613416576515073 223
1718306491928 1.2594582685471878 224
1718306811649 1.2428400885799658 225
1718307125010 1.2499797597689473 226
1718307429780 1.2615922305570997 227
1718307736126 1.252413866798515 228
1718308042433 1.2692501574106838 229
1718308348722 1.255858856131849 230
1718308657814 1.2466201791134865 231
1718308971652 1.260603147437391 232
1718309290407 1.258077611579843 233
1718309607768 1.2458623859869398 234
1718309919381 1.2532460486273402 235
1718310223203 1.243948483677662 236
1718310524974 1.2354474236135897 237
1718310827502 1.241615650770457 238
1718311132070 1.2377591906520335 239
1718311440640 1.2524535172497449 240
1718311757967 1.2370367823573558 241
1718312078601 1.246561126054629 242
1718312392403 1.2500808355600939 243
1718312698433 1.232900859464122 244
1718313000636 1.2452908886353606 245
1718313302801 1.241944176590313 246
1718313605373 1.2316891887103734 247
1718313913875 1.2170857566854227 248
1718314230867 1.2242172411440506 249
1718314548402 1.2328761918875186 250
1718314858047 1.2263584500583617 251
1718315159865 1.2296454389782057 252
1718315459353 1.2216392361923405 253
1718315759194 1.2352731886279325 254
1718316051915 1.2242183869137713 255
1718316334014 1.2219323696487623 256
1718316616567 1.2222313454941562 257
1718316899708 1.2201999132723913 258
1718317183853 1.2194352188026127 259
1718317467980 1.2187530184569566 260
1718317751773 1.2353916256486073 261
1718318036648 1.2203516955284968 262
1718318319152 1.2079387480474038 263
1718318604515 1.2120756242910158 264
1718318889520 1.2150667534898156 265
1718319174100 1.2193716553890186 266
1718319459252 1.2169153340484784 267
1718319744030 1.205232511476978 268
1718320028802 1.2116291413650564 269
1718320313599 1.188933323258939 270
1718320597583 1.2070124042422876 271
1718320882226 1.2136666154407936 272
1718321166963 1.2036038204703643 273
1718321452715 1.2081553230629019 274
1718321740567 1.1979182049146164 275
1718322024137 1.209904976675044 276
1718322308098 1.2038875606072985 277
1718322593062 1.207804886462248 278
1718322878657 1.197288874860691 279
1718323163991 1.2021555435722289 280
1718323447656 1.2102764909682067 281
1718323732301 1.1919844067129104 282
1718324016014 1.198830285312041 283
1718324304933 1.1968627359880053 284
1718324911303 1.1781498592184938 285
1718325756294 1.1953620091080666 286
1718326582343 1.1984403569899176 287
1718327418609 1.1936988962571258 288
1718328285248 1.176089746877551 289
