1718156642372 9.999999999999821e-06 0
1718157442340 9.999999999999821e-06 1
1718158218924 8.003125000000054e-06 2
1718159012481 6.006250000000084e-06 3
1718159793789 4.009374999999961e-06 4
1718160592549 2.0124999999999786e-06 5
1718161400251 2.2466619467402577e-08 6
1718162183480 2.547594167448766e-08 7
1718162919295 2.903163323102732e-08 8
1718163717149 3.313330421536665e-08 9
1718164542402 3.778050483306068e-08 10
1718165365350 4.297272546619879e-08 11
1718166105690 4.870939672927052e-08 12
1718166676667 5.498988953162855e-08 13
1718167320470 6.181351514646666e-08 14
1718167899898 6.917952528633349e-08 15
1718168554076 7.708711218521327e-08 16
1718169129255 8.553540868708872e-08 17
1718169781194 9.45234883410516e-08 18
1718170338986 1.0405036550287616e-07 19
1718170936071 1.1411499544312034e-07 20
1718171519828 1.247162744617043e-07 21
1718172122223 1.3585304000890825e-07 22
1718172693330 1.4752407081289366e-07 23
1718173275808 1.5972808701361202e-07 24
1718173822517 1.7246375030316084e-07 25
1718174408506 1.8572966407254168e-07 26
1718174997499 1.9952437356481966e-07 27
1718175597707 2.1384636603463928e-07 28
1718176148540 2.286940709141349e-07 29
1718176735864 2.440658599851536e-07 30
1718177331222 2.599600475577924e-07 31
1718177940334 2.7637489065526584e-07 32
1718178573798 2.933085892050772e-07 33
1718179199181 3.1075928623632427e-07 34
1718179819552 3.287250680834436e-07 35
1718180429631 3.472039645960085e-07 36
1718181063932 3.6619394935474794e-07 37
1718181686833 3.8569293989385463e-07 38
1718182284748 4.0569879792927944e-07 39
1718182825297 4.2620932959324986e-07 40
1718183464828 4.4722228567482944e-07 41
1718184052984 4.687353618665917e-07 42
1718184627413 4.907461990173027e-07 43
1718185242420 5.132523833906083e-07 44
1718185839422 5.362514469298127e-07 45
1718186398852 5.597408675283739e-07 46
1718187150733 5.837180693066703e-07 47
1718188070149 6.081804228943073e-07 48
1718189020359 6.331252457185202e-07 49
1718189972140 6.58549802298424e-07 50
1718190923283 6.844513045448772e-07 51
1718191868247 7.108269120662461e-07 52
1718192820123 7.376737324799658e-07 53
1718193774980 7.649888217296404e-07 54
1718194741173 7.927691844079031e-07 55
1718195701941 8.210117740849535e-07 56
1718196652680 8.49713493642561e-07 57
1718197593661 8.788711956137184e-07 58
1718198546690 9.084816825278341e-07 59
1718199491969 9.385417072613512e-07 60
1718200440896 9.690479733938117e-07 61
1718201404222 9.99997135569354e-07 62
1718202350992 1.0313857998635952e-06 63
1718203307024 1.0632105241557405e-06 64
1718204259687 1.0954678185061582e-06 65
1718205218272 1.1281541455390095e-06 66
1718206157957 1.1612659208302353e-06 67
1718207113027 1.1947995133005212e-06 68
1718208045493 1.228751245613497e-06 69
1718208989434 1.2631173945792096e-06 70
1718209930650 1.2978941915620827e-06 71
1718210873974 1.3330778228944588e-06 72
1718211813575 1.3686644302946887e-06 73
1718212751769 1.4046501112902088e-06 74
1718213695725 1.4410309196455872e-06 75
1718214640309 1.4778028657952767e-06 76
1718215578986 1.5149619172809307e-06 77
1718216518377 1.5525039991938534e-06 78
1718217465096 1.5904249946216246e-06 79
1718218406992 1.6287207450998492e-06 80
1718219344350 1.6673870510678936e-06 81
1718220285304 1.7064196723296092e-06 82
1718221236159 1.7458143285181395e-06 83
1718222170669 1.7855666995655702e-06 84
1718223109243 1.8256724261764502e-06 85
1718224051381 1.8661271103058948e-06 86
1718224990075 1.9069263156418949e-06 87
1718225921862 1.948065568091793e-06 88
1718226856054 1.989540356272963e-06 89
1718227804448 2.0313461320075983e-06 90
1718228743292 2.0734783108211434e-06 91
1718229680320 2.115932272445511e-06 92
1718230618991 2.1587033613253458e-06 93
1718231566046 2.201786887128827e-06 94
1718232504703 2.2451781252617707e-06 95
1718233437037 2.2888723173859015e-06 96
1718234385099 2.3328646719408296e-06 97
1718235331224 2.377150364668917e-06 98
1718236276089 2.421724539145096e-06 99
1718237217519 2.466582307308711e-06 100
1718238161647 2.5117187500000153e-06 101
1718239102453 2.5571289174993787e-06 102
1718240036831 2.60280783007036e-06 103
1718240977168 2.6487504785053044e-06 104
1718241917497 2.6949518246750376e-06 105
1718242852472 2.741406802081492e-06 106
1718243796275 2.788110316412774e-06 107
1718244734930 2.835057246102224e-06 108
1718245680972 2.8822424428900285e-06 109
1718246581767 2.9296607323875205e-06 110
1718247347809 2.9773069146450628e-06 111
1718248075455 3.0251757647216425e-06 112
1718248729216 3.073262033258654e-06 113
1718249431820 3.1215604470546773e-06 114
1718250148499 3.170065709644442e-06 115
1718250737925 3.2187725018793135e-06 116
1718251227760 3.2676754825105888e-06 117
1718251728538 3.3167692887754812e-06 118
1718252196690 3.366048536984676e-06 119
1718252681379 3.415507823113526e-06 120
1718253180292 3.465141723393809e-06 121
1718253818477 3.5149447949090405e-06 122
1718254356267 3.564911576191287e-06 123
1718254874570 3.6150365878197944e-06 124
1718255478968 3.665314333022206e-06 125
1718256097066 3.7157392982772033e-06 126
1718256695472 3.7663059539192643e-06 127
1718257321487 3.817008754744461e-06 128
1718257907791 3.867842140619524e-06 129
1718258516611 3.918800537090645e-06 130
1718259133731 3.9698783559956544e-06 131
1718259712091 4.021069996076094e-06 132
1718260336313 4.0723698435915536e-06 133
1718260952040 4.123772272935792e-06 134
1718261578209 4.175271647253226e-06 135
1718262211909 4.2268623190569455e-06 136
1718262838037 4.278538630848609e-06 137
1718263452488 4.3302949157380776e-06 138
1718264073351 4.382125498065731e-06 139
1718264695802 4.434024694023936e-06 140
1718265315699 4.485986812281013e-06 141
1718265932428 4.538006154605175e-06 142
1718266551482 4.590077016489503e-06 143
1718267167078 4.642193687776864e-06 144
1718267797711 4.694350453287328e-06 145
1718268416234 4.746541593443501e-06 146
1718269006698 4.798761384898688e-06 147
1718269639581 4.851004101164566e-06 148
1718270243660 4.903264013238495e-06 149
1718270823003 4.955535390232206e-06 150
1718271454962 5.007812500000019e-06 151
1718272061133 5.060089609767829e-06 152
1718272634680 5.112360986761489e-06 153
1718273268951 5.164620898835267e-06 154
1718273867344 5.216863615101144e-06 155
1718274449494 5.269083406556509e-06 156
1718275082063 5.321274546712681e-06 157
1718275663667 5.373431312223171e-06 158
1718276265060 5.4255479835104755e-06 159
1718276816548 5.477618845394801e-06 160
1718277381285 5.529638187719006e-06 161
1718277980398 5.5816003059760985e-06 162
1718278603630 5.6334995019342885e-06 163
1718279192795 5.685330084261972e-06 164
1718279797085 5.737086369151397e-06 165
1718280356560 5.7887626809431065e-06 166
1718280910762 5.840353352746772e-06 167
1718281502617 5.8918527270642665e-06 168
1718282086261 5.943255156408505e-06 169
1718282703193 5.994555003923895e-06 170
1718283277917 6.045746644004188e-06 171
1718283835391 6.096824462909201e-06 172
1718284424907 6.147782859380458e-06 173
1718285018074 6.198616245255511e-06 174
1718285597623 6.249319046080777e-06 175
1718286174307 6.299885701722738e-06 176
1718286748736 6.350310666977821e-06 177
1718287335882 6.400588412180242e-06 178
1718287908485 6.450713423808672e-06 179
1718288451314 6.500680205090931e-06 180
1718289080262 6.550483276606282e-06 181
1718289665758 6.600117176886417e-06 182
1718290164916 6.649576463015339e-06 183
1718290725051 6.698855711224465e-06 184
1718291320900 6.747949517489444e-06 185
1718291880599 6.796852498120613e-06 186
1718292392137 6.845559290355481e-06 187
1718292934758 6.89406455294526e-06 188
1718293532270 6.942362966741351e-06 189
1718294090677 6.990449235278376e-06 190
1718294645064 7.038318085354945e-06 191
1718295208475 7.085964267612384e-06 192
1718295788558 7.133382557110113e-06 193
1718296380874 7.180567753897656e-06 194
1718296926223 7.227514683587142e-06 195
1718297458700 7.274218197918519e-06 196
1718297972224 7.320673175324979e-06 197
1718298288225 7.366874521494813e-06 198
1718298599222 7.412817169929781e-06 199
1718298919304 7.458496082500657e-06 200
1718299264506 7.503906250000009e-06 201
1718299592728 7.549042692691319e-06 202
1718299912153 7.593900460854804e-06 203
1718300237319 7.63847463533101e-06 204
1718300541948 7.682760328059307e-06 205
1718300851177 7.726752682614002e-06 206
1718301179635 7.770446874738358e-06 207
1718301487600 7.81383811287131e-06 208
1718301795003 7.856921638674702e-06 209
1718302101606 7.89969272755453e-06 210
1718302410292 7.942146689178765e-06 211
1718302717002 7.984278867992294e-06 212
1718303029499 8.026084643727078e-06 213
1718303350383 8.067559431908339e-06 214
1718303676869 8.108698684358146e-06 215
1718304002629 8.149497889693993e-06 216
1718304319692 8.18995257382346e-06 217
1718304631255 8.230058300434475e-06 218
1718304934790 8.269810671481924e-06 219
1718305238970 8.309205327670413e-06 220
1718305544081 8.34823794893223e-06 221
1718305853737 8.386904254900114e-06 222
1718306169276 8.425200005378253e-06 223
1718306491926 8.463121000806153e-06 224
1718306811644 8.500663082718986e-06 225
1718307125005 8.53782213420476e-06 226
1718307429775 8.574594080354314e-06 227
1718307736122 8.610974888709745e-06 228
1718308042430 8.646960569705349e-06 229
1718308348719 8.68254717710541e-06 230
1718308657812 8.71773080843797e-06 231
1718308971650 8.752507605420916e-06 232
1718309290405 8.786873754386562e-06 233
1718309607763 8.820825486699492e-06 234
1718309919376 8.854359079169824e-06 235
1718310223200 8.887470854461071e-06 236
1718310524972 8.920157181493704e-06 237
1718310827499 8.9524144758441e-06 238
1718311132065 8.984239200136351e-06 239
1718311440636 9.015627864430763e-06 240
1718311757965 9.046577026606334e-06 241
1718312078599 9.077083292738708e-06 242
1718312392401 9.10714331747205e-06 243
1718312698430 9.1367538043862e-06 244
1718313000634 9.165911506357537e-06 245
1718313302799 9.194613225915053e-06 246
1718313605371 9.222855815591953e-06 247
1718313913873 9.250636178270362e-06 248
1718314230865 9.27795126751992e-06 249
1718314548400 9.304798087933569e-06 250
1718314858045 9.33117369545516e-06 251
1718315159860 9.357075197701754e-06 252
1718315459351 9.382499754281614e-06 253
1718315759192 9.407444577105562e-06 254
1718316051911 9.431906930693402e-06 255
1718316334009 9.455884132471513e-06 256
1718316616562 9.479373553070162e-06 257
1718316899703 9.502372616609275e-06 258
1718317183848 9.524878800982796e-06 259
1718317467975 9.546889638133345e-06 260
1718317751768 9.56840271432516e-06 261
1718318036644 9.589415670406851e-06 262
1718318319147 9.609926202070647e-06 263
1718318604510 9.629932060106076e-06 264
1718318889515 9.64943105064529e-06 265
1718319174096 9.66842103540383e-06 266
1718319459247 9.686899931916439e-06 267
1718319744025 9.704865713763784e-06 268
1718320028798 9.722316410795101e-06 269
1718320313594 9.739250109344637e-06 270
1718320597578 9.755664952442244e-06 271
1718320882221 9.771559140014923e-06 272
1718321166958 9.786930929085894e-06 273
1718321452710 9.801778633965497e-06 274
1718321740562 9.816100626435257e-06 275
1718322024132 9.829895335927375e-06 276
1718322308093 9.843161249696764e-06 277
1718322593057 9.855896912986235e-06 278
1718322878652 9.868100929187215e-06 279
1718323163986 9.879771959990917e-06 280
1718323447651 9.890908725538421e-06 281
1718323732296 9.901510004556706e-06 282
1718324016010 9.911574634496937e-06 283
1718324304928 9.921101511658876e-06 284
1718324911301 9.93008959131285e-06 285
1718325756292 9.938537887814932e-06 286
1718326582341 9.946445474713757e-06 287
1718327418606 9.95381148485349e-06 288
1718328285245 9.960635110468385e-06 289
