1714960293905 0.0 0
1714960736711 1.0 1
1714961193668 2.0 2
1714961645010 3.0 3
1714962078668 4.0 4
1714962587836 5.0 5
1714963040877 6.0 6
1714963542103 7.0 7
1714964039974 8.0 8
1714964534194 9.0 9
1714964982445 10.0 10
1714965501426 11.0 11
1714965875033 12.0 12
1714966382299 13.0 13
1714966842142 14.0 14
1714967302640 15.0 15
1714967758996 16.0 16
1714968247775 17.0 17
1714968700642 18.0 18
1714969199480 19.0 19
1714969658062 20.0 20
1714970158370 21.0 21
1714970620928 22.0 22
1714971152399 23.0 23
1714971665819 24.0 24
1714972200193 25.0 25
1714972704080 26.0 26
1714973254804 27.0 27
1714973769722 28.0 28
1714974297985 29.0 29
1714974784299 30.0 30
1714975312750 31.0 31
1714975810345 32.0 32
1714976316720 33.0 33
1714976849069 34.0 34
1714977354940 35.0 35
1714977890574 36.0 36
1714978379593 37.0 37
