1714960293907 7095944.0 0
1714960736712 7095944.0 1
1714961193670 7095944.0 2
1714961645011 7095944.0 3
1714962078670 7095944.0 4
1714962587838 7095944.0 5
1714963040878 7095944.0 6
1714963542105 7095944.0 7
1714964039976 7095944.0 8
1714964534196 7095944.0 9
1714964982446 7095944.0 10
1714965501428 7095944.0 11
1714965875034 7095944.0 12
1714966382301 7095944.0 13
1714966842144 7095944.0 14
1714967302641 7095944.0 15
1714967758996 7095944.0 16
1714968247776 7095944.0 17
1714968700643 7095944.0 18
1714969199481 7095944.0 19
1714969658064 7095944.0 20
1714970158372 7095944.0 21
1714970620930 7095944.0 22
1714971152400 7095944.0 23
1714971665820 7095944.0 24
1714972200194 7095944.0 25
1714972704081 7095944.0 26
1714973254805 7095944.0 27
1714973769723 7095944.0 28
1714974297986 7095944.0 29
1714974784300 7095944.0 30
1714975312751 7095944.0 31
1714975810346 7095944.0 32
1714976316721 7095944.0 33
1714976849071 7095944.0 34
1714977354942 7095944.0 35
1714977890575 7095944.0 36
1714978379594 7095944.0 37
