1714960293892 9.999999999999821e-06 0
1714960736701 9.999999999999821e-06 1
1714961193656 8.001562500000023e-06 2
1714961644998 6.003125000000018e-06 3
1714962078655 4.004687499999941e-06 4
1714962587823 2.0062500000000102e-06 5
1714963040866 1.284323395960249e-08 6
1714963542091 1.5056221881001066e-08 7
1714964039960 1.7671149766564087e-08 8
1714964534182 2.0687806937676157e-08 9
1714964982432 2.4105950349332582e-08 10
1714965501418 2.7925304609722768e-08 11
1714965875026 3.21455620024191e-08 12
1714966382290 3.676638251116694e-08 13
1714966842129 4.178739384727485e-08 14
1714967302633 4.7208191479620554e-08 15
1714967758991 5.3028338667229953e-08 16
1714968247762 5.924736649448051e-08 17
1714968700635 6.586477390885416e-08 18
1714969199474 7.288002776133852e-08 19
1714969658049 8.029256284935911e-08 20
1714970158358 8.810178196231198e-08 21
1714970620916 9.630705592971541e-08 22
1714971152393 1.0490772367184719e-07 23
1714971665813 1.1390309225305615e-07 24
1714972200186 1.232924369375615e-07 25
1714972704072 1.3307500124784115e-07 26
1714973254798 1.4324999702560528e-07 27
1714973769715 1.5381660449526022e-07 28
1714974297977 1.6477397233000038e-07 29
1714974784283 1.761212177203559e-07 30
1714975312744 1.8785742644532728e-07 31
1714975810339 1.999816529460669e-07 32
1714976316712 2.124929204020389e-07 33
1714976849063 2.2539022080972905e-07 34
1714977354928 2.3867251506382734e-07 35
1714977890565 2.523387330410053e-07 36
1714978379589 2.663877736860865e-07 37
