1714960293896 3.3592130979118138 0
1714960736704 3.287252733402926 1
1714961193661 3.309911228230466 2
1714961645002 3.445022352363752 3
1714962078660 3.4827402289146963 4
1714962587828 3.556657082684662 5
1714963040870 3.64254826825598 6
1714963542095 3.6309742229464264 7
1714964039965 3.6265232295769714 8
1714964534186 3.615724231561889 9
1714964982436 3.5598132330114427 10
1714965501421 3.5586582375285416 11
1714965875028 3.6249482571754768 12
1714966382293 3.6105174394729347 13
1714966842134 3.6470836848020554 14
1714967302635 3.583530453236207 15
1714967758993 3.598361592091944 16
1714968247767 3.6568916399517786 17
1714968700637 3.6179197310753493 18
1714969199475 3.581648705608171 19
1714969658053 3.5718049742281437 20
1714970158362 3.579857299833194 21
1714970620921 3.6187130214403505 22
1714971152395 3.571124225045028 23
1714971665815 3.599082437546357 24
1714972200188 3.610177129831003 25
1714972704075 3.6249858963748682 26
1714973254800 3.6027383663408132 27
1714973769717 3.587708721990171 28
1714974297979 3.531132032527872 29
1714974784285 3.569120814780826 30
1714975312746 3.602167028285887 31
1714975810341 3.583993414659863 32
1714976316715 3.597043568511372 33
1714976849065 3.5834654435191466 34
1714977354933 3.5984257087111473 35
1714977890568 3.568435407365146 36
1714978379590 3.566714737240387 37
