1711065279723 0.0 0
1711065910197 1.0 1
1711066532925 2.0 2
1711067155829 3.0 3
1711067780738 4.0 4
1711068404143 5.0 5
1711069031604 6.0 6
1711069661792 7.0 7
1711070292218 8.0 8
1711070917827 9.0 9
1711071542388 10.0 10
1711072171613 11.0 11
1711072801502 12.0 12
1711073435995 13.0 13
1711074069981 14.0 14
1711074689453 15.0 15
1711075305810 16.0 16
1711075923883 17.0 17
1711076544666 18.0 18
1711077173040 19.0 19
1711077798157 20.0 20
1711078415613 21.0 21
1711079044400 22.0 22
1711079674619 23.0 23
1711080307959 24.0 24
1711080940919 25.0 25
1711081574260 26.0 26
1711082205512 27.0 27
1711082839475 28.0 28
1711083475768 29.0 29
1711084110193 30.0 30
1711084750713 31.0 31
1711085393046 32.0 32
1711086043066 33.0 33
1711086691140 34.0 34
1711087339749 35.0 35
1711087990553 36.0 36
1711088642299 37.0 37
1711089278793 38.0 38
1711089927585 39.0 39
1711090575568 40.0 40
1711091222032 41.0 41
1711091872998 42.0 42
1711092520178 43.0 43
1711093168265 44.0 44
1711093826810 45.0 45
1711094482969 46.0 46
1711095138247 47.0 47
1711095790758 48.0 48
1711096436743 49.0 49
1711097085714 50.0 50
1711097729556 51.0 51
1711098370974 52.0 52
1711099025065 53.0 53
1711099666702 54.0 54
1711100289159 55.0 55
1711100915530 56.0 56
1711101542745 57.0 57
1711102171703 58.0 58
1711102795101 59.0 59
1711103415821 60.0 60
1711104032604 61.0 61
1711104648498 62.0 62
1711105263486 63.0 63
1711105879530 64.0 64
1711106498021 65.0 65
1711107119560 66.0 66
1711107744550 67.0 67
1711108370057 68.0 68
1711108994278 69.0 69
1711109617169 70.0 70
1711110237408 71.0 71
