1711065279723 7536776.0 0
1711065910198 7536776.0 1
1711066532926 7536776.0 2
1711067155830 7536776.0 3
1711067780740 7536776.0 4
1711068404145 7536776.0 5
1711069031605 7536776.0 6
1711069661793 7536776.0 7
1711070292220 7536776.0 8
1711070917828 7536776.0 9
1711071542390 7536776.0 10
1711072171614 7536776.0 11
1711072801503 7536776.0 12
1711073435997 7536776.0 13
1711074069982 7536776.0 14
1711074689454 7536776.0 15
1711075305811 7536776.0 16
1711075923884 7536776.0 17
1711076544668 7536776.0 18
1711077173041 7536776.0 19
1711077798158 7536776.0 20
1711078415615 7536776.0 21
1711079044401 7536776.0 22
1711079674620 7536776.0 23
1711080307960 7536776.0 24
1711080940920 7536776.0 25
1711081574261 7536776.0 26
1711082205514 7536776.0 27
1711082839476 7536776.0 28
1711083475769 7536776.0 29
1711084110194 7536776.0 30
1711084750715 7536776.0 31
1711085393047 7536776.0 32
1711086043067 7536776.0 33
1711086691141 7536776.0 34
1711087339750 7536776.0 35
1711087990554 7536776.0 36
1711088642300 7536776.0 37
1711089278794 7536776.0 38
1711089927586 7536776.0 39
1711090575568 7536776.0 40
1711091222033 7536776.0 41
1711091873000 7536776.0 42
1711092520180 7536776.0 43
1711093168266 7536776.0 44
1711093826811 7536776.0 45
1711094482970 7536776.0 46
1711095138248 7536776.0 47
1711095790759 7536776.0 48
1711096436744 7536776.0 49
1711097085715 7536776.0 50
1711097729557 7536776.0 51
1711098370976 7536776.0 52
1711099025066 7536776.0 53
1711099666704 7536776.0 54
1711100289160 7536776.0 55
1711100915531 7536776.0 56
1711101542747 7536776.0 57
1711102171704 7536776.0 58
1711102795102 7536776.0 59
1711103415822 7536776.0 60
1711104032606 7536776.0 61
1711104648500 7536776.0 62
1711105263487 7536776.0 63
1711105879532 7536776.0 64
1711106498023 7536776.0 65
1711107119562 7536776.0 66
1711107744552 7536776.0 67
1711108370059 7536776.0 68
1711108994279 7536776.0 69
1711109617170 7536776.0 70
1711110237409 7536776.0 71
