1711065279720 5.399504078471142 0
1711065910189 5.334606486818065 1
1711066532921 5.373856639084608 2
1711067155821 5.3235297915728195 3
1711067780730 5.310118524924569 4
1711068404136 5.309235001387804 5
1711069031599 5.307412182507307 6
1711069661788 5.308149517878242 7
1711070292209 5.30357755785403 8
1711070917822 5.302038721416308 9
1711071542381 5.308308059754579 10
1711072171609 5.308913517257442 11
1711072801498 5.30952924489975 12
1711073435988 5.30299469569455 13
1711074069977 5.308246253625207 14
1711074689449 5.308837371027988 15
1711075305804 5.30848279984101 16
1711075923878 5.3074877676756484 17
1711076544659 5.302664067434228 18
1711077173033 5.304404332585957 19
1711077798152 5.306797507016555 20
1711078415607 5.303684662217679 21
1711079044396 5.301761264386385 22
1711079674613 5.30497160035631 23
1711080307956 5.305476097956948 24
1711080940915 5.303986406844595 25
1711081574256 5.305688098720882 26
1711082205505 5.30733515775722 27
1711082839468 5.305299153794413 28
1711083475764 5.304968888344972 29
1711084110187 5.301234990358353 30
1711084750705 5.3053794697574945 31
1711085393042 5.306890402151191 32
1711086043062 5.302549090074456 33
1711086691136 5.3029805603234665 34
1711087339742 5.304094774567562 35
1711087990549 5.302880925976711 36
1711088642296 5.305451951597048 37
1711089278789 5.3027928782546 38
1711089927582 5.30378485503404 39
1711090575564 5.302759184785511 40
1711091222025 5.301990891280382 41
1711091872994 5.30134637977766 42
1711092520170 5.297759665095287 43
1711093168262 5.298078788363415 44
1711093826806 5.303551259248153 45
1711094482965 5.2994018883808796 46
1711095138243 5.3018738122090046 47
1711095790752 5.3001304268836975 48
1711096436734 5.300093019786089 49
1711097085706 5.298137624626574 50
1711097729552 5.3002101234767744 51
1711098370966 5.296945657419122 52
1711099025057 5.296989830939666 53
1711099666697 5.297850729330726 54
1711100289155 5.29906604471414 55
1711100915522 5.2973594652569815 56
1711101542736 5.294173445390618 57
1711102171693 5.294113693029984 58
1711102795097 5.2943141823229585 59
1711103415816 5.291816190533016 60
1711104032595 5.292228080656217 61
1711104648490 5.292678476675697 62
1711105263483 5.293807896582977 63
1711105879521 5.290941651748574 64
1711106498014 5.291872364023457 65
1711107119555 5.289291501045227 66
1711107744542 5.285000877535862 67
1711108370050 5.287276147500329 68
1711108994270 5.286878754263339 69
1711109617164 5.282460711572481 70
1711110237403 5.2830044899297794 71
