1711065279719 1.0000000000000025e-05 0
1711065910185 1.0000000000000025e-05 1
1711066532919 8.031249999999934e-06 2
1711067155818 6.062499999999992e-06 3
1711067780726 4.093749999999979e-06 4
1711068404133 2.1249999999999885e-06 5
1711069031597 1.6120600061696903e-07 6
1711069661786 1.6338611381552834e-07 7
1711070292205 1.6596219601709978e-07 8
1711070917821 1.689340396727704e-07 9
1711071542377 1.723014053480521e-07 10
1711072171607 1.7606402174218007e-07 11
1711072801497 1.802215857099681e-07 12
1711073435984 1.8477376228621518e-07 13
1711074069975 1.897201847127172e-07 14
1711074689447 1.9506045446780243e-07 15
1711075305800 2.0079414129844796e-07 16
1711075923876 2.0692078325492323e-07 17
1711076544655 2.1343988672803392e-07 18
1711077173029 2.2035092648888638e-07 19
1711077798149 2.276533457311907e-07 20
1711078415602 2.353465561161206e-07 21
1711079044395 2.4342993781973756e-07 22
1711079674609 2.519028395829017e-07 23
1711080307954 2.607645787637637e-07 24
1711080940913 2.700144413927521e-07 25
1711081574254 2.796516822300865e-07 26
1711082205501 2.8967552482585156e-07 27
1711082839465 3.0008516158251494e-07 28
1711083475763 3.1087975382002037e-07 29
1711084110185 3.2205843184334977e-07 30
1711084750701 3.336202950126014e-07 31
1711085393040 3.455644118155148e-07 32
1711086043060 3.5788981994259247e-07 33
1711086691134 3.705955263645481e-07 34
1711087339739 3.8368050741237226e-07 35
1711087990548 3.971437088597946e-07 36
1711088642294 4.109840460081847e-07 37
1711089278787 4.252004037740006e-07 38
1711089927580 4.3979163677858115e-07 39
1711090575563 4.5475656944045345e-07 40
1711091222021 4.700939960700428e-07 41
1711091872993 4.858026809667984e-07 42
1711092520166 5.018813585187656e-07 43
1711093168260 5.183287333045431e-07 44
1711093826804 5.351434801976585e-07 45
1711094482963 5.523242444733296e-07 46
1711095138241 5.698696419176212e-07 47
1711095790742 5.877782589389305e-07 48
1711096436730 6.060486526819486e-07 49
1711097085702 6.246793511438138e-07 50
1711097729550 6.436688532927794e-07 51
1711098370962 6.630156291891362e-07 52
1711099025053 6.827181201084609e-07 53
1711099666695 7.02774738667174e-07 54
1711100289153 7.231838689505025e-07 55
1711100915518 7.43943866642621e-07 56
1711101542732 7.650530591591096e-07 57
1711102171689 7.865097457817705e-07 58
1711102795095 8.083121977956102e-07 59
1711103415813 8.304586586281174e-07 60
1711104032592 8.529473439908207e-07 61
1711104648486 8.757764420229836e-07 62
1711105263482 8.989441134376455e-07 63
1711105879517 9.224484916697735e-07 64
1711106498010 9.46287683026644e-07 65
1711107119552 9.70459766840469e-07 66
1711107744538 9.949627956230135e-07 67
1711108370046 1.0197947952226725e-06 68
1711108994266 1.0449537649833461e-06 69
1711109617161 1.0704376779057888e-06 70
1711110237400 1.0962444808108146e-06 71
