1719359143410 0.0 0
1719359747780 1.0 1
1719360347636 2.0 2
1719360913560 3.0 3
1719361470282 4.0 4
1719362031587 5.0 5
1719362590261 6.0 6
1719363160893 7.0 7
1719363757288 8.0 8
1719364338277 9.0 9
1719364888402 10.0 10
1719365438909 11.0 11
1719365983117 12.0 12
1719366551156 13.0 13
1719367143387 14.0 14
1719367708501 15.0 15
1719368272173 16.0 16
1719368820948 17.0 17
1719369365760 18.0 18
1719369952697 19.0 19
1719370533936 20.0 20
1719371095791 21.0 21
1719371639351 22.0 22
1719372261756 23.0 23
1719372853554 24.0 24
1719373448378 25.0 25
1719374013325 26.0 26
1719374571314 27.0 27
1719375131347 28.0 28
1719375696456 29.0 29
1719376274556 30.0 30
1719376838925 31.0 31
1719377378102 32.0 32
1719377876643 33.0 33
1719378404247 34.0 34
1719378970898 35.0 35
1719379577811 36.0 36
1719380178398 37.0 37
1719380778702 38.0 38
1719381387981 39.0 39
1719381974360 40.0 40
1719382520503 41.0 41
1719383071047 42.0 42
1719383642133 43.0 43
1719384226694 44.0 44
1719384802279 45.0 45
1719385339651 46.0 46
1719385825098 47.0 47
1719386337466 48.0 48
1719386894122 49.0 49
1719387460389 50.0 50
1719388083584 51.0 51
1719388676857 52.0 52
1719389265217 53.0 53
1719389878208 54.0 54
1719390485346 55.0 55
1719391088758 56.0 56
1719391674342 57.0 57
1719392198059 58.0 58
1719392719483 59.0 59
1719393250455 60.0 60
1719393781817 61.0 61
1719394328051 62.0 62
1719394922823 63.0 63
1719395528387 64.0 64
1719396120583 65.0 65
1719396697820 66.0 66
1719397261249 67.0 67
1719397802909 68.0 68
1719398369071 69.0 69
1719398944246 70.0 70
1719399523532 71.0 71
1719400067118 72.0 72
1719400567967 73.0 73
1719401105340 74.0 74
1719401675558 75.0 75
1719402304382 76.0 76
1719402928986 77.0 77
1719403502709 78.0 78
1719404051196 79.0 79
1719404601357 80.0 80
1719405165920 81.0 81
1719405737181 82.0 82
1719406316689 83.0 83
1719406873079 84.0 84
1719407569033 85.0 85
1719408393783 86.0 86
1719409219245 87.0 87
1719410045938 88.0 88
1719410863257 89.0 89
1719411676343 90.0 90
1719412499740 91.0 91
1719413330918 92.0 92
1719414167324 93.0 93
1719415001415 94.0 94
1719415823072 95.0 95
1719416639240 96.0 96
1719417456933 97.0 97
1719418272014 98.0 98
1719419083255 99.0 99
1719419893521 100.0 100
1719420704747 101.0 101
1719421514564 102.0 102
1719422325535 103.0 103
1719423135057 104.0 104
1719423942321 105.0 105
1719424751057 106.0 106
1719425561497 107.0 107
1719426369142 108.0 108
1719427177760 109.0 109
1719427985939 110.0 110
1719428794998 111.0 111
1719429603293 112.0 112
1719430409410 113.0 113
1719431218255 114.0 114
1719432026930 115.0 115
1719432833713 116.0 116
1719433638630 117.0 117
1719434445184 118.0 118
1719435251635 119.0 119
1719436060301 120.0 120
1719436865013 121.0 121
1719437669076 122.0 122
1719438473525 123.0 123
1719439277583 124.0 124
1719440083668 125.0 125
1719440888830 126.0 126
1719441691777 127.0 127
1719442497583 128.0 128
1719443302676 129.0 129
1719444107060 130.0 130
1719444906491 131.0 131
1719445448096 132.0 132
1719446001559 133.0 133
1719446567991 134.0 134
1719447127908 135.0 135
1719447780904 136.0 136
1719448587809 137.0 137
1719449400881 138.0 138
1719450215513 139.0 139
1719451030183 140.0 140
1719451847435 141.0 141
1719452662688 142.0 142
1719453475363 143.0 143
1719454295531 144.0 144
1719455119034 145.0 145
1719455939630 146.0 146
1719456755070 147.0 147
1719457568597 148.0 148
1719458397816 149.0 149
1719459236784 150.0 150
1719460067828 151.0 151
1719460884136 152.0 152
1719461703080 153.0 153
1719462523276 154.0 154
1719463342625 155.0 155
1719464158521 156.0 156
1719464975907 157.0 157
1719465814643 158.0 158
1719466615789 159.0 159
1719467462728 160.0 160
1719468270359 161.0 161
1719469115095 162.0 162
1719469792441 163.0 163
1719470324406 164.0 164
1719471083898 165.0 165
1719471890491 166.0 166
1719472709295 167.0 167
1719473530732 168.0 168
1719474350296 169.0 169
1719475168672 170.0 170
1719475988949 171.0 171
1719476811408 172.0 172
1719477632116 173.0 173
1719478456339 174.0 174
1719479279850 175.0 175
1719480099986 176.0 176
1719480928875 177.0 177
1719481758723 178.0 178
1719482594121 179.0 179
1719483423505 180.0 180
1719484259039 181.0 181
1719485090108 182.0 182
1719485918056 183.0 183
1719486744142 184.0 184
1719487363551 185.0 185
1719487946703 186.0 186
1719488559389 187.0 187
1719489135619 188.0 188
1719489699574 189.0 189
1719490264353 190.0 190
1719490827880 191.0 191
1719491374624 192.0 192
1719491893255 193.0 193
1719492476927 194.0 194
1719493081527 195.0 195
1719493641865 196.0 196
1719494208244 197.0 197
1719494764057 198.0 198
1719495279839 199.0 199
1719495878584 200.0 200
1719496462371 201.0 201
1719497026785 202.0 202
1719497588577 203.0 203
1719498111916 204.0 204
1719498715091 205.0 205
1719499284215 206.0 206
1719499852956 207.0 207
1719500410378 208.0 208
1719500952943 209.0 209
1719501538994 210.0 210
1719502106207 211.0 211
1719502682558 212.0 212
1719503248697 213.0 213
1719503796759 214.0 214
1719504369416 215.0 215
1719504940069 216.0 216
1719505505240 217.0 217
1719506067720 218.0 218
1719506628570 219.0 219
1719507181502 220.0 220
1719507732703 221.0 221
1719508303663 222.0 222
1719508873599 223.0 223
1719509441183 224.0 224
1719510003059 225.0 225
1719510554320 226.0 226
1719511106526 227.0 227
1719511665956 228.0 228
1719512234583 229.0 229
1719512800764 230.0 230
1719513364133 231.0 231
1719513920221 232.0 232
1719514474167 233.0 233
1719515026893 234.0 234
1719515582902 235.0 235
1719516153513 236.0 236
1719516723146 237.0 237
1719517289761 238.0 238
1719517846875 239.0 239
1719518399536 240.0 240
1719518950300 241.0 241
1719519504071 242.0 242
1719520062353 243.0 243
1719520630473 244.0 244
1719521197690 245.0 245
1719521770474 246.0 246
1719522331692 247.0 247
1719522887668 248.0 248
1719523440679 249.0 249
