1719359143411 7080504.0 0
1719359747782 7080504.0 1
1719360347637 7080504.0 2
1719360913563 7080504.0 3
1719361470284 7080504.0 4
1719362031588 7080504.0 5
1719362590262 7080504.0 6
1719363160894 7080504.0 7
1719363757289 7080504.0 8
1719364338279 7080504.0 9
1719364888402 7080504.0 10
1719365438910 7080504.0 11
1719365983119 7080504.0 12
1719366551158 7080504.0 13
1719367143388 7080504.0 14
1719367708503 7080504.0 15
1719368272174 7080504.0 16
1719368820950 7080504.0 17
1719369365761 7080504.0 18
1719369952698 7080504.0 19
1719370533938 7080504.0 20
1719371095792 7080504.0 21
1719371639352 7080504.0 22
1719372261757 7080504.0 23
1719372853555 7080504.0 24
1719373448380 7080504.0 25
1719374013327 7080504.0 26
1719374571316 7080504.0 27
1719375131348 7080504.0 28
1719375696457 7080504.0 29
1719376274558 7080504.0 30
1719376838927 7080504.0 31
1719377378103 7080504.0 32
1719377876645 7080504.0 33
1719378404248 7080504.0 34
1719378970899 7080504.0 35
1719379577813 7080504.0 36
1719380178400 7080504.0 37
1719380778703 7080504.0 38
1719381387983 7080504.0 39
1719381974362 7080504.0 40
1719382520504 7080504.0 41
1719383071049 7080504.0 42
1719383642134 7080504.0 43
1719384226696 7080504.0 44
1719384802281 7080504.0 45
1719385339652 7080504.0 46
1719385825100 7080504.0 47
1719386337468 7080504.0 48
1719386894124 7080504.0 49
1719387460391 7080504.0 50
1719388083585 7080504.0 51
1719388676858 7080504.0 52
1719389265219 7080504.0 53
1719389878210 7080504.0 54
1719390485348 7080504.0 55
1719391088760 7080504.0 56
1719391674344 7080504.0 57
1719392198060 7080504.0 58
1719392719484 7080504.0 59
1719393250456 7080504.0 60
1719393781817 7080504.0 61
1719394328052 7080504.0 62
1719394922825 7080504.0 63
1719395528388 7080504.0 64
1719396120585 7080504.0 65
1719396697821 7080504.0 66
1719397261251 7080504.0 67
1719397802910 7080504.0 68
1719398369073 7080504.0 69
1719398944248 7080504.0 70
1719399523533 7080504.0 71
1719400067120 7080504.0 72
1719400567968 7080504.0 73
1719401105341 7080504.0 74
1719401675560 7080504.0 75
1719402304383 7080504.0 76
1719402928987 7080504.0 77
1719403502710 7080504.0 78
1719404051197 7080504.0 79
1719404601358 7080504.0 80
1719405165921 7080504.0 81
1719405737182 7080504.0 82
1719406316690 7080504.0 83
1719406873081 7080504.0 84
1719407569034 7080504.0 85
1719408393785 7080504.0 86
1719409219246 7080504.0 87
1719410045939 7080504.0 88
1719410863258 7080504.0 89
1719411676344 7080504.0 90
1719412499741 7080504.0 91
1719413330919 7080504.0 92
1719414167326 7080504.0 93
1719415001416 7080504.0 94
1719415823073 7080504.0 95
1719416639241 7080504.0 96
1719417456934 7080504.0 97
1719418272016 7080504.0 98
1719419083255 7080504.0 99
1719419893522 7080504.0 100
1719420704749 7080504.0 101
1719421514565 7080504.0 102
1719422325536 7080504.0 103
1719423135059 7080504.0 104
1719423942322 7080504.0 105
1719424751058 7080504.0 106
1719425561498 7080504.0 107
1719426369143 7080504.0 108
1719427177761 7080504.0 109
1719427985941 7080504.0 110
1719428795000 7080504.0 111
1719429603295 7080504.0 112
1719430409411 7080504.0 113
1719431218255 7080504.0 114
1719432026931 7080504.0 115
1719432833714 7080504.0 116
1719433638631 7080504.0 117
1719434445185 7080504.0 118
1719435251636 7080504.0 119
1719436060302 7080504.0 120
1719436865013 7080504.0 121
1719437669077 7080504.0 122
1719438473526 7080504.0 123
1719439277584 7080504.0 124
1719440083669 7080504.0 125
1719440888830 7080504.0 126
1719441691777 7080504.0 127
1719442497584 7080504.0 128
1719443302678 7080504.0 129
1719444107061 7080504.0 130
1719444906493 7080504.0 131
1719445448097 7080504.0 132
1719446001560 7080504.0 133
1719446567992 7080504.0 134
1719447127909 7080504.0 135
1719447780904 7080504.0 136
1719448587810 7080504.0 137
1719449400882 7080504.0 138
1719450215514 7080504.0 139
1719451030184 7080504.0 140
1719451847437 7080504.0 141
1719452662688 7080504.0 142
1719453475364 7080504.0 143
1719454295532 7080504.0 144
1719455119035 7080504.0 145
1719455939631 7080504.0 146
1719456755071 7080504.0 147
1719457568598 7080504.0 148
1719458397817 7080504.0 149
1719459236785 7080504.0 150
1719460067829 7080504.0 151
1719460884137 7080504.0 152
1719461703081 7080504.0 153
1719462523277 7080504.0 154
1719463342626 7080504.0 155
1719464158522 7080504.0 156
1719464975909 7080504.0 157
1719465814644 7080504.0 158
1719466615790 7080504.0 159
1719467462729 7080504.0 160
1719468270361 7080504.0 161
1719469115096 7080504.0 162
1719469792442 7080504.0 163
1719470324407 7080504.0 164
1719471083899 7080504.0 165
1719471890492 7080504.0 166
1719472709296 7080504.0 167
1719473530733 7080504.0 168
1719474350297 7080504.0 169
1719475168674 7080504.0 170
1719475988950 7080504.0 171
1719476811409 7080504.0 172
1719477632118 7080504.0 173
1719478456340 7080504.0 174
1719479279851 7080504.0 175
1719480099987 7080504.0 176
1719480928876 7080504.0 177
1719481758724 7080504.0 178
1719482594123 7080504.0 179
1719483423506 7080504.0 180
1719484259041 7080504.0 181
1719485090110 7080504.0 182
1719485918057 7080504.0 183
1719486744143 7080504.0 184
1719487363553 7080504.0 185
1719487946705 7080504.0 186
1719488559389 7080504.0 187
1719489135621 7080504.0 188
1719489699576 7080504.0 189
1719490264354 7080504.0 190
1719490827881 7080504.0 191
1719491374626 7080504.0 192
1719491893257 7080504.0 193
1719492476929 7080504.0 194
1719493081528 7080504.0 195
1719493641867 7080504.0 196
1719494208245 7080504.0 197
1719494764059 7080504.0 198
1719495279839 7080504.0 199
1719495878585 7080504.0 200
1719496462372 7080504.0 201
1719497026787 7080504.0 202
1719497588579 7080504.0 203
1719498111917 7080504.0 204
1719498715092 7080504.0 205
1719499284216 7080504.0 206
1719499852958 7080504.0 207
1719500410379 7080504.0 208
1719500952945 7080504.0 209
1719501538996 7080504.0 210
1719502106209 7080504.0 211
1719502682559 7080504.0 212
1719503248698 7080504.0 213
1719503796760 7080504.0 214
1719504369418 7080504.0 215
1719504940071 7080504.0 216
1719505505241 7080504.0 217
1719506067721 7080504.0 218
1719506628571 7080504.0 219
1719507181503 7080504.0 220
1719507732704 7080504.0 221
1719508303665 7080504.0 222
1719508873600 7080504.0 223
1719509441184 7080504.0 224
1719510003061 7080504.0 225
1719510554321 7080504.0 226
1719511106528 7080504.0 227
1719511665958 7080504.0 228
1719512234584 7080504.0 229
1719512800765 7080504.0 230
1719513364134 7080504.0 231
1719513920222 7080504.0 232
1719514474168 7080504.0 233
1719515026894 7080504.0 234
1719515582903 7080504.0 235
1719516153514 7080504.0 236
1719516723148 7080504.0 237
1719517289762 7080504.0 238
1719517846877 7080504.0 239
1719518399538 7080504.0 240
1719518950302 7080504.0 241
1719519504072 7080504.0 242
1719520062355 7080504.0 243
1719520630475 7080504.0 244
1719521197692 7080504.0 245
1719521770475 7080504.0 246
1719522331693 7080504.0 247
1719522887670 7080504.0 248
1719523440681 7080504.0 249
