1719359143407 23.363244689029194 0
1719359747772 18.597430389860403 1
1719360347626 16.7972982124142 2
1719360913550 16.026339243287627 3
1719361470272 15.542611404605534 4
1719362031577 15.349875456613043 5
1719362590255 15.23583935784257 6
1719363160887 15.252335081929745 7
1719363757284 15.298179172951242 8
1719364338269 15.273594217455905 9
1719364888397 15.29332555765691 10
1719365438905 15.250661361476649 11
1719365983108 15.223613592593566 12
1719366551146 15.240187669577805 13
1719367143381 15.207380894733513 14
1719367708493 15.169745810653852 15
1719368272169 15.229347410409346 16
1719368820940 15.214698462382607 17
1719369365756 15.24943603510442 18
1719369952689 15.127391119366107 19
1719370533927 15.11917932525925 20
1719371095785 15.17233904030012 21
1719371639347 15.138652585122896 22
1719372261752 15.139044477887776 23
1719372853550 15.142673592204632 24
1719373448370 15.098030462213185 25
1719374013314 15.05662232119104 26
1719374571305 15.143300951822944 27
1719375131343 15.100122042324232 28
1719375696452 15.072372699561326 29
1719376274548 15.084154004636018 30
1719376838917 14.988251910261486 31
1719377378099 14.991689964481022 32
1719377876634 15.033277726691702 33
1719378404244 14.922288662713507 34
1719378970894 14.999536411917727 35
1719379577802 14.940922369127689 36
1719380178392 14.826136817102848 37
1719380778697 14.954535038574882 38
1719381387971 14.822832259147063 39
1719381974352 14.791404512913331 40
1719382520496 14.820380893738374 41
1719383071038 14.747709718735322 42
1719383642128 14.802227489326311 43
1719384226684 14.780555202909138 44
1719384802271 14.758346536885137 45
1719385339644 14.665192258098852 46
1719385825091 14.692875617224237 47
1719386337456 14.695754338865695 48
1719386894113 14.601211239462314 49
1719387460382 14.575194623159325 50
1719388083579 14.566424233757932 51
1719388676849 14.544880681711694 52
1719389265207 14.539169653602269 53
1719389878200 14.51559186240901 54
1719390485338 14.503263618635094 55
1719391088749 14.431283483038778 56
1719391674332 14.411323444998782 57
1719392198055 14.422344017287958 58
1719392719478 14.337661452915357 59
1719393250451 14.32352558037509 60
1719393781813 14.236498713493347 61
1719394328047 14.330671151047168 62
1719394922813 14.236176895058673 63
1719395528382 14.268763083478678 64
1719396120574 14.23090476575105 65
1719396697815 14.25212018256602 66
1719397261239 14.2115433436373 67
1719397802905 14.179184693357218 68
1719398369062 14.192143460978633 69
1719398944237 14.171177983283997 70
1719399523529 14.057231944540273 71
1719400067111 14.027142707420433 72
1719400567963 14.108682609122733 73
1719401105335 14.006012294603432 74
1719401675548 14.041693802760994 75
1719402304377 13.959065298671307 76
1719402928978 13.963155892880067 77
1719403502701 13.914373930381691 78
1719404051187 13.910234659910202 79
1719404601350 13.925751174273698 80
1719405165916 13.78748911878337 81
1719405737171 13.870793128791062 82
1719406316680 13.846760723901832 83
1719406873072 13.826364122007204 84
1719407569026 13.808765376391618 85
1719408393775 13.765743421471637 86
1719409219240 13.706539054279743 87
1719410045931 13.733427687831547 88
1719410863253 13.739994756553484 89
1719411676338 13.600378880034322 90
1719412499736 13.70382248448289 91
1719413330915 13.672834947057392 92
1719414167316 13.599434647871101 93
1719415001410 13.581666783146236 94
1719415823067 13.647570990997812 95
1719416639237 13.654530942440033 96
1719417456930 13.653803664705027 97
1719418272007 13.545808845240137 98
1719419083252 13.55941408743029 99
1719419893517 13.561499775751777 100
1719420704738 13.601382921571316 101
1719421514558 13.5281441444936 102
1719422325526 13.484480548164118 103
1719423135049 13.521239609821983 104
1719423942317 13.498328722041586 105
1719424751053 13.491196256616842 106
1719425561491 13.422655415275823 107
1719426369138 13.389620530864466 108
1719427177757 13.355130887549857 109
1719427985930 13.332361979329068 110
1719428794990 13.40651361838631 111
1719429603286 13.353780365508536 112
1719430409407 13.30799798473068 113
1719431218251 13.367665305085804 114
1719432026926 13.347111480391543 115
1719432833709 13.411868464687597 116
1719433638621 13.361613685670106 117
1719434445181 13.315216048904087 118
1719435251631 13.30935594180356 119
1719436060297 13.287899215584217 120
1719436865008 13.399936209554257 121
1719437669072 13.252538793760797 122
1719438473521 13.256054927473484 123
1719439277579 13.281316714442294 124
1719440083664 13.276820165955503 125
1719440888826 13.201020694297293 126
1719441691773 13.264692329842111 127
1719442497575 13.287603641333787 128
1719443302670 13.240989604721898 129
1719444107057 13.18089905510778 130
1719444906483 13.176602805438248 131
1719445448091 13.191524045622867 132
1719446001555 13.142250184131706 133
1719446567987 13.164612902247388 134
1719447127900 13.21926537156105 135
1719447780900 13.10676919636519 136
1719448587804 13.173578753419545 137
1719449400877 13.171381977589235 138
1719450215510 13.175125823072765 139
1719451030175 13.157960490040157 140
1719451847428 13.102308801982714 141
1719452662684 13.075284176546594 142
1719453475357 13.108442832594333 143
1719454295523 13.1072049892467 144
1719455119031 13.082001959500106 145
1719455939627 13.062072766863782 146
1719456755066 13.08548560479413 147
1719457568589 13.056522522283638 148
1719458397810 13.053218067988105 149
1719459236780 13.1105717420578 150
1719460067822 13.13369432480439 151
1719460884132 13.023987573126089 152
1719461703073 13.04896862740102 153
1719462523272 13.068263486675594 154
1719463342618 13.101214824811272 155
1719464158516 13.071064378904259 156
1719464975900 13.068473332602045 157
1719465814638 13.026504078636998 158
1719466615785 12.994852602481842 159
1719467462723 13.000414111044096 160
1719468270355 12.980654669844586 161
1719469115092 13.00418911550356 162
1719469792436 12.98022931943769 163
1719470324401 12.979626356259637 164
1719471083890 12.965073685283246 165
1719471890487 13.01232729787412 166
1719472709287 12.963062151618626 167
1719473530728 12.961606852386309 168
1719474350290 12.958009722440138 169
1719475168668 13.025343810734542 170
1719475988946 12.896080312521562 171
1719476811404 12.92412404521652 172
1719477632111 12.937597397876823 173
1719478456332 12.893829943045326 174
1719479279843 12.943167770686356 175
1719480099979 12.93471442098203 176
1719480928872 12.907741240833117 177
1719481758719 12.924950720175453 178
1719482594113 12.915395714666532 179
1719483423499 12.906924250333205 180
1719484259031 12.935642764620159 181
1719485090103 12.88088015369747 182
1719485918052 12.849392944056055 183
1719486744135 12.881169773962187 184
1719487363543 12.853301956601765 185
1719487946695 12.8786230592624 186
1719488559385 12.898882455152014 187
1719489135612 12.891228634378184 188
1719489699568 12.884936431179876 189
1719490264348 12.874035135559414 190
1719490827871 12.8955175086208 191
1719491374615 12.818056049554244 192
1719491893249 12.890822661959607 193
1719492476920 12.806225965852322 194
1719493081523 12.888927098201668 195
1719493641858 12.823861364437187 196
1719494208240 12.873566010723943 197
1719494764049 12.879882847485336 198
1719495279834 12.87972810216572 199
1719495878576 12.817503612974416 200
1719496462365 12.821447827245878 201
1719497026780 12.830741012873856 202
1719497588570 12.803013598141463 203
1719498111911 12.89791639732278 204
1719498715087 12.823909978503766 205
1719499284210 12.817612579335337 206
1719499852946 12.827941393074783 207
1719500410373 12.902154436577922 208
1719500952938 12.764295813830003 209
1719501538986 12.754427092230838 210
1719502106198 12.79281329460766 211
1719502682552 12.751533246558646 212
1719503248689 12.769761330407599 213
1719503796753 12.812182651913684 214
1719504369408 12.749295002740363 215
1719504940061 12.80408343931903 216
1719505505234 12.744582390007766 217
1719506067713 12.709032367105069 218
1719506628563 12.756646138170492 219
1719507181497 12.733238595983256 220
1719507732699 12.783407443243524 221
1719508303659 12.799323757057605 222
1719508873592 12.827103309009386 223
1719509441178 12.80013269574746 224
1719510003053 12.754628609056057 225
1719510554317 12.726997681286024 226
1719511106519 12.73640445911366 227
1719511665948 12.755226871241694 228
1719512234579 12.778028613847235 229
1719512800756 12.740818490152774 230
1719513364129 12.751239748104759 231
1719513920215 12.748828640450602 232
1719514474162 12.783915486024773 233
1719515026890 12.717755681794623 234
1719515582894 12.745118778684866 235
1719516153509 12.723012013279874 236
1719516723138 12.682714620362157 237
1719517289755 12.704499642486157 238
1719517846867 12.69348655446716 239
1719518399529 12.738124301900035 240
1719518950293 12.738875575687574 241
1719519504067 12.688436781582626 242
1719520062344 12.704091125208398 243
1719520630468 12.693412358346192 244
1719521197682 12.807484986989394 245
1719521770466 12.77623107770215 246
1719522331687 12.742513407831607 247
1719522887663 12.65443684614223 248
1719523440672 12.668433385050815 249
