1719359143406 9.999999999999821e-06 0
1719359747767 9.999999999999821e-06 1
1719360347622 8.003125000000054e-06 2
1719360913546 6.006250000000084e-06 3
1719361470268 4.009374999999961e-06 4
1719362031573 2.0124999999999786e-06 5
1719362590252 2.547594167448766e-08 6
1719363160885 2.9808302605216855e-08 7
1719363757282 3.492674810556928e-08 8
1719364338264 4.0830469913665624e-08 9
1719364888395 4.751853576339509e-08 10
1719365438902 5.498988953162855e-08 11
1719365983104 6.324335140500137e-08 12
1719366551141 7.227761806619712e-08 13
1719367143378 8.209126289978645e-08 14
1719367708488 9.268273621748121e-08 15
1719368272167 1.0405036550287616e-07 16
1719368820935 1.1619235567551963e-07 17
1719369365754 1.2910678937440756e-07 18
1719369952684 1.4279162726075904e-07 19
1719370533922 1.5724470834002356e-07 20
1719371095783 1.7246375030316084e-07 21
1719371639344 1.884463498870155e-07 22
1719372261750 2.051899832538382e-07 23
1719372853547 2.2269200638982295e-07 24
1719373448365 2.409496555226157e-07 25
1719374013310 2.599600475577924e-07 26
1719374571300 2.797201805340524e-07 27
1719375131341 3.002269340973366e-07 28
1719375696450 3.214770699935485e-07 29
1719376274544 3.434672325798837e-07 30
1719376838912 3.6619394935474794e-07 31
1719377378097 3.8965363150610546e-07 32
1719377876630 4.138425744781937e-07 33
1719378404242 4.387569585565078e-07 34
1719378970893 4.643928494709907e-07 35
1719379577797 4.907461990173027e-07 36
1719380178390 5.17812845696017e-07 37
1719380778694 5.455885153698624e-07 38
1719381387966 5.740688219386374e-07 39
1719381974347 6.032492680317479e-07 40
1719382520494 6.331252457185202e-07 41
1719383071033 6.636920372357199e-07 42
1719383642126 6.949448157326387e-07 43
1719384226679 7.268786460332559e-07 44
1719384802266 7.594884854155556e-07 45
1719385339641 7.927691844079031e-07 46
1719385825086 8.267154876021116e-07 47
1719386337451 8.613220344833964e-07 48
1719386894109 8.965833602768404e-07 49
1719387460379 9.32493896810314e-07 50
1719388083577 9.690479733938117e-07 51
1719388676845 1.0062398177149302e-06 52
1719389265203 1.044063556750281e-06 53
1719389878195 1.0825132176929678e-06 54
1719390485333 1.1215827288958545e-06 55
1719391088744 1.1612659208302355e-06 56
1719391674327 1.2015565270600477e-06 57
1719392198052 1.2424481852314805e-06 58
1719392719476 1.2839344380777264e-06 59
1719393250450 1.3260087344384783e-06 60
1719393781811 1.3686644302946887e-06 61
1719394328045 1.4118947898174135e-06 62
1719394922808 1.4556929864317493e-06 63
1719395528380 1.5000521038948211e-06 64
1719396120569 1.5449651373876432e-06 65
1719396697813 1.5904249946216246e-06 66
1719397261235 1.6364244969583511e-06 67
1719397802903 1.6829563805430792e-06 68
1719398369057 1.7300132974520331e-06 69
1719398944232 1.777587816852539e-06 70
1719399523527 1.8256724261764502e-06 71
1719400067107 1.8742595323066096e-06 72
1719400567962 1.9233414627756142e-06 73
1719401105333 1.9729104669776914e-06 74
1719401675543 2.0229587173925443e-06 75
1719402304374 2.0734783108211434e-06 76
1719402928973 2.124461269634135e-06 77
1719403502698 2.1758995430312897e-06 78
1719404051183 2.227785008312895e-06 79
1719404601347 2.280109472162528e-06 80
1719405165914 2.3328646719408296e-06 81
1719405737166 2.3860422769901118e-06 82
1719406316675 2.439633889950162e-06 83
1719406873068 2.493631048083954e-06 84
1719407569022 2.5480252246143407e-06 85
1719408393771 2.60280783007036e-06 86
1719409219238 2.6579702136434156e-06 87
1719410045927 2.713503664553698e-06 88
1719410863251 2.7693994134255832e-06 89
1719411676336 2.825648633672287e-06 90
1719412499735 2.8822424428900285e-06 91
1719413330913 2.9391719042600903e-06 92
1719414167310 2.99642802796067e-06 93
1719415001408 3.054001772586149e-06 94
1719415823065 3.1118840465747476e-06 95
1719416639234 3.170065709644442e-06 96
1719417456928 3.228537574236213e-06 97
1719418272003 3.287290406964755e-06 98
1719419083250 3.3463149300766618e-06 99
1719419893516 3.405601822915578e-06 100
1719420704734 3.465141723393809e-06 101
1719421514555 3.5249252294708655e-06 102
1719422325522 3.584942900638223e-06 103
1719423135043 3.645185259409568e-06 104
1719423942315 3.705642792818367e-06 105
1719424751051 3.7663059539192643e-06 106
1719425561489 3.827165163295592e-06 107
1719426369136 3.88821081057305e-06 108
1719427177755 3.949433255935963e-06 109
1719427985924 4.010822831650801e-06 110
1719428794986 4.072369843591554e-06 111
1719429603282 4.1340645727718645e-06 112
1719430409405 4.195897276878607e-06 113
1719431218250 4.257858191811177e-06 114
1719432026924 4.319937533222829e-06 115
1719432833708 4.382125498065731e-06 116
1719433638616 4.444412266139371e-06 117
1719434445179 4.506788001641283e-06 118
1719435251630 4.5692428547192775e-06 119
1719436060296 4.631766963028503e-06 120
1719436865007 4.694350453287328e-06 121
1719437669071 4.7569834428369814e-06 122
1719438473519 4.819656041202381e-06 123
1719439277577 4.882358351653907e-06 124
1719440083661 4.945080472769744e-06 125
1719440888824 5.007812500000019e-06 126
1719441691772 5.07054452723009e-06 127
1719442497572 5.133266648346135e-06 128
1719443302666 5.195968958797602e-06 129
1719444107055 5.258641557163041e-06 130
1719444906478 5.321274546712681e-06 131
1719445448089 5.383858036971545e-06 132
1719446001553 5.446382145280713e-06 133
1719446567985 5.508836998358745e-06 134
1719447127896 5.5712127338605995e-06 135
1719447780898 5.6334995019342885e-06 136
1719448587801 5.695687466777165e-06 137
1719449400876 5.7577668081887825e-06 138
1719450215508 5.8197277231212335e-06 139
1719451030170 5.8815604272281715e-06 140
1719451847425 5.943255156408505e-06 141
1719452662682 6.004802168349239e-06 142
1719453475354 6.066191744064066e-06 143
1719454295520 6.1274141894270415e-06 144
1719455119029 6.188459836704437e-06 145
1719455939625 6.249319046080777e-06 146
1719456755064 6.3099822071814794e-06 147
1719457568586 6.370439740590357e-06 148
1719458397806 6.4306820993618725e-06 149
1719459236778 6.49069977052907e-06 150
1719460067820 6.550483276606282e-06 151
1719460884131 6.610023177084425e-06 152
1719461703069 6.669310069923353e-06 153
1719462523270 6.7283345930353476e-06 154
1719463342615 6.7870874257638935e-06 155
1719464158514 6.845559290355481e-06 156
1719464975897 6.90374095342529e-06 157
1719465814636 6.9616232274138875e-06 158
1719466615784 7.019196972039283e-06 159
1719467462720 7.076453095739786e-06 160
1719468270352 7.133382557110113e-06 161
1719469115090 7.189976366327601e-06 162
1719469792434 7.246225586574415e-06 163
1719470324399 7.302121335446418e-06 164
1719471083887 7.357654786356587e-06 165
1719471890486 7.412817169929781e-06 166
1719472709283 7.46759977538557e-06 167
1719473530725 7.5219939519161e-06 168
1719474350287 7.575991110049978e-06 169
1719475168664 7.629582723009917e-06 170
1719475988944 7.682760328059307e-06 171
1719476811402 7.735515527837468e-06 172
1719477632108 7.787839991687096e-06 173
1719478456329 7.839725456968738e-06 174
1719479279840 7.891163730365797e-06 175
1719480099975 7.942146689178765e-06 176
1719480928870 7.992666282607348e-06 177
1719481758716 8.042714533022203e-06 178
1719482594108 8.092283537224422e-06 179
1719483423495 8.141365467693364e-06 180
1719484259027 8.18995257382346e-06 181
1719485090099 8.238037183147598e-06 182
1719485918050 8.285611702548013e-06 183
1719486744132 8.332668619457054e-06 184
1719487363537 8.379200503041659e-06 185
1719487946690 8.425200005378253e-06 186
1719488559382 8.47065986261242e-06 187
1719489135608 8.515572896105276e-06 188
1719489699565 8.559932013568136e-06 189
1719490264345 8.603730210182524e-06 190
1719490827866 8.646960569705349e-06 191
1719491374611 8.689616265561447e-06 192
1719491893246 8.731690561922368e-06 193
1719492476916 8.773176814768617e-06 194
1719493081521 8.81406847294001e-06 195
1719493641854 8.854359079169824e-06 196
1719494208238 8.894042271104089e-06 197
1719494764044 8.933111782307154e-06 198
1719495279832 8.971561443249703e-06 199
1719495878572 9.009385182285108e-06 200
1719496462360 9.046577026606334e-06 201
1719497026778 9.08313110318975e-06 202
1719497588566 9.119041639723078e-06 203
1719498111908 9.154302965516523e-06 204
1719498715085 9.188909512397927e-06 205
1719499284209 9.222855815591953e-06 206
1719499852941 9.256136514584392e-06 207
1719500410371 9.288746353966814e-06 208
1719500952934 9.320680184267392e-06 209
1719501538982 9.351932962764418e-06 210
1719502106193 9.382499754281614e-06 211
1719502682549 9.41237573196836e-06 212
1719503248685 9.441556178061498e-06 213
1719503796750 9.470036484630317e-06 214
1719504369403 9.497812154303879e-06 215
1719504940056 9.524878800982796e-06 216
1719505505231 9.551232150528895e-06 217
1719506067710 9.576868041443447e-06 218
1719506628560 9.601782425521698e-06 219
1719507181495 9.625971368493765e-06 220
1719507732698 9.64943105064529e-06 221
1719508303658 9.672157767420232e-06 222
1719508873589 9.694147930006336e-06 223
1719509441177 9.715398065902702e-06 224
1719510003049 9.735904819466001e-06 225
1719510554315 9.755664952442244e-06 226
1719511106515 9.774675344477298e-06 227
1719511665944 9.79293299361012e-06 228
1719512234576 9.810435016746249e-06 229
1719512800751 9.827178650113148e-06 230
1719513364127 9.843161249696764e-06 231
1719513920212 9.858380291659897e-06 232
1719514474160 9.87283337273911e-06 233
1719515026887 9.886518210625432e-06 234
1719515582889 9.899432644324549e-06 235
1719516153507 9.911574634496937e-06 236
1719516723134 9.922942263782509e-06 237
1719517289751 9.933533737100049e-06 238
1719517846864 9.943347381933902e-06 239
1719518399525 9.952381648595069e-06 240
1719518950289 9.960635110468385e-06 241
1719519504065 9.968106464236675e-06 242
1719520062339 9.974794530086264e-06 243
1719520630464 9.980698251894387e-06 244
1719521197678 9.985816697394939e-06 245
1719521770460 9.990149058325415e-06 246
1719522331685 9.993694650556515e-06 247
1719522887661 9.996452914198078e-06 248
1719523440668 9.998423413687617e-06 249
