1716112495352 0.0 0
1716112848638 1.0 1
1716113212976 2.0 2
1716113572811 3.0 3
1716113916987 4.0 4
1716114271275 5.0 5
1716114642116 6.0 6
1716115007583 7.0 7
1716115347081 8.0 8
1716115711047 9.0 9
1716116075965 10.0 10
1716116431662 11.0 11
1716116787944 12.0 12
1716117150796 13.0 13
1716117515440 14.0 14
1716117871090 15.0 15
1716118224720 16.0 16
1716118588912 17.0 17
1716118949421 18.0 18
1716119309797 19.0 19
1716119666620 20.0 20
1716120000652 21.0 21
1716120370720 22.0 22
1716120661188 23.0 23
1716120903622 24.0 24
1716121108882 25.0 25
1716121342001 26.0 26
1716121586782 27.0 27
1716121866617 28.0 28
1716122088312 29.0 29
1716122305387 30.0 30
1716122545510 31.0 31
1716122789422 32.0 32
1716123030095 33.0 33
1716123251173 34.0 34
1716123517039 35.0 35
1716123754291 36.0 36
1716123962854 37.0 37
1716124162454 38.0 38
1716124405037 39.0 39
1716124676744 40.0 40
1716124907791 41.0 41
1716125109589 42.0 42
1716125326829 43.0 43
1716125599444 44.0 44
1716125843053 45.0 45
1716126106837 46.0 46
1716126331655 47.0 47
1716126583800 48.0 48
1716126791589 49.0 49
1716127042805 50.0 50
1716127305650 51.0 51
1716127561837 52.0 52
1716127776593 53.0 53
1716128015860 54.0 54
1716128242187 55.0 55
1716128467156 56.0 56
1716128743547 57.0 57
1716128997903 58.0 58
1716129210071 59.0 59
1716129413249 60.0 60
1716129662159 61.0 61
1716129931334 62.0 62
1716130188317 63.0 63
1716130388209 64.0 64
1716130614018 65.0 65
1716130875557 66.0 66
1716131094632 67.0 67
1716131346515 68.0 68
1716131612547 69.0 69
1716131863358 70.0 70
1716132072046 71.0 71
1716132311107 72.0 72
1716132564017 73.0 73
1716132833575 74.0 74
1716133056166 75.0 75
1716133293767 76.0 76
1716133511596 77.0 77
1716133721809 78.0 78
1716133994901 79.0 79
1716134253789 80.0 80
1716134477737 81.0 81
1716134674362 82.0 82
1716134916072 83.0 83
1716135165059 84.0 84
1716135404131 85.0 85
1716135643201 86.0 86
1716135894666 87.0 87
1716136124428 88.0 88
1716136324813 89.0 89
1716136566927 90.0 90
1716136827634 91.0 91
1716137096992 92.0 92
1716137297409 93.0 93
1716137530381 94.0 94
1716137770336 95.0 95
1716138031384 96.0 96
1716138279829 97.0 97
1716138541642 98.0 98
1716138757998 99.0 99
1716138978378 100.0 100
1716139243079 101.0 101
1716139500255 102.0 102
1716139724607 103.0 103
1716139927332 104.0 104
1716140125753 105.0 105
1716140313043 106.0 106
1716140513823 107.0 107
1716140719156 108.0 108
1716140906511 109.0 109
1716141095246 110.0 110
1716141292094 111.0 111
1716141500427 112.0 112
1716141695667 113.0 113
1716141883523 114.0 114
1716142087201 115.0 115
1716142284586 116.0 116
1716142487204 117.0 117
1716142687446 118.0 118
1716142887970 119.0 119
1716143075986 120.0 120
1716143277725 121.0 121
1716143483729 122.0 122
1716143674647 123.0 123
1716143865557 124.0 124
1716144067010 125.0 125
1716144273772 126.0 126
1716144477762 127.0 127
1716144673025 128.0 128
1716144860028 129.0 129
1716145060888 130.0 130
1716145264714 131.0 131
1716145467636 132.0 132
1716145667448 133.0 133
1716145868007 134.0 134
1716146054998 135.0 135
1716146256206 136.0 136
1716146465002 137.0 137
1716146656158 138.0 138
1716146845668 139.0 139
1716147039489 140.0 140
1716147245869 141.0 141
1716147448906 142.0 142
1716147637142 143.0 143
1716147840522 144.0 144
1716148031237 145.0 145
1716148233443 146.0 146
1716148436057 147.0 147
1716148636954 148.0 148
1716148824130 149.0 149
1716149026642 150.0 150
1716149236574 151.0 151
1716149431790 152.0 152
1716149621732 153.0 153
1716149819801 154.0 154
1716150023226 155.0 155
1716150223390 156.0 156
1716150419660 157.0 157
1716150608790 158.0 158
1716150807431 159.0 159
1716151009787 160.0 160
1716151210026 161.0 161
1716151410710 162.0 162
1716151610746 163.0 163
1716151799749 164.0 164
1716151999453 165.0 165
1716152206990 166.0 166
1716152394581 167.0 167
1716152581772 168.0 168
1716152773939 169.0 169
1716152981849 170.0 170
1716153187553 171.0 171
1716153375807 172.0 172
1716153580466 173.0 173
1716153774499 174.0 174
1716153976308 175.0 175
1716154181867 176.0 176
1716154383735 177.0 177
1716154571944 178.0 178
1716154776657 179.0 179
1716154983468 180.0 180
1716155186512 181.0 181
1716155390272 182.0 182
1716155577202 183.0 183
1716155779610 184.0 184
1716155982673 185.0 185
1716156186738 186.0 186
1716156381000 187.0 187
1716156583633 188.0 188
1716156774359 189.0 189
1716156975604 190.0 190
1716157181502 191.0 191
1716157374119 192.0 192
1716157562928 193.0 193
1716157759282 194.0 194
1716157966466 195.0 195
1716158154784 196.0 196
1716158345766 197.0 197
1716158542096 198.0 198
1716158745420 199.0 199
1716158949105 200.0 200
1716159150835 201.0 201
1716159355034 202.0 202
1716159547778 203.0 203
1716159752391 204.0 204
1716159957851 205.0 205
1716160157473 206.0 206
1716160346747 207.0 207
1716160547690 208.0 208
1716160750629 209.0 209
1716160955893 210.0 210
1716161148508 211.0 211
1716161339212 212.0 212
1716161538508 213.0 213
1716161741602 214.0 214
1716161943928 215.0 215
1716162132619 216.0 216
1716162336594 217.0 217
1716162525412 218.0 218
1716162776264 219.0 219
1716163157712 220.0 220
1716163516702 221.0 221
1716163835842 222.0 222
1716164212085 223.0 223
1716164563658 224.0 224
1716164923308 225.0 225
1716165266383 226.0 226
1716165624774 227.0 227
1716165991756 228.0 228
1716166322895 229.0 229
1716166685909 230.0 230
1716167053308 231.0 231
1716167402315 232.0 232
1716167772160 233.0 233
1716168126047 234.0 234
1716168467816 235.0 235
1716168837177 236.0 236
1716169192151 237.0 237
1716169569595 238.0 238
1716169894134 239.0 239
1716170260954 240.0 240
1716170641472 241.0 241
1716170967419 242.0 242
1716171358150 243.0 243
1716171716195 244.0 244
1716172082609 245.0 245
1716172430754 246.0 246
1716172776580 247.0 247
1716173146179 248.0 248
1716173504276 249.0 249
1716173860891 250.0 250
1716174220519 251.0 251
1716174544216 252.0 252
1716174911694 253.0 253
1716175267197 254.0 254
1716175589581 255.0 255
1716175953273 256.0 256
1716176307073 257.0 257
1716176669231 258.0 258
1716177003178 259.0 259
1716177342789 260.0 260
1716177686568 261.0 261
1716178005745 262.0 262
1716178354171 263.0 263
1716178680897 264.0 264
1716179018735 265.0 265
1716179359784 266.0 266
1716179665336 267.0 267
1716180025066 268.0 268
1716180363982 269.0 269
1716180772605 270.0 270
1716181194157 271.0 271
1716181566173 272.0 272
1716181997595 273.0 273
1716182363267 274.0 274
1716182753426 275.0 275
1716183171741 276.0 276
1716183547674 277.0 277
1716183974177 278.0 278
1716184354802 279.0 279
1716184729370 280.0 280
1716185145797 281.0 281
1716185533904 282.0 282
1716185966152 283.0 283
1716186356467 284.0 284
1716186740743 285.0 285
1716187148771 286.0 286
1716187557087 287.0 287
1716187952783 288.0 288
1716188343747 289.0 289
1716188727073 290.0 290
1716189130170 291.0 291
1716189548224 292.0 292
1716189948748 293.0 293
1716190324641 294.0 294
1716190696656 295.0 295
1716191089618 296.0 296
1716191499598 297.0 297
1716191888912 298.0 298
1716192283024 299.0 299
