1716112495353 7095944.0 0
1716112848639 7095944.0 1
1716113212978 7095944.0 2
1716113572812 7095944.0 3
1716113916989 7095944.0 4
1716114271277 7095944.0 5
1716114642117 7095944.0 6
1716115007585 7095944.0 7
1716115347082 7095944.0 8
1716115711049 7095944.0 9
1716116075967 7095944.0 10
1716116431663 7095944.0 11
1716116787945 7095944.0 12
1716117150797 7095944.0 13
1716117515441 7095944.0 14
1716117871091 7095944.0 15
1716118224721 7095944.0 16
1716118588914 7095944.0 17
1716118949422 7095944.0 18
1716119309798 7095944.0 19
1716119666621 7095944.0 20
1716120000653 7095944.0 21
1716120370721 7095944.0 22
1716120661190 7095944.0 23
1716120903623 7095944.0 24
1716121108883 7095944.0 25
1716121342002 7095944.0 26
1716121586784 7095944.0 27
1716121866619 7095944.0 28
1716122088313 7095944.0 29
1716122305389 7095944.0 30
1716122545511 7095944.0 31
1716122789423 7095944.0 32
1716123030096 7095944.0 33
1716123251175 7095944.0 34
1716123517040 7095944.0 35
1716123754292 7095944.0 36
1716123962855 7095944.0 37
1716124162455 7095944.0 38
1716124405038 7095944.0 39
1716124676745 7095944.0 40
1716124907792 7095944.0 41
1716125109590 7095944.0 42
1716125326831 7095944.0 43
1716125599445 7095944.0 44
1716125843055 7095944.0 45
1716126106838 7095944.0 46
1716126331657 7095944.0 47
1716126583802 7095944.0 48
1716126791591 7095944.0 49
1716127042806 7095944.0 50
1716127305651 7095944.0 51
1716127561838 7095944.0 52
1716127776594 7095944.0 53
1716128015861 7095944.0 54
1716128242188 7095944.0 55
1716128467157 7095944.0 56
1716128743548 7095944.0 57
1716128997905 7095944.0 58
1716129210072 7095944.0 59
1716129413251 7095944.0 60
1716129662161 7095944.0 61
1716129931336 7095944.0 62
1716130188318 7095944.0 63
1716130388211 7095944.0 64
1716130614018 7095944.0 65
1716130875557 7095944.0 66
1716131094633 7095944.0 67
1716131346517 7095944.0 68
1716131612548 7095944.0 69
1716131863359 7095944.0 70
1716132072048 7095944.0 71
1716132311108 7095944.0 72
1716132564018 7095944.0 73
1716132833576 7095944.0 74
1716133056167 7095944.0 75
1716133293770 7095944.0 76
1716133511597 7095944.0 77
1716133721811 7095944.0 78
1716133994902 7095944.0 79
1716134253790 7095944.0 80
1716134477739 7095944.0 81
1716134674364 7095944.0 82
1716134916073 7095944.0 83
1716135165060 7095944.0 84
1716135404133 7095944.0 85
1716135643203 7095944.0 86
1716135894668 7095944.0 87
1716136124430 7095944.0 88
1716136324814 7095944.0 89
1716136566928 7095944.0 90
1716136827636 7095944.0 91
1716137096993 7095944.0 92
1716137297410 7095944.0 93
1716137530382 7095944.0 94
1716137770338 7095944.0 95
1716138031386 7095944.0 96
1716138279831 7095944.0 97
1716138541644 7095944.0 98
1716138757999 7095944.0 99
1716138978380 7095944.0 100
1716139243081 7095944.0 101
1716139500256 7095944.0 102
1716139724608 7095944.0 103
1716139927333 7095944.0 104
1716140125754 7095944.0 105
1716140313045 7095944.0 106
1716140513824 7095944.0 107
1716140719157 7095944.0 108
1716140906512 7095944.0 109
1716141095247 7095944.0 110
1716141292096 7095944.0 111
1716141500428 7095944.0 112
1716141695669 7095944.0 113
1716141883525 7095944.0 114
1716142087202 7095944.0 115
1716142284587 7095944.0 116
1716142487205 7095944.0 117
1716142687447 7095944.0 118
1716142887970 7095944.0 119
1716143075988 7095944.0 120
1716143277726 7095944.0 121
1716143483731 7095944.0 122
1716143674648 7095944.0 123
1716143865559 7095944.0 124
1716144067011 7095944.0 125
1716144273773 7095944.0 126
1716144477763 7095944.0 127
1716144673027 7095944.0 128
1716144860030 7095944.0 129
1716145060889 7095944.0 130
1716145264715 7095944.0 131
1716145467638 7095944.0 132
1716145667450 7095944.0 133
1716145868008 7095944.0 134
1716146055000 7095944.0 135
1716146256207 7095944.0 136
1716146465004 7095944.0 137
1716146656159 7095944.0 138
1716146845670 7095944.0 139
1716147039491 7095944.0 140
1716147245870 7095944.0 141
1716147448907 7095944.0 142
1716147637143 7095944.0 143
1716147840524 7095944.0 144
1716148031238 7095944.0 145
1716148233444 7095944.0 146
1716148436058 7095944.0 147
1716148636955 7095944.0 148
1716148824132 7095944.0 149
1716149026643 7095944.0 150
1716149236576 7095944.0 151
1716149431791 7095944.0 152
1716149621733 7095944.0 153
1716149819803 7095944.0 154
1716150023227 7095944.0 155
1716150223391 7095944.0 156
1716150419662 7095944.0 157
1716150608792 7095944.0 158
1716150807432 7095944.0 159
1716151009788 7095944.0 160
1716151210027 7095944.0 161
1716151410711 7095944.0 162
1716151610747 7095944.0 163
1716151799750 7095944.0 164
1716151999454 7095944.0 165
1716152206992 7095944.0 166
1716152394582 7095944.0 167
1716152581773 7095944.0 168
1716152773940 7095944.0 169
1716152981850 7095944.0 170
1716153187554 7095944.0 171
1716153375808 7095944.0 172
1716153580467 7095944.0 173
1716153774500 7095944.0 174
1716153976309 7095944.0 175
1716154181868 7095944.0 176
1716154383736 7095944.0 177
1716154571946 7095944.0 178
1716154776658 7095944.0 179
1716154983469 7095944.0 180
1716155186513 7095944.0 181
1716155390273 7095944.0 182
1716155577204 7095944.0 183
1716155779611 7095944.0 184
1716155982675 7095944.0 185
1716156186739 7095944.0 186
1716156381001 7095944.0 187
1716156583634 7095944.0 188
1716156774361 7095944.0 189
1716156975606 7095944.0 190
1716157181504 7095944.0 191
1716157374120 7095944.0 192
1716157562929 7095944.0 193
1716157759283 7095944.0 194
1716157966467 7095944.0 195
1716158154785 7095944.0 196
1716158345767 7095944.0 197
1716158542098 7095944.0 198
1716158745421 7095944.0 199
1716158949107 7095944.0 200
1716159150836 7095944.0 201
1716159355035 7095944.0 202
1716159547780 7095944.0 203
1716159752393 7095944.0 204
1716159957852 7095944.0 205
1716160157474 7095944.0 206
1716160346749 7095944.0 207
1716160547691 7095944.0 208
1716160750630 7095944.0 209
1716160955894 7095944.0 210
1716161148510 7095944.0 211
1716161339213 7095944.0 212
1716161538509 7095944.0 213
1716161741603 7095944.0 214
1716161943930 7095944.0 215
1716162132621 7095944.0 216
1716162336596 7095944.0 217
1716162525414 7095944.0 218
1716162776265 7095944.0 219
1716163157714 7095944.0 220
1716163516703 7095944.0 221
1716163835843 7095944.0 222
1716164212087 7095944.0 223
1716164563659 7095944.0 224
1716164923309 7095944.0 225
1716165266384 7095944.0 226
1716165624776 7095944.0 227
1716165991757 7095944.0 228
1716166322896 7095944.0 229
1716166685911 7095944.0 230
1716167053309 7095944.0 231
1716167402316 7095944.0 232
1716167772162 7095944.0 233
1716168126048 7095944.0 234
1716168467818 7095944.0 235
1716168837178 7095944.0 236
1716169192152 7095944.0 237
1716169569596 7095944.0 238
1716169894136 7095944.0 239
1716170260955 7095944.0 240
1716170641473 7095944.0 241
1716170967421 7095944.0 242
1716171358151 7095944.0 243
1716171716196 7095944.0 244
1716172082610 7095944.0 245
1716172430755 7095944.0 246
1716172776581 7095944.0 247
1716173146180 7095944.0 248
1716173504277 7095944.0 249
1716173860892 7095944.0 250
1716174220521 7095944.0 251
1716174544218 7095944.0 252
1716174911696 7095944.0 253
1716175267198 7095944.0 254
1716175589583 7095944.0 255
1716175953274 7095944.0 256
1716176307075 7095944.0 257
1716176669232 7095944.0 258
1716177003179 7095944.0 259
1716177342790 7095944.0 260
1716177686569 7095944.0 261
1716178005746 7095944.0 262
1716178354172 7095944.0 263
1716178680898 7095944.0 264
1716179018737 7095944.0 265
1716179359785 7095944.0 266
1716179665337 7095944.0 267
1716180025067 7095944.0 268
1716180363983 7095944.0 269
1716180772606 7095944.0 270
1716181194158 7095944.0 271
1716181566175 7095944.0 272
1716181997597 7095944.0 273
1716182363268 7095944.0 274
1716182753428 7095944.0 275
1716183171744 7095944.0 276
1716183547676 7095944.0 277
1716183974179 7095944.0 278
1716184354804 7095944.0 279
1716184729372 7095944.0 280
1716185145798 7095944.0 281
1716185533905 7095944.0 282
1716185966153 7095944.0 283
1716186356469 7095944.0 284
1716186740745 7095944.0 285
1716187148773 7095944.0 286
1716187557088 7095944.0 287
1716187952784 7095944.0 288
1716188343749 7095944.0 289
1716188727074 7095944.0 290
1716189130172 7095944.0 291
1716189548225 7095944.0 292
1716189948750 7095944.0 293
1716190324642 7095944.0 294
1716190696657 7095944.0 295
1716191089619 7095944.0 296
1716191499599 7095944.0 297
1716191888913 7095944.0 298
1716192283025 7095944.0 299
