1716112495349 1.2638676153576893 0
1716112848629 1.2039602321127187 1
1716113212966 1.1765849256645078 2
1716113572806 1.1587240631165712 3
1716113916983 1.1457104763906936 4
1716114271268 1.141401177191216 5
1716114642112 1.1359826300455176 6
1716115007575 1.1379386102375777 7
1716115347076 1.139578617785288 8
1716115711040 1.1344072290736695 9
1716116075957 1.138565921265146 10
1716116431657 1.1379518447362857 11
1716116787941 1.1363233088151268 12
1716117150791 1.1375129051182582 13
1716117515435 1.134837604087332 14
1716117871085 1.1356001567581426 15
1716118224715 1.1340381156491197 16
1716118588903 1.1366148273582044 17
1716118949415 1.1339825974858326 18
1716119309791 1.1344104010773741 19
1716119666615 1.1358103055668913 20
1716120000647 1.1324658892724826 21
1716120370715 1.1313299105867096 22
1716120661179 1.1313721767586211 23
1716120903617 1.1332589277754659 24
1716121108877 1.1326821614866671 25
1716121341994 1.1328194235330042 26
1716121586774 1.129094199641891 27
1716121866613 1.1310048336568086 28
1716122088305 1.1285799754702526 29
1716122305383 1.1299463915436163 30
1716122545501 1.1285090090140053 31
1716122789418 1.1300631641693737 32
1716123030090 1.1274150593773178 33
1716123251166 1.1277197456878165 34
1716123517035 1.1293365790144256 35
1716123754286 1.1268461599298145 36
1716123962849 1.1275641267066416 37
1716124162450 1.126407997439737 38
1716124405029 1.1265261552256087 39
1716124676737 1.1213792121928672 40
1716124907785 1.1219543843813564 41
1716125109581 1.12202882507573 42
1716125326821 1.1229320696514586 43
1716125599439 1.1212169233223666 44
1716125843048 1.123228800037633 45
1716126106832 1.120584919400837 46
1716126331651 1.1200376684251039 47
1716126583795 1.1189782956372136 48
1716126791581 1.1167880037556523 49
1716127042798 1.1163636983736702 50
1716127305645 1.1185679513475169 51
1716127561832 1.1137746737703034 52
1716127776589 1.1150258594880933 53
1716128015850 1.1107216904992643 54
1716128242182 1.1109773876226468 55
1716128467152 1.1109382069629172 56
1716128743537 1.1094285181683043 57
1716128997895 1.1097751101074012 58
1716129210066 1.1102370966387831 59
1716129413242 1.1058280448550764 60
1716129662151 1.1073936408628589 61
1716129931328 1.1016388681271803 62
1716130188312 1.1030695635987364 63
1716130388201 1.1009344513649526 64
1716130614014 1.101346048971881 65
1716130875554 1.098639148408952 66
1716131094627 1.0992149840230527 67
1716131346508 1.0976833244380744 68
1716131612539 1.0953904163578283 69
1716131863353 1.0958058604079743 70
1716132072038 1.0928605328435483 71
1716132311098 1.0943940275389215 72
1716132564012 1.093622346935065 73
1716132833571 1.0918732852391575 74
1716133056162 1.0908901545664538 75
1716133293756 1.0926601102818614 76
1716133511591 1.0884907229439071 77
1716133721804 1.086457893576311 78
1716133994897 1.085734710097313 79
1716134253785 1.08124488559754 80
1716134477733 1.0840816902725592 81
1716134674354 1.081530404155669 82
1716134916068 1.0799999428184137 83
1716135165051 1.0785954202646795 84
1716135404121 1.079956840885722 85
1716135643197 1.079759245009526 86
1716135894658 1.0774486460115598 87
1716136124420 1.0736150229754655 88
1716136324808 1.0726365599295367 89
1716136566922 1.0744499424877374 90
1716136827626 1.071740263182184 91
1716137096987 1.071756220706131 92
1716137297403 1.0703740573447684 93
1716137530377 1.0692281651756037 94
1716137770332 1.069279682053172 95
1716138031378 1.0655777277829854 96
1716138279821 1.0652900807883428 97
1716138541633 1.0657561474844166 98
1716138757993 1.062451915572519 99
1716138978372 1.0607358593007792 100
1716139243072 1.0617214617845805 101
1716139500250 1.0607256247945454 102
1716139724602 1.0608280863126982 103
1716139927328 1.0587230920791626 104
1716140125748 1.058402779309646 105
1716140313039 1.0559038942598777 106
1716140513819 1.0546365090362404 107
1716140719151 1.0545639112267806 108
1716140906506 1.0539236191822134 109
1716141095239 1.053455867521141 110
1716141292088 1.0491284425167933 111
1716141500422 1.049193569013606 112
1716141695663 1.0502616941280987 113
1716141883518 1.0515419445607974 114
1716142087197 1.048342706878548 115
1716142284582 1.0483900540224884 116
1716142487199 1.0482393639243168 117
1716142687441 1.0472354968280897 118
1716142887965 1.0473917243273363 119
1716143075976 1.0433428227577521 120
1716143277720 1.0438050331304902 121
1716143483725 1.0425918184868668 122
1716143674642 1.0430300034906552 123
1716143865549 1.042375146208898 124
1716144067005 1.0410306662645028 125
1716144273767 1.0390726109237776 126
1716144477757 1.0381386539210444 127
1716144673016 1.038575347027053 128
1716144860024 1.0397050562112227 129
1716145060883 1.036906855099875 130
1716145264709 1.0367817536968251 131
1716145467630 1.0371397168416043 132
1716145667441 1.0339720712407776 133
1716145868002 1.0352992143320001 134
1716146054993 1.0350715940737205 135
1716146256201 1.0340281507891158 136
1716146464995 1.0319762239637582 137
1716146656154 1.0313261324620766 138
1716146845663 1.0314380202604376 139
1716147039477 1.0308373653046463 140
1716147245864 1.0287446833175162 141
1716147448903 1.0295893089926762 142
1716147637137 1.0296389047542345 143
1716147840515 1.0267248694663462 144
1716148031232 1.0301052816212177 145
1716148233439 1.029171144184859 146
1716148436052 1.0253280972980934 147
1716148636950 1.0278820696732272 148
1716148824123 1.0268106837959394 149
1716149026636 1.026893422331499 150
1716149236567 1.0256975022671015 151
1716149431785 1.028024877866973 152
1716149621724 1.0244532462371432 153
1716149819797 1.0241841144211914 154
1716150023221 1.0250960032901038 155
1716150223384 1.0226324854985527 156
1716150419651 1.0269469252747039 157
1716150608786 1.0207712263192819 158
1716150807427 1.0216826859699644 159
1716151009782 1.019832315814236 160
1716151210021 1.0195666711939417 161
1716151410705 1.0230028669795264 162
1716151610739 1.0217242587519728 163
1716151799744 1.020165609438782 164
1716151999448 1.0184589797711892 165
1716152206980 1.019998604512733 166
1716152394577 1.0174652844991372 167
1716152581768 1.0173746538550958 168
1716152773934 1.0196244779812254 169
1716152981844 1.018895852824916 170
1716153187543 1.0158847973722478 171
1716153375803 1.0165810228689858 172
1716153580461 1.0156742496334987 173
1716153774495 1.0159041418329529 174
1716153976303 1.016437138552251 175
1716154181862 1.013816406707401 176
1716154383730 1.0162270906502786 177
1716154571940 1.0168706219157446 178
1716154776653 1.0132779558391676 179
1716154983463 1.013801391681899 180
1716155186507 1.0156362712707208 181
1716155390267 1.0117778690612835 182
1716155577193 1.0127509487387927 183
1716155779606 1.0117715295890104 184
1716155982668 1.0102125519643659 185
1716156186733 1.0123064825716226 186
1716156380995 1.0125824334504812 187
1716156583628 1.0112702376816585 188
1716156774354 1.0117321451720984 189
1716156975600 1.012757848624302 190
1716157181497 1.0113216842646184 191
1716157374108 1.0116071581192638 192
1716157562922 1.0099947091353976 193
1716157759272 1.0098485104415729 194
1716157966461 1.0100135545691717 195
1716158154779 1.011653977567735 196
1716158345763 1.0083141300989233 197
1716158542090 1.0104405972296777 198
1716158745416 1.009130034595728 199
1716158949098 1.0077353492379189 200
1716159150831 1.0097207953424558 201
1716159355029 1.018270003568867 202
1716159547771 1.0087430927416552 203
1716159752384 1.004478469652974 204
1716159957846 1.0059524142871732 205
1716160157468 1.006794184770273 206
1716160346743 1.0061214988970237 207
1716160547686 1.0054199118977007 208
1716160750624 1.0050163435871187 209
1716160955888 1.0068646552770033 210
1716161148503 1.0056257486019446 211
1716161339207 1.0055874127732671 212
1716161538505 1.0064276113458301 213
1716161741598 1.0057326631377572 214
1716161943923 1.0030608250071174 215
1716162132611 1.0034361416878907 216
1716162336590 1.0038518649728403 217
1716162525404 1.0032326919229135 218
1716162776259 1.0049170531008556 219
1716163157705 1.0035937571007272 220
1716163516697 1.0035540178094222 221
1716163835837 1.0045703618746737 222
1716164212081 1.002889637875816 223
1716164563650 1.003515707247931 224
1716164923303 1.0033600038808326 225
1716165266377 1.0008138852274937 226
1716165624770 1.0021969104266686 227
1716165991752 1.001058970456538 228
1716166322890 1.0025119157912938 229
1716166685902 1.0031950941876224 230
1716167053303 1.0008217242100965 231
1716167402309 1.0036480005668558 232
1716167772156 1.0224310363764348 233
1716168126043 1.0097509008710799 234
1716168467812 1.0011323515487753 235
1716168837167 1.0020918177197808 236
1716169192146 1.0056618121655092 237
1716169569591 0.9983782029670217 238
1716169894130 0.996462406023689 239
1716170260950 0.9992317925004855 240
1716170641465 0.9978836823416792 241
1716170967415 0.9959006727389668 242
1716171358141 0.997239342202311 243
1716171716191 0.9986808923599513 244
1716172082600 0.9999539994675181 245
1716172430749 0.9972055011793323 246
1716172776573 1.0000976030917272 247
1716173146174 1.0000286061802637 248
1716173504270 0.9994242024486479 249
1716173860888 0.9997408696166847 250
1716174220515 0.9997775872116503 251
1716174544207 0.9975624332285445 252
1716174911690 0.9970438590516215 253
1716175267192 0.9968449962527856 254
1716175589575 0.9944966343110022 255
1716175953268 0.9949200969675313 256
1716176307069 0.9967037986802019 257
1716176669226 0.9979354237084803 258
1716177003174 1.0111378755258478 259
1716177342785 1.01324685258062 260
1716177686558 0.99818499872218 261
1716178005741 0.9965591011163981 262
1716178354162 0.9933735461014769 263
1716178680892 0.9935683867205745 264
1716179018731 0.9948575840048168 265
1716179359776 0.9926308636432108 266
1716179665331 0.9921123557116674 267
1716180025061 0.996036867732587 268
1716180363978 0.9959704764187336 269
1716180772600 0.9945640891142513 270
1716181194152 0.9956555800593417 271
1716181566167 1.0034625883335653 272
1716181997585 1.0101520658835121 273
1716182363262 1.008496258245862 274
1716182753418 0.9962631595199523 275
1716183171732 0.993434459456931 276
1716183547670 0.9923268878913444 277
1716183974169 0.9895524763218735 278
1716184354796 0.9888039522844813 279
1716184729366 0.9909656598516132 280
1716185145792 0.9905366827936276 281
1716185533899 0.9896211946464103 282
1716185966149 0.9938517039560754 283
1716186356462 0.9951922222971916 284
1716186740734 0.9933300698580949 285
1716187148763 0.9912927079459896 286
1716187557082 0.9951683493412059 287
1716187952779 0.9931955363439477 288
1716188343740 0.9919274491460427 289
1716188727068 0.9923235569959101 290
1716189130161 0.9926083442633566 291
1716189548219 0.9896128508059875 292
1716189948744 0.9923539281539295 293
1716190324633 0.9916591296053451 294
1716190696650 0.9894050890984742 295
1716191089613 0.9915302457368892 296
1716191499593 0.9930430892045083 297
1716191888907 0.9927933421795783 298
1716192283021 1.0128402969111567 299
