1716112495347 1.0000000000000025e-05 0
1716112848625 1.0000000000000025e-05 1
1716113212962 8.003124999999968e-06 2
1716113572804 6.0062500000000604e-06 3
1716113916980 4.009374999999988e-06 4
1716114271262 2.0124999999999833e-06 5
1716114642111 2.2466619467402448e-08 6
1716115007570 2.5475941674487975e-08 7
1716115347074 2.903163323102732e-08 8
1716115711037 3.3133304215366015e-08 9
1716116075953 3.778050483306144e-08 10
1716116431655 4.297272546619879e-08 11
1716116787939 4.870939672927125e-08 12
1716117150789 5.49898895316292e-08 13
1716117515433 6.181351514646609e-08 14
1716117871083 6.917952528633214e-08 15
1716118224713 7.708711218521171e-08 16
1716118588899 8.553540868708854e-08 17
1716118949412 9.452348834105113e-08 18
1716119309788 1.0405036550287583e-07 19
1716119666613 1.1411499544312158e-07 20
1716120000645 1.2471627446170628e-07 21
1716120370713 1.358530400089085e-07 22
1716120661174 1.475240708128939e-07 23
1716120903615 1.5972808701361503e-07 24
1716121108875 1.724637503031639e-07 25
1716121341990 1.8572966407254309e-07 26
1716121586770 1.9952437356481683e-07 27
1716121866610 2.1384636603463626e-07 28
1716122088302 2.286940709141318e-07 29
1716122305380 2.4406585998515125e-07 30
1716122545497 2.599600475577902e-07 31
1716122789416 2.7637489065527124e-07 32
1716123030087 2.933085892050718e-07 33
1716123251161 3.1075928623633015e-07 34
1716123517033 3.287250680834453e-07 35
1716123754284 3.47203964596002e-07 36
1716123962847 3.6619394935474757e-07 37
1716124162447 3.856929398938512e-07 38
1716124405025 4.056987979292807e-07 39
1716124676734 4.262093295932499e-07 40
1716124907783 4.4722228567482944e-07 41
1716125109575 4.687353618665841e-07 42
1716125326816 4.907461990172981e-07 43
1716125599437 5.132523833906086e-07 44
1716125843045 5.362514469298027e-07 45
1716126106830 5.59740867528378e-07 46
1716126331648 5.837180693066703e-07 47
1716126583792 6.081804228942952e-07 48
1716126791576 6.331252457185211e-07 49
1716127042794 6.585498022984265e-07 50
1716127305643 6.844513045448764e-07 51
1716127561830 7.108269120662543e-07 52
1716127776587 7.376737324799665e-07 53
1716128015846 7.649888217296421e-07 54
1716128242180 7.927691844079053e-07 55
1716128467150 8.210117740849533e-07 56
1716128743533 8.497134936425584e-07 57
1716128997890 8.788711956137128e-07 58
1716129210063 9.084816825278342e-07 59
1716129413238 9.385417072613598e-07 60
1716129662147 9.690479733938212e-07 61
1716129931326 9.999971355693637e-07 62
1716130188310 1.031385799863593e-06 63
1716130388197 1.0632105241557284e-06 64
1716130614013 1.0954678185061582e-06 65
1716130875552 1.1281541455390317e-06 66
1716131094625 1.1612659208302357e-06 67
1716131346504 1.194799513300497e-06 68
1716131612534 1.228751245613497e-06 69
1716131863351 1.2631173945791842e-06 70
1716132072033 1.297894191562077e-06 71
1716132311093 1.3330778228944585e-06 72
1716132564010 1.3686644302946676e-06 73
1716132833568 1.404650111290203e-06 74
1716133056159 1.441030919645612e-06 75
1716133293752 1.4778028657952769e-06 76
1716133511589 1.5149619172809396e-06 77
1716133721802 1.5525039991938312e-06 78
1716133994895 1.5904249946216246e-06 79
1716134253783 1.6287207450998334e-06 80
1716134477731 1.667387051067888e-06 81
1716134674348 1.7064196723295887e-06 82
1716134916066 1.745814328518149e-06 83
1716135165047 1.7855666995655862e-06 84
1716135404117 1.8256724261764752e-06 85
1716135643195 1.8661271103058944e-06 86
1716135894654 1.90692631564189e-06 87
1716136124415 1.948065568091773e-06 88
1716136324806 1.989540356272978e-06 89
1716136566920 2.0313461320075974e-06 90
1716136827622 2.0734783108211794e-06 91
1716137096985 2.1159322724455386e-06 92
1716137297400 2.1587033613253864e-06 93
1716137530376 2.2017868871288e-06 94
1716137770330 2.24517812526173e-06 95
1716138031375 2.288872317385913e-06 96
1716138279817 2.3328646719407834e-06 97
1716138541627 2.37715036466895e-06 98
1716138757991 2.4217245391450847e-06 99
1716138978369 2.4665823073087004e-06 100
1716139243066 2.5117187500000123e-06 101
1716139500248 2.557128917499428e-06 102
1716139724600 2.602807830070321e-06 103
1716139927326 2.648750478505253e-06 104
1716140125746 2.694951824675084e-06 105
1716140313037 2.7414068020814956e-06 106
1716140513816 2.7881103164127636e-06 107
1716140719148 2.8350572461022258e-06 108
1716140906504 2.882242442890016e-06 109
1716141095237 2.9296607323875374e-06 110
1716141292085 2.9773069146450246e-06 111
1716141500420 3.0251757647216806e-06 112
1716141695661 3.07326203325864e-06 113
1716141883515 3.1215604470546773e-06 114
1716142087195 3.1700657096444514e-06 115
1716142284580 3.2187725018793173e-06 116
1716142487197 3.2676754825105994e-06 117
1716142687439 3.316769288775446e-06 118
1716142887962 3.366048536984718e-06 119
1716143075971 3.415507823113528e-06 120
1716143277718 3.4651417233938258e-06 121
1716143483723 3.514944794909071e-06 122
1716143674640 3.564911576191242e-06 123
1716143865544 3.6150365878197936e-06 124
1716144067003 3.6653143330222084e-06 125
1716144273765 3.7157392982772397e-06 126
1716144477754 3.7663059539192003e-06 127
1716144673011 3.817008754744453e-06 128
1716144860022 3.867842140619456e-06 129
1716145060881 3.918800537090712e-06 130
1716145264707 3.9698783559957264e-06 131
1716145467628 4.021069996076094e-06 132
1716145667436 4.072369843591596e-06 133
1716145867999 4.123772272935842e-06 134
1716146054991 4.1752716472532246e-06 135
1716146256199 4.226862319056994e-06 136
1716146464994 4.278538630848607e-06 137
1716146656152 4.330294915738136e-06 138
1716146845660 4.382125498065707e-06 139
1716147039472 4.434024694023928e-06 140
1716147245862 4.485986812281013e-06 141
1716147448900 4.5380061546052005e-06 142
1716147637135 4.590077016489436e-06 143
1716147840510 4.642193687776927e-06 144
1716148031230 4.6943504532872365e-06 145
1716148233437 4.746541593443408e-06 146
1716148436050 4.798761384898779e-06 147
1716148636948 4.851004101164663e-06 148
1716148824120 4.903264013238522e-06 149
1716149026634 4.955535390232201e-06 150
1716149236563 5.0078125000000175e-06 151
1716149431783 5.060089609767829e-06 152
1716149621721 5.1123609867614116e-06 153
1716149819795 5.164620898835367e-06 154
1716150023219 5.216863615101251e-06 155
1716150223382 5.269083406556597e-06 156
1716150419646 5.321274546712768e-06 157
1716150608783 5.373431312223071e-06 158
1716150807425 5.4255479835104924e-06 159
1716151009780 5.4776188453947355e-06 160
1716151210019 5.529638187719017e-06 161
1716151410703 5.5816003059760985e-06 162
1716151610735 5.633499501934289e-06 163
1716151799742 5.685330084261873e-06 164
1716151999446 5.737086369151428e-06 165
1716152206976 5.788762680943013e-06 166
1716152394575 5.8403533527468105e-06 167
1716152581766 5.891852727064171e-06 168
1716152773932 5.943255156408415e-06 169
1716152981842 5.994555003923943e-06 170
1716153187539 6.045746644004279e-06 171
1716153375800 6.096824462909294e-06 172
1716153580459 6.147782859380545e-06 173
1716153774492 6.1986162452555725e-06 174
1716153976301 6.249319046080799e-06 175
1716154181860 6.299885701722735e-06 176
1716154383728 6.350310666977803e-06 177
1716154571938 6.400588412180238e-06 178
1716154776651 6.450713423808739e-06 179
1716154983460 6.5006802050909895e-06 180
1716155186505 6.550483276606198e-06 181
1716155390264 6.600117176886485e-06 182
1716155577188 6.64957646301527e-06 183
1716155779604 6.6988557112245335e-06 184
1716155982665 6.747949517489424e-06 185
1716156186731 6.796852498120632e-06 186
1716156380993 6.845559290355497e-06 187
1716156583626 6.894064552945354e-06 188
1716156774351 6.942362966741375e-06 189
1716156975597 6.990449235278315e-06 190
1716157181494 7.038318085354949e-06 191
1716157374103 7.0859642676124045e-06 192
1716157562920 7.133382557110002e-06 193
1716157759268 7.180567753897735e-06 194
1716157966459 7.227514683587256e-06 195
1716158154777 7.274218197918479e-06 196
1716158345762 7.320673175324879e-06 197
1716158542089 7.366874521494696e-06 198
1716158745415 7.412817169929704e-06 199
1716158949093 7.458496082500599e-06 200
1716159150828 7.5039062499999575e-06 201
1716159355027 7.549042692691319e-06 202
1716159547765 7.593900460854934e-06 203
1716159752379 7.638474635331067e-06 204
1716159957844 7.682760328059246e-06 205
1716160157466 7.726752682614122e-06 206
1716160346741 7.770446874738289e-06 207
1716160547684 7.813838112871237e-06 208
1716160750622 7.856921638674645e-06 209
1716160955886 7.899692727554476e-06 210
1716161148499 7.942146689178854e-06 211
1716161339205 7.984278867992436e-06 212
1716161538503 8.026084643726987e-06 213
1716161741596 8.067559431908271e-06 214
1716161943920 8.108698684358066e-06 215
1716162132607 8.14949788969414e-06 216
1716162336588 8.18995257382356e-06 217
1716162525402 8.23005830043446e-06 218
1716162776257 8.269810671481787e-06 219
1716163157701 8.309205327670413e-06 220
1716163516695 8.348237948932165e-06 221
1716163835835 8.386904254900119e-06 222
1716164212078 8.425200005378409e-06 223
1716164563646 8.463121000806248e-06 224
1716164923301 8.500663082719098e-06 225
1716165266374 8.537822134204757e-06 226
1716165624767 8.574594080354364e-06 227
1716165991750 8.610974888709757e-06 228
1716166322888 8.646960569705247e-06 229
1716166685897 8.682547177105576e-06 230
1716167053301 8.717730808437867e-06 231
1716167402306 8.752507605420794e-06 232
1716167772153 8.786873754386452e-06 233
1716168126041 8.820825486699492e-06 234
1716168467810 8.854359079169712e-06 235
1716168837163 8.887470854460946e-06 236
1716169192144 8.920157181493875e-06 237
1716169569588 8.952414475844274e-06 238
1716169894128 8.984239200136367e-06 239
1716170260948 9.015627864430702e-06 240
1716170641461 9.046577026606158e-06 241
1716170967413 9.077083292738696e-06 242
1716171358135 9.10714331747211e-06 243
1716171716188 9.136753804386367e-06 244
1716172082597 9.16591150635749e-06 245
1716172430746 9.194613225915053e-06 246
1716172776569 9.222855815592133e-06 247
1716173146172 9.250636178270362e-06 248
1716173504268 9.277951267519977e-06 249
1716173860887 9.304798087933755e-06 250
1716174220513 9.331173695455157e-06 251
1716174544203 9.357075197701568e-06 252
1716174911687 9.382499754281438e-06 253
1716175267189 9.407444577105623e-06 254
1716175589570 9.43190693069327e-06 255
1716175953266 9.455884132471569e-06 256
1716176307067 9.479373553070165e-06 257
1716176669224 9.50237261660933e-06 258
1716177003172 9.52487880098275e-06 259
1716177342782 9.54688963813348e-06 260
1716177686554 9.56840271432516e-06 261
1716178005739 9.589415670406804e-06 262
1716178354158 9.609926202070693e-06 263
1716178680890 9.629932060106213e-06 264
1716179018729 9.649431050645288e-06 265
1716179359772 9.668421035404025e-06 266
1716179665329 9.686899931916493e-06 267
1716180025059 9.704865713763736e-06 268
1716180363976 9.722316410794905e-06 269
1716180772598 9.73925010934465e-06 270
1716181194150 9.755664952442242e-06 271
1716181566164 9.771559140014781e-06 272
1716181997580 9.786930929085893e-06 273
1716182363260 9.801778633965312e-06 274
1716182753414 9.816100626435213e-06 275
1716183171728 9.829895335927526e-06 276
1716183547667 9.84316124969691e-06 277
1716183974164 9.855896912986293e-06 278
1716184354793 9.868100929187028e-06 279
1716184729363 9.879771959991115e-06 280
1716185145790 9.890908725538235e-06 281
1716185533897 9.901510004556904e-06 282
1716185966147 9.911574634497137e-06 283
1716186356460 9.92110151165889e-06 284
1716186740730 9.930089591312996e-06 285
1716187148758 9.938537887814742e-06 286
1716187557079 9.946445474713713e-06 287
1716187952777 9.953811484853636e-06 288
1716188343735 9.960635110468385e-06 289
1716188727066 9.966915603270772e-06 290
1716189130156 9.972652274533857e-06 291
1716189548217 9.97784449516693e-06 292
1716189948741 9.982491695784713e-06 293
1716190324629 9.986593366768942e-06 294
1716190696647 9.99014905832557e-06 295
1716191089611 9.993158380532546e-06 296
1716191499591 9.995621003384182e-06 297
1716191888905 9.99753665682573e-06 298
1716192283020 9.998905130784657e-06 299
