1716881790036 0.0 0
1716881977065 1.0 1
1716882184929 2.0 2
1716882367204 3.0 3
1716882536351 4.0 4
1716882767796 5.0 5
1716882933195 6.0 6
1716883113816 7.0 7
1716883314473 8.0 8
1716883480452 9.0 9
1716883704586 10.0 10
1716883877518 11.0 11
1716884050258 12.0 12
1716884259087 13.0 13
1716884427868 14.0 14
1716884603636 15.0 15
1716884818792 16.0 16
1716884990796 17.0 17
1716885244079 18.0 18
1716885546746 19.0 19
1716885818120 20.0 20
1716886110560 21.0 21
1716886396154 22.0 22
1716886757208 23.0 23
1716887030257 24.0 24
1716887337862 25.0 25
1716887701387 26.0 26
1716887979322 27.0 27
1716888303798 28.0 28
1716888600183 29.0 29
1716888907345 30.0 30
1716889248942 31.0 31
1716889560834 32.0 32
1716889868539 33.0 33
1716890230179 34.0 34
1716890537979 35.0 35
1716890871375 36.0 36
1716891212121 37.0 37
1716891515887 38.0 38
1716891883576 39.0 39
1716892361261 40.0 40
1716892790467 41.0 41
1716893220283 42.0 42
1716893644613 43.0 43
1716894063019 44.0 44
1716894517133 45.0 45
1716894951589 46.0 46
1716895399438 47.0 47
1716895873949 48.0 48
1716896320444 49.0 49
1716896747843 50.0 50
1716897180115 51.0 51
1716897587874 52.0 52
1716898011327 53.0 53
1716898432568 54.0 54
1716898874545 55.0 55
1716899322189 56.0 56
1716899740835 57.0 57
1716900185550 58.0 58
1716900600698 59.0 59
1716901038429 60.0 60
1716901472367 61.0 61
1716901890308 62.0 62
1716902322770 63.0 63
1716902732583 64.0 64
1716903190208 65.0 65
1716903618417 66.0 66
1716904052603 67.0 67
1716904483868 68.0 68
1716904886717 69.0 69
1716905313674 70.0 70
1716905725214 71.0 71
1716906186797 72.0 72
1716906635656 73.0 73
1716907063818 74.0 74
1716907524435 75.0 75
1716907956466 76.0 76
1716908398619 77.0 77
1716908839310 78.0 78
1716909261795 79.0 79
1716909697330 80.0 80
1716910111861 81.0 81
1716910564894 82.0 82
1716910992533 83.0 83
1716911437086 84.0 84
1716911894788 85.0 85
1716912304310 86.0 86
1716912731755 87.0 87
1716913143340 88.0 88
1716913593618 89.0 89
1716914024946 90.0 90
1716914481031 91.0 91
1716914938199 92.0 92
1716915364327 93.0 93
1716915786676 94.0 94
1716916221791 95.0 95
1716916627714 96.0 96
1716917035277 97.0 97
1716917440780 98.0 98
1716917838624 99.0 99
1716918232971 100.0 100
1716918627532 101.0 101
1716919022426 102.0 102
1716919412469 103.0 103
1716919787078 104.0 104
1716920132384 105.0 105
1716920434319 106.0 106
1716920745486 107.0 107
1716921090282 108.0 108
1716921455916 109.0 109
1716921822763 110.0 110
1716922194209 111.0 111
1716922579031 112.0 112
1716922967536 113.0 113
1716923364364 114.0 114
1716923761701 115.0 115
1716924149946 116.0 116
1716924536711 117.0 117
1716924923627 118.0 118
1716925308869 119.0 119
1716925649365 120.0 120
1716925946447 121.0 121
1716926240885 122.0 122
1716926589898 123.0 123
1716926973792 124.0 124
1716927358569 125.0 125
1716927741772 126.0 126
1716928125886 127.0 127
1716928516604 128.0 128
1716928911058 129.0 129
1716929308523 130.0 130
1716929702161 131.0 131
1716930085990 132.0 132
1716930469121 133.0 133
1716930850589 134.0 134
1716931230539 135.0 135
1716931571084 136.0 136
1716931866420 137.0 137
1716932164352 138.0 138
1716932520757 139.0 139
1716932906592 140.0 140
1716933292327 141.0 141
1716933679268 142.0 142
1716934069383 143.0 143
1716934466167 144.0 144
1716934862834 145.0 145
1716935255569 146.0 146
1716935641837 147.0 147
1716936016828 148.0 148
1716936391270 149.0 149
1716936765492 150.0 150
1716937128166 151.0 151
1716937452983 152.0 152
1716937749846 153.0 153
1716938077736 154.0 154
1716938445759 155.0 155
1716938837228 156.0 156
1716939225945 157.0 157
1716939616937 158.0 158
1716940022412 159.0 159
1716940461144 160.0 160
1716940819459 161.0 161
1716941177220 162.0 162
1716941559564 163.0 163
1716941920358 164.0 164
1716942272236 165.0 165
1716942700331 166.0 166
1716943086273 167.0 167
1716943544213 168.0 168
1716943956762 169.0 169
1716944404894 170.0 170
1716944831759 171.0 171
1716945271623 172.0 172
1716945715030 173.0 173
1716946148421 174.0 174
1716946596114 175.0 175
1716947019682 176.0 176
1716947456918 177.0 177
1716947883088 178.0 178
1716948302986 179.0 179
1716948735822 180.0 180
1716949143808 181.0 181
1716949591208 182.0 182
1716949998881 183.0 183
1716950445216 184.0 184
1716950863538 185.0 185
1716951298130 186.0 186
1716951740622 187.0 187
1716952161400 188.0 188
1716952610550 189.0 189
1716953031996 190.0 190
1716953479936 191.0 191
1716953900886 192.0 192
1716954323444 193.0 193
1716954761804 194.0 194
1716955174203 195.0 195
1716955626793 196.0 196
1716956038431 197.0 197
1716956484694 198.0 198
1716956901630 199.0 199
1716957342445 200.0 200
1716957773250 201.0 201
1716958208182 202.0 202
1716958660475 203.0 203
1716959089050 204.0 204
1716959557915 205.0 205
1716959985151 206.0 206
1716960443914 207.0 207
1716960868445 208.0 208
1716961316676 209.0 209
1716961764259 210.0 210
1716962211070 211.0 211
1716962667962 212.0 212
1716963101416 213.0 213
1716963555188 214.0 214
1716963981020 215.0 215
1716964414968 216.0 216
1716964855595 217.0 217
1716965271475 218.0 218
1716965716086 219.0 219
1716966128677 220.0 220
1716966568669 221.0 221
1716966989453 222.0 222
1716967421460 223.0 223
1716967858389 224.0 224
1716968281480 225.0 225
1716968738299 226.0 226
1716969154432 227.0 227
1716969617635 228.0 228
1716970038866 229.0 229
1716970496431 230.0 230
1716970919961 231.0 231
1716971371667 232.0 232
1716971814727 233.0 233
1716972246492 234.0 234
1716972706981 235.0 235
1716973129846 236.0 236
1716973589515 237.0 237
1716974017220 238.0 238
1716974489625 239.0 239
1716974920031 240.0 240
1716975380434 241.0 241
1716975828685 242.0 242
1716976270127 243.0 243
