1716881790037 7095944.0 0
1716881977067 7095944.0 1
1716882184930 7095944.0 2
1716882367206 7095944.0 3
1716882536353 7095944.0 4
1716882767798 7095944.0 5
1716882933197 7095944.0 6
1716883113818 7095944.0 7
1716883314474 7095944.0 8
1716883480453 7095944.0 9
1716883704588 7095944.0 10
1716883877520 7095944.0 11
1716884050260 7095944.0 12
1716884259088 7095944.0 13
1716884427870 7095944.0 14
1716884603638 7095944.0 15
1716884818794 7095944.0 16
1716884990797 7095944.0 17
1716885244080 7095944.0 18
1716885546748 7095944.0 19
1716885818121 7095944.0 20
1716886110561 7095944.0 21
1716886396155 7095944.0 22
1716886757209 7095944.0 23
1716887030258 7095944.0 24
1716887337863 7095944.0 25
1716887701388 7095944.0 26
1716887979324 7095944.0 27
1716888303800 7095944.0 28
1716888600184 7095944.0 29
1716888907346 7095944.0 30
1716889248944 7095944.0 31
1716889560835 7095944.0 32
1716889868541 7095944.0 33
1716890230180 7095944.0 34
1716890537981 7095944.0 35
1716890871376 7095944.0 36
1716891212123 7095944.0 37
1716891515889 7095944.0 38
1716891883578 7095944.0 39
1716892361262 7095944.0 40
1716892790468 7095944.0 41
1716893220284 7095944.0 42
1716893644615 7095944.0 43
1716894063021 7095944.0 44
1716894517134 7095944.0 45
1716894951590 7095944.0 46
1716895399438 7095944.0 47
1716895873950 7095944.0 48
1716896320445 7095944.0 49
1716896747844 7095944.0 50
1716897180117 7095944.0 51
1716897587876 7095944.0 52
1716898011329 7095944.0 53
1716898432569 7095944.0 54
1716898874546 7095944.0 55
1716899322190 7095944.0 56
1716899740837 7095944.0 57
1716900185552 7095944.0 58
1716900600699 7095944.0 59
1716901038430 7095944.0 60
1716901472369 7095944.0 61
1716901890309 7095944.0 62
1716902322771 7095944.0 63
1716902732584 7095944.0 64
1716903190209 7095944.0 65
1716903618418 7095944.0 66
1716904052605 7095944.0 67
1716904483870 7095944.0 68
1716904886718 7095944.0 69
1716905313676 7095944.0 70
1716905725216 7095944.0 71
1716906186799 7095944.0 72
1716906635657 7095944.0 73
1716907063820 7095944.0 74
1716907524436 7095944.0 75
1716907956467 7095944.0 76
1716908398621 7095944.0 77
1716908839311 7095944.0 78
1716909261797 7095944.0 79
1716909697331 7095944.0 80
1716910111863 7095944.0 81
1716910564895 7095944.0 82
1716910992534 7095944.0 83
1716911437087 7095944.0 84
1716911894790 7095944.0 85
1716912304311 7095944.0 86
1716912731756 7095944.0 87
1716913143342 7095944.0 88
1716913593619 7095944.0 89
1716914024947 7095944.0 90
1716914481032 7095944.0 91
1716914938201 7095944.0 92
1716915364328 7095944.0 93
1716915786677 7095944.0 94
1716916221791 7095944.0 95
1716916627715 7095944.0 96
1716917035278 7095944.0 97
1716917440781 7095944.0 98
1716917838626 7095944.0 99
1716918232972 7095944.0 100
1716918627534 7095944.0 101
1716919022428 7095944.0 102
1716919412471 7095944.0 103
1716919787080 7095944.0 104
1716920132386 7095944.0 105
1716920434319 7095944.0 106
1716920745487 7095944.0 107
1716921090283 7095944.0 108
1716921455917 7095944.0 109
1716921822765 7095944.0 110
1716922194210 7095944.0 111
1716922579032 7095944.0 112
1716922967537 7095944.0 113
1716923364364 7095944.0 114
1716923761702 7095944.0 115
1716924149948 7095944.0 116
1716924536712 7095944.0 117
1716924923629 7095944.0 118
1716925308870 7095944.0 119
1716925649366 7095944.0 120
1716925946448 7095944.0 121
1716926240886 7095944.0 122
1716926589899 7095944.0 123
1716926973793 7095944.0 124
1716927358570 7095944.0 125
1716927741773 7095944.0 126
1716928125887 7095944.0 127
1716928516606 7095944.0 128
1716928911059 7095944.0 129
1716929308525 7095944.0 130
1716929702161 7095944.0 131
1716930085992 7095944.0 132
1716930469123 7095944.0 133
1716930850591 7095944.0 134
1716931230541 7095944.0 135
1716931571084 7095944.0 136
1716931866421 7095944.0 137
1716932164353 7095944.0 138
1716932520757 7095944.0 139
1716932906593 7095944.0 140
1716933292328 7095944.0 141
1716933679269 7095944.0 142
1716934069384 7095944.0 143
1716934466168 7095944.0 144
1716934862836 7095944.0 145
1716935255570 7095944.0 146
1716935641838 7095944.0 147
1716936016829 7095944.0 148
1716936391271 7095944.0 149
1716936765493 7095944.0 150
1716937128167 7095944.0 151
1716937452984 7095944.0 152
1716937749847 7095944.0 153
1716938077737 7095944.0 154
1716938445760 7095944.0 155
1716938837229 7095944.0 156
1716939225946 7095944.0 157
1716939616937 7095944.0 158
1716940022413 7095944.0 159
1716940461145 7095944.0 160
1716940819460 7095944.0 161
1716941177221 7095944.0 162
1716941559565 7095944.0 163
1716941920359 7095944.0 164
1716942272237 7095944.0 165
1716942700333 7095944.0 166
1716943086274 7095944.0 167
1716943544214 7095944.0 168
1716943956764 7095944.0 169
1716944404896 7095944.0 170
1716944831761 7095944.0 171
1716945271625 7095944.0 172
1716945715031 7095944.0 173
1716946148422 7095944.0 174
1716946596115 7095944.0 175
1716947019684 7095944.0 176
1716947456919 7095944.0 177
1716947883090 7095944.0 178
1716948302988 7095944.0 179
1716948735823 7095944.0 180
1716949143809 7095944.0 181
1716949591209 7095944.0 182
1716949998883 7095944.0 183
1716950445218 7095944.0 184
1716950863539 7095944.0 185
1716951298132 7095944.0 186
1716951740623 7095944.0 187
1716952161402 7095944.0 188
1716952610551 7095944.0 189
1716953031998 7095944.0 190
1716953479938 7095944.0 191
1716953900887 7095944.0 192
1716954323446 7095944.0 193
1716954761806 7095944.0 194
1716955174204 7095944.0 195
1716955626794 7095944.0 196
1716956038432 7095944.0 197
1716956484696 7095944.0 198
1716956901630 7095944.0 199
1716957342446 7095944.0 200
1716957773252 7095944.0 201
1716958208183 7095944.0 202
1716958660476 7095944.0 203
1716959089051 7095944.0 204
1716959557916 7095944.0 205
1716959985152 7095944.0 206
1716960443915 7095944.0 207
1716960868446 7095944.0 208
1716961316678 7095944.0 209
1716961764260 7095944.0 210
1716962211072 7095944.0 211
1716962667964 7095944.0 212
1716963101417 7095944.0 213
1716963555190 7095944.0 214
1716963981022 7095944.0 215
1716964414969 7095944.0 216
1716964855596 7095944.0 217
1716965271477 7095944.0 218
1716965716087 7095944.0 219
1716966128679 7095944.0 220
1716966568670 7095944.0 221
1716966989454 7095944.0 222
1716967421461 7095944.0 223
1716967858391 7095944.0 224
1716968281482 7095944.0 225
1716968738301 7095944.0 226
1716969154433 7095944.0 227
1716969617636 7095944.0 228
1716970038867 7095944.0 229
1716970496432 7095944.0 230
1716970919963 7095944.0 231
1716971371668 7095944.0 232
1716971814728 7095944.0 233
1716972246493 7095944.0 234
1716972706982 7095944.0 235
1716973129847 7095944.0 236
1716973589517 7095944.0 237
1716974017221 7095944.0 238
1716974489626 7095944.0 239
1716974920032 7095944.0 240
1716975380435 7095944.0 241
1716975828686 7095944.0 242
1716976270129 7095944.0 243
