1716881790034 1.3316355062567669 0
1716881977057 1.2659346720446711 1
1716882184923 1.2369496913059899 2
1716882367197 1.2183351565314375 3
1716882536343 1.2042630732707356 4
1716882767789 1.199486599020336 5
1716882933187 1.194295686872109 6
1716883113807 1.1959314624900403 7
1716883314468 1.1976411530505056 8
1716883480447 1.1921648551588473 9
1716883704577 1.196723025130189 10
1716883877510 1.1960929434584535 11
1716884050249 1.194745008064353 12
1716884259081 1.1959478923160096 13
1716884427861 1.1927070245146751 14
1716884603626 1.1935705082572026 15
1716884818784 1.192004357667073 16
1716884990793 1.1952887138594752 17
1716885244075 1.1917812649322592 18
1716885546742 1.1924701239103856 19
1716885818113 1.1940110442431078 20
1716886110556 1.1902346257930216 21
1716886396149 1.189143327591212 22
1716886757205 1.1892266254062238 23
1716887030252 1.1911536069667858 24
1716887337857 1.19079298461261 25
1716887701383 1.1908476320297823 26
1716887979314 1.1869159982256268 27
1716888303790 1.189157867561216 28
1716888600175 1.1865686152292334 29
1716888907340 1.187813369476277 30
1716889248935 1.1861974331347838 31
1716889560828 1.1878158605617026 32
1716889868534 1.1851568231764047 33
1716890230175 1.1855781833114831 34
1716890537972 1.1871876522250797 35
1716890871367 1.1846221432737682 36
1716891212112 1.1853981241583824 37
1716891515878 1.1839508423986642 38
1716891883568 1.184090117721454 39
1716892361252 1.1785450312106505 40
1716892790461 1.1792038837852685 41
1716893220273 1.1793405021662298 42
1716893644608 1.1806478659095971 43
1716894063012 1.178547055501005 44
1716894517128 1.1808760328137355 45
1716894951586 1.1776212907355765 46
1716895399433 1.1773666875517887 47
1716895873944 1.1760330831874972 48
1716896320437 1.1737851617128954 49
1716896747834 1.1732396441309347 50
1716897180106 1.1755049367961676 51
1716897587866 1.1705132832993632 52
1716898011322 1.1716948763831803 53
1716898432562 1.167134021287379 54
1716898874540 1.1676785272100698 55
1716899322181 1.1674894246718157 56
1716899740826 1.1660639280858247 57
1716900185544 1.1660753783324491 58
1716900600693 1.1665409255934798 59
1716901038424 1.1617127980874933 60
1716901472357 1.16347429609817 61
1716901890303 1.1576103856382163 62
1716902322765 1.1586929579143939 63
1716902732575 1.1568682433470436 64
1716903190199 1.1572423013656035 65
1716903618413 1.1540741120343623 66
1716904052593 1.1549746828234715 67
1716904483863 1.153110745160476 68
1716904886711 1.1506769083764241 69
1716905313665 1.1513191863246586 70
1716905725206 1.1482482714497524 71
1716906186784 1.1497753716033439 72
1716906635652 1.1488340312372083 73
1716907063811 1.1470886222694232 74
1716907524427 1.1460201199287954 75
1716907956463 1.1477086080805114 76
1716908398611 1.1435265424458876 77
1716908839307 1.1410930496842966 78
1716909261788 1.1404165499236272 79
1716909697325 1.1356500986477602 80
1716910111855 1.1387708180624505 81
1716910564890 1.1359607716617377 82
1716910992526 1.1343531294361404 83
1716911437079 1.1328497451284658 84
1716911894781 1.1342278628245643 85
1716912304305 1.1337677742476049 86
1716912731747 1.1317566435622133 87
1716913143332 1.1272013861200083 88
1716913593614 1.1265161601097688 89
1716914024942 1.128323430924312 90
1716914481021 1.1254814707714578 91
1716914938190 1.125716432929039 92
1716915364324 1.123904979099398 93
1716915786672 1.1228059390964715 94
1716916221788 1.1228917066169821 95
1716916627711 1.1191415767306867 96
1716917035274 1.1184722732590593 97
1716917440775 1.1189742807460867 98
1716917838617 1.115541124149509 99
1716918232967 1.1137658004527506 100
1716918627524 1.1149144849699477 101
1716919022418 1.1138764671657397 102
1716919412461 1.1137157905360926 103
1716919787069 1.1114615817432818 104
1716920132377 1.111116666832696 105
1716920434315 1.1085727013971494 106
1716920745483 1.107064289243325 107
1716921090279 1.1071393016887747 108
1716921455913 1.1063159921247026 109
1716921822754 1.105978656074275 110
1716922194204 1.1011595006870187 111
1716922579022 1.1014026986516041 112
1716922967533 1.102430076378843 113
1716923364360 1.1033924260865087 114
1716923761697 1.1005601225339847 115
1716924149938 1.1005535977690115 116
1716924536706 1.100168893194717 117
1716924923619 1.0989594372070355 118
1716925308866 1.099349103220131 119
1716925649362 1.0948239558416863 120
1716925946444 1.0953708508092423 121
1716926240882 1.094072847586611 122
1716926589895 1.0946183259720388 123
1716926973787 1.0939397222321967 124
1716927358559 1.092171899650408 125
1716927741768 1.0898652760230976 126
1716928125883 1.0892015569235967 127
1716928516599 1.0894003167100574 128
1716928911054 1.0901872279203457 129
1716929308516 1.0874784070512522 130
1716929702157 1.0876061236080916 131
1716930085983 1.088032398858796 132
1716930469116 1.0847941883232282 133
1716930850581 1.086471398887427 134
1716931230531 1.086008550680202 135
1716931571081 1.0847598042177118 136
1716931866417 1.0821386763583059 137
1716932164349 1.0817323165095372 138
1716932520753 1.0818202787119409 139
1716932906589 1.0815976958559907 140
1716933292324 1.0788465599003045 141
1716933679265 1.0796298326357552 142
1716934069380 1.080060218339381 143
1716934466163 1.0767205078964648 144
1716934862826 1.0803327615494314 145
1716935255565 1.0792976721473362 146
1716935641833 1.0752636942526568 147
1716936016820 1.0776822424453238 148
1716936391265 1.076419520313325 149
1716936765486 1.0765270969789962 150
1716937128160 1.0750690776368845 151
1716937452979 1.077202504095824 152
1716937749841 1.0735294151565302 153
1716938077733 1.0740949919690257 154
1716938445756 1.0747160244247187 155
1716938837225 1.0721008262556533 156
1716939225942 1.0737677132305892 157
1716939616934 1.069206582463306 158
1716940022403 1.0709698916129444 159
1716940461139 1.068805998110253 160
1716940819456 1.0683401978534202 161
1716941177216 1.0722492797219234 162
1716941559561 1.070648349173691 163
1716941920355 1.0693368652592534 164
1716942272233 1.0674326735670152 165
1716942700323 1.069878595030826 166
1716943086268 1.0659726919687313 167
1716943544209 1.0659447228131087 168
1716943956756 1.0675420942513838 169
1716944404887 1.0663978748995324 170
1716944831752 1.0639321198282035 171
1716945271615 1.0647782600768234 172
1716945715026 1.0634560993184214 173
1716946148415 1.0641236486642256 174
1716946596111 1.0625371971855992 175
1716947019674 1.0622076703154522 176
1716947456913 1.0636203596773355 177
1716947883080 1.0630201130457546 178
1716948302979 1.0607946631701097 179
1716948735818 1.0595136466233626 180
1716949143803 1.0631962723058204 181
1716949591204 1.0598137977978457 182
1716949998874 1.0613513226094453 183
1716950445209 1.0593072265062644 184
1716950863535 1.0576639272596524 185
1716951298122 1.0620282041313855 186
1716951740615 1.060535599032174 187
1716952161392 1.0579557091645573 188
1716952610547 1.0589855491467144 189
1716953031989 1.0594307989206002 190
1716953479927 1.0624061171775279 191
1716953900876 1.0628363185602685 192
1716954323437 1.0574007222185964 193
1716954761796 1.0554795880680499 194
1716955174200 1.0549399917540343 195
1716955626785 1.0574234354755152 196
1716956038427 1.0542023625710737 197
1716956484686 1.056534378748873 198
1716956901626 1.0557654415783675 199
1716957342440 1.0548533764870272 200
1716957773245 1.0547520361192848 201
1716958208177 1.057017540478188 202
1716958660470 1.054798914524524 203
1716959089044 1.0518293393694835 204
1716959557906 1.0550939601076685 205
1716959985145 1.0588472458007543 206
1716960443907 1.0632241475193396 207
1716960868441 1.0534353936495988 208
1716961316670 1.0516860622750677 209
1716961764254 1.0542852740896784 210
1716962211062 1.0510737633575564 211
1716962667953 1.0501714141472527 212
1716963101412 1.0518463728544505 213
1716963555177 1.0510296264420385 214
1716963981011 1.0484583049040774 215
1716964414962 1.0497620397287866 216
1716964855587 1.048652791944535 217
1716965271467 1.0490076183948829 218
1716965716082 1.0505784830969314 219
1716966128668 1.0491154074021007 220
1716966568665 1.04993562027812 221
1716966989446 1.0657897887994414 222
1716967421452 1.0592357992478039 223
1716967858381 1.049346205494974 224
1716968281473 1.0496567967145338 225
1716968738291 1.0444808270296324 226
1716969154424 1.046623096031987 227
1716969617628 1.046478731152804 228
1716970038861 1.0472362781672373 229
1716970496423 1.0469885304894135 230
1716970919954 1.0461797884300998 231
1716971371664 1.048487279240204 232
1716971814722 1.0460468069042848 233
1716972246488 1.0547208868615006 234
1716972706976 1.0463187296105467 235
1716973129842 1.044658889103195 236
1716973589507 1.0435216566142829 237
1716974017216 1.043758259681256 238
1716974489615 1.0422313078914 239
1716974920027 1.0485068434930367 240
1716975380429 1.0528815375721974 241
1716975828677 1.044212690514067 242
1716976270116 1.043208065888156 243
