1716881790032 1.0000000000000025e-05 0
1716881977052 1.0000000000000025e-05 1
1716882184921 8.003124999999968e-06 2
1716882367192 6.0062500000000604e-06 3
1716882536339 4.009374999999988e-06 4
1716882767785 2.0124999999999833e-06 5
1716882933182 2.2466619467402448e-08 6
1716883113802 2.5475941674487975e-08 7
1716883314467 2.903163323102732e-08 8
1716883480445 3.3133304215366015e-08 9
1716883704574 3.778050483306144e-08 10
1716883877505 4.297272546619879e-08 11
1716884050245 4.870939672927125e-08 12
1716884259078 5.49898895316292e-08 13
1716884427856 6.181351514646609e-08 14
1716884603621 6.917952528633214e-08 15
1716884818778 7.708711218521171e-08 16
1716884990791 8.553540868708854e-08 17
1716885244073 9.452348834105113e-08 18
1716885546740 1.0405036550287583e-07 19
1716885818109 1.1411499544312158e-07 20
1716886110554 1.2471627446170628e-07 21
1716886396147 1.358530400089085e-07 22
1716886757203 1.475240708128939e-07 23
1716887030250 1.5972808701361503e-07 24
1716887337855 1.724637503031639e-07 25
1716887701382 1.8572966407254309e-07 26
1716887979309 1.9952437356481683e-07 27
1716888303785 2.1384636603463626e-07 28
1716888600171 2.286940709141318e-07 29
1716888907337 2.4406585998515125e-07 30
1716889248932 2.599600475577902e-07 31
1716889560825 2.7637489065527124e-07 32
1716889868532 2.933085892050718e-07 33
1716890230173 3.1075928623633015e-07 34
1716890537967 3.287250680834453e-07 35
1716890871362 3.47203964596002e-07 36
1716891212108 3.6619394935474757e-07 37
1716891515873 3.856929398938512e-07 38
1716891883564 4.056987979292807e-07 39
1716892361247 4.262093295932499e-07 40
1716892790458 4.4722228567482944e-07 41
1716893220270 4.687353618665841e-07 42
1716893644605 4.907461990172981e-07 43
1716894063008 5.132523833906086e-07 44
1716894517125 5.362514469298027e-07 45
1716894951584 5.59740867528378e-07 46
1716895399431 5.837180693066703e-07 47
1716895873941 6.081804228942952e-07 48
1716896320434 6.331252457185211e-07 49
1716896747829 6.585498022984265e-07 50
1716897180101 6.844513045448764e-07 51
1716897587860 7.108269120662543e-07 52
1716898011320 7.376737324799665e-07 53
1716898432559 7.649888217296421e-07 54
1716898874538 7.927691844079053e-07 55
1716899322175 8.210117740849533e-07 56
1716899740821 8.497134936425584e-07 57
1716900185542 8.788711956137128e-07 58
1716900600689 9.084816825278342e-07 59
1716901038422 9.385417072613598e-07 60
1716901472352 9.690479733938212e-07 61
1716901890300 9.999971355693637e-07 62
1716902322762 1.031385799863593e-06 63
1716902732571 1.0632105241557284e-06 64
1716903190196 1.0954678185061582e-06 65
1716903618411 1.1281541455390317e-06 66
1716904052589 1.1612659208302357e-06 67
1716904483861 1.194799513300497e-06 68
1716904886708 1.228751245613497e-06 69
1716905313660 1.2631173945791842e-06 70
1716905725202 1.297894191562077e-06 71
1716906186779 1.3330778228944585e-06 72
1716906635650 1.3686644302946676e-06 73
1716907063806 1.404650111290203e-06 74
1716907524424 1.441030919645612e-06 75
1716907956461 1.4778028657952769e-06 76
1716908398606 1.5149619172809396e-06 77
1716908839305 1.5525039991938312e-06 78
1716909261783 1.5904249946216246e-06 79
1716909697323 1.6287207450998334e-06 80
1716910111852 1.667387051067888e-06 81
1716910564889 1.7064196723295887e-06 82
1716910992524 1.745814328518149e-06 83
1716911437075 1.7855666995655862e-06 84
1716911894776 1.8256724261764752e-06 85
1716912304303 1.8661271103058944e-06 86
1716912731743 1.90692631564189e-06 87
1716913143328 1.948065568091773e-06 88
1716913593611 1.989540356272978e-06 89
1716914024940 2.0313461320075974e-06 90
1716914481017 2.0734783108211794e-06 91
1716914938185 2.1159322724455386e-06 92
1716915364323 2.1587033613253864e-06 93
1716915786669 2.2017868871288e-06 94
1716916221786 2.24517812526173e-06 95
1716916627709 2.288872317385913e-06 96
1716917035272 2.3328646719407834e-06 97
1716917440773 2.37715036466895e-06 98
1716917838613 2.4217245391450847e-06 99
1716918232964 2.4665823073087004e-06 100
1716918627519 2.5117187500000123e-06 101
1716919022413 2.557128917499428e-06 102
1716919412456 2.602807830070321e-06 103
1716919787064 2.648750478505253e-06 104
1716920132372 2.694951824675084e-06 105
1716920434313 2.7414068020814956e-06 106
1716920745481 2.7881103164127636e-06 107
1716921090277 2.8350572461022258e-06 108
1716921455912 2.882242442890016e-06 109
1716921822750 2.9296607323875374e-06 110
1716922194202 2.9773069146450246e-06 111
1716922579018 3.0251757647216806e-06 112
1716922967531 3.07326203325864e-06 113
1716923364359 3.1215604470546773e-06 114
1716923761695 3.1700657096444514e-06 115
1716924149935 3.2187725018793173e-06 116
1716924536705 3.2676754825105994e-06 117
1716924923614 3.316769288775446e-06 118
1716925308864 3.366048536984718e-06 119
1716925649360 3.415507823113528e-06 120
1716925946442 3.4651417233938258e-06 121
1716926240881 3.514944794909071e-06 122
1716926589893 3.564911576191242e-06 123
1716926973785 3.6150365878197936e-06 124
1716927358555 3.6653143330222084e-06 125
1716927741765 3.7157392982772397e-06 126
1716928125881 3.7663059539192003e-06 127
1716928516597 3.817008754744453e-06 128
1716928911051 3.867842140619456e-06 129
1716929308512 3.918800537090712e-06 130
1716929702156 3.9698783559957264e-06 131
1716930085978 4.021069996076094e-06 132
1716930469112 4.072369843591596e-06 133
1716930850577 4.123772272935842e-06 134
1716931230526 4.1752716472532246e-06 135
1716931571079 4.226862319056994e-06 136
1716931866415 4.278538630848607e-06 137
1716932164347 4.330294915738136e-06 138
1716932520752 4.382125498065707e-06 139
1716932906588 4.434024694023928e-06 140
1716933292323 4.485986812281013e-06 141
1716933679264 4.5380061546052005e-06 142
1716934069379 4.590077016489436e-06 143
1716934466161 4.642193687776927e-06 144
1716934862822 4.6943504532872365e-06 145
1716935255562 4.746541593443408e-06 146
1716935641831 4.798761384898779e-06 147
1716936016815 4.851004101164663e-06 148
1716936391264 4.903264013238522e-06 149
1716936765483 4.955535390232201e-06 150
1716937128157 5.0078125000000175e-06 151
1716937452977 5.060089609767829e-06 152
1716937749839 5.1123609867614116e-06 153
1716938077731 5.164620898835367e-06 154
1716938445754 5.216863615101251e-06 155
1716938837224 5.269083406556597e-06 156
1716939225940 5.321274546712768e-06 157
1716939616932 5.373431312223071e-06 158
1716940022398 5.4255479835104924e-06 159
1716940461137 5.4776188453947355e-06 160
1716940819453 5.529638187719017e-06 161
1716941177215 5.5816003059760985e-06 162
1716941559559 5.633499501934289e-06 163
1716941920354 5.685330084261873e-06 164
1716942272232 5.737086369151428e-06 165
1716942700319 5.788762680943013e-06 166
1716943086266 5.8403533527468105e-06 167
1716943544207 5.891852727064171e-06 168
1716943956753 5.943255156408415e-06 169
1716944404883 5.994555003923943e-06 170
1716944831747 6.045746644004279e-06 171
1716945271611 6.096824462909294e-06 172
1716945715024 6.147782859380545e-06 173
1716946148412 6.1986162452555725e-06 174
1716946596109 6.249319046080799e-06 175
1716947019670 6.299885701722735e-06 176
1716947456910 6.350310666977803e-06 177
1716947883076 6.400588412180238e-06 178
1716948302975 6.450713423808739e-06 179
1716948735815 6.5006802050909895e-06 180
1716949143801 6.550483276606198e-06 181
1716949591202 6.600117176886485e-06 182
1716949998869 6.64957646301527e-06 183
1716950445204 6.6988557112245335e-06 184
1716950863533 6.747949517489424e-06 185
1716951298117 6.796852498120632e-06 186
1716951740612 6.845559290355497e-06 187
1716952161388 6.894064552945354e-06 188
1716952610545 6.942362966741375e-06 189
1716953031985 6.990449235278315e-06 190
1716953479922 7.038318085354949e-06 191
1716953900871 7.0859642676124045e-06 192
1716954323433 7.133382557110002e-06 193
1716954761793 7.180567753897735e-06 194
1716955174198 7.227514683587256e-06 195
1716955626782 7.274218197918479e-06 196
1716956038425 7.320673175324879e-06 197
1716956484681 7.366874521494696e-06 198
1716956901625 7.412817169929704e-06 199
1716957342439 7.458496082500599e-06 200
1716957773241 7.5039062499999575e-06 201
1716958208175 7.549042692691319e-06 202
1716958660468 7.593900460854934e-06 203
1716959089041 7.638474635331067e-06 204
1716959557901 7.682760328059246e-06 205
1716959985141 7.726752682614122e-06 206
1716960443903 7.770446874738289e-06 207
1716960868439 7.813838112871237e-06 208
1716961316668 7.856921638674645e-06 209
1716961764252 7.899692727554476e-06 210
1716962211057 7.942146689178854e-06 211
1716962667948 7.984278867992436e-06 212
1716963101410 8.026084643726987e-06 213
1716963555172 8.067559431908271e-06 214
1716963981005 8.108698684358066e-06 215
1716964414959 8.14949788969414e-06 216
1716964855584 8.18995257382356e-06 217
1716965271463 8.23005830043446e-06 218
1716965716081 8.269810671481787e-06 219
1716966128663 8.309205327670413e-06 220
1716966568664 8.348237948932165e-06 221
1716966989444 8.386904254900119e-06 222
1716967421447 8.425200005378409e-06 223
1716967858376 8.463121000806248e-06 224
1716968281469 8.500663082719098e-06 225
1716968738287 8.537822134204757e-06 226
1716969154419 8.574594080354364e-06 227
1716969617625 8.610974888709757e-06 228
1716970038859 8.646960569705247e-06 229
1716970496419 8.682547177105576e-06 230
1716970919949 8.717730808437867e-06 231
1716971371661 8.752507605420794e-06 232
1716971814719 8.786873754386452e-06 233
1716972246486 8.820825486699492e-06 234
1716972706974 8.854359079169712e-06 235
1716973129840 8.887470854460946e-06 236
1716973589503 8.920157181493875e-06 237
1716974017213 8.952414475844274e-06 238
1716974489612 8.984239200136367e-06 239
1716974920025 9.015627864430702e-06 240
1716975380426 9.046577026606158e-06 241
1716975828672 9.077083292738696e-06 242
1716976270110 9.10714331747211e-06 243
