1718581666160 0.0 0
1718582522810 1.0 1
1718583410611 2.0 2
1718584297567 3.0 3
1718585181162 4.0 4
1718586085223 5.0 5
1718586977561 6.0 6
1718587861579 7.0 7
1718588749404 8.0 8
1718589646876 9.0 9
1718590543132 10.0 10
1718591449528 11.0 11
1718592353259 12.0 12
1718593259724 13.0 13
1718594157719 14.0 14
1718595075013 15.0 15
1718595982804 16.0 16
1718596889621 17.0 17
1718597804897 18.0 18
1718598707477 19.0 19
1718599606453 20.0 20
1718600517441 21.0 21
1718601423882 22.0 22
1718602328288 23.0 23
1718603228658 24.0 24
1718603933461 25.0 25
1718604513931 26.0 26
1718605068377 27.0 27
1718605845613 28.0 28
1718606743613 29.0 29
1718607641795 30.0 30
1718608545082 31.0 31
1718609447430 32.0 32
1718610350512 33.0 33
1718611254792 34.0 34
1718612183231 35.0 35
1718613089811 36.0 36
1718613998091 37.0 37
1718614911734 38.0 38
1718615814200 39.0 39
1718616673217 40.0 40
1718617508444 41.0 41
1718618318019 42.0 42
1718619139297 43.0 43
1718619954644 44.0 44
1718620627157 45.0 45
1718621437347 46.0 46
1718622252357 47.0 47
1718623066103 48.0 48
1718623877910 49.0 49
1718624687976 50.0 50
1718625502126 51.0 51
1718626309456 52.0 52
1718627117785 53.0 53
1718627943940 54.0 54
1718628758983 55.0 55
1718629578415 56.0 56
1718630151602 57.0 57
1718630735901 58.0 58
1718631329300 59.0 59
1718631896822 60.0 60
1718632452862 61.0 61
1718632991191 62.0 62
1718633553967 63.0 63
1718634117401 64.0 64
1718634671122 65.0 65
1718635223218 66.0 66
1718635754044 67.0 67
1718636329851 68.0 68
1718636873026 69.0 69
1718637413671 70.0 70
1718637975052 71.0 71
1718638532994 72.0 72
1718639127447 73.0 73
1718639730018 74.0 74
1718640328317 75.0 75
1718640861414 76.0 76
1718641418170 77.0 77
1718641993798 78.0 78
1718642566136 79.0 79
1718643123531 80.0 80
1718643665081 81.0 81
1718644211707 82.0 82
1718644761465 83.0 83
1718645320986 84.0 84
1718645892092 85.0 85
1718646452855 86.0 86
1718647027581 87.0 87
1718647566354 88.0 88
1718648109526 89.0 89
1718648656794 90.0 90
1718649200147 91.0 91
1718649749962 92.0 92
1718650294156 93.0 93
1718650839087 94.0 94
1718651381270 95.0 95
1718651926691 96.0 96
1718652475108 97.0 97
1718653020672 98.0 98
1718653568551 99.0 99
1718654111764 100.0 100
1718654656349 101.0 101
1718655075887 102.0 102
1718655362290 103.0 103
1718655647711 104.0 104
1718655933252 105.0 105
1718656218319 106.0 106
1718656503696 107.0 107
1718656789420 108.0 108
1718657074783 109.0 109
1718657361425 110.0 110
1718657647463 111.0 111
1718657933446 112.0 112
1718658217583 113.0 113
1718658501505 114.0 114
1718658785835 115.0 115
1718659070352 116.0 116
1718659355627 117.0 117
1718659641950 118.0 118
1718659927248 119.0 119
1718660213080 120.0 120
1718660497746 121.0 121
1718660782826 122.0 122
1718661068011 123.0 123
1718661354013 124.0 124
1718661639125 125.0 125
1718661925253 126.0 126
1718662208835 127.0 127
1718662492146 128.0 128
1718662776591 129.0 129
1718663061179 130.0 130
1718663345313 131.0 131
1718663629324 132.0 132
1718663914199 133.0 133
1718664198021 134.0 134
1718664484134 135.0 135
1718664768333 136.0 136
1718665053230 137.0 137
1718665338352 138.0 138
1718665623852 139.0 139
1718665908776 140.0 140
1718666194693 141.0 141
1718666479265 142.0 142
1718666764378 143.0 143
1718667047976 144.0 144
1718667330757 145.0 145
1718667613381 146.0 146
1718667896779 147.0 147
1718668517932 148.0 148
1718669304117 149.0 149
1718670104265 150.0 150
1718670926947 151.0 151
1718671748535 152.0 152
1718672553066 153.0 153
1718673348482 154.0 154
1718674135744 155.0 155
1718674943854 156.0 156
1718675752768 157.0 157
1718676552119 158.0 158
1718677349051 159.0 159
1718678145899 160.0 160
1718678947726 161.0 161
1718679763196 162.0 162
1718680458488 163.0 163
1718681015815 164.0 164
1718681565199 165.0 165
1718682147586 166.0 166
1718682763227 167.0 167
1718683367184 168.0 168
1718683916463 169.0 169
1718684508931 170.0 170
1718685029014 171.0 171
1718685638335 172.0 172
1718686233247 173.0 173
1718686827940 174.0 174
1718687383968 175.0 175
1718687993342 176.0 176
1718688598765 177.0 177
1718689206450 178.0 178
1718689803017 179.0 179
1718690421313 180.0 180
1718691026549 181.0 181
1718691597490 182.0 182
1718692179397 183.0 183
1718692736111 184.0 184
1718693313912 185.0 185
1718693867299 186.0 186
1718694381418 187.0 187
1718694997486 188.0 188
1718695572833 189.0 189
1718696146334 190.0 190
1718696733196 191.0 191
1718697328871 192.0 192
1718697868707 193.0 193
1718698485289 194.0 194
1718699046074 195.0 195
1718699604344 196.0 196
1718700198374 197.0 197
1718700799772 198.0 198
1718701366051 199.0 199
1718701970143 200.0 200
1718702575658 201.0 201
1718703191471 202.0 202
1718703725877 203.0 203
1718704298286 204.0 204
1718704836865 205.0 205
1718705446952 206.0 206
1718706047610 207.0 207
1718706604538 208.0 208
1718707198237 209.0 209
1718707807891 210.0 210
1718708341785 211.0 211
1718708889422 212.0 212
1718709461520 213.0 213
1718709963381 214.0 214
1718710569399 215.0 215
1718711164379 216.0 216
1718711737314 217.0 217
1718712283303 218.0 218
1718712825723 219.0 219
1718713390744 220.0 220
1718713939915 221.0 221
1718714501063 222.0 222
1718715069273 223.0 223
1718715640866 224.0 224
1718716197044 225.0 225
1718716735072 226.0 226
1718717303557 227.0 227
1718717869926 228.0 228
1718718439313 229.0 229
1718718980455 230.0 230
1718719532381 231.0 231
1718720079941 232.0 232
1718720631516 233.0 233
1718721178558 234.0 234
1718721726627 235.0 235
1718722270231 236.0 236
1718722818994 237.0 237
1718723368981 238.0 238
1718723915688 239.0 239
1718724465428 240.0 240
1718725013368 241.0 241
1718725564362 242.0 242
1718726110653 243.0 243
1718726656711 244.0 244
1718727198261 245.0 245
1718727745459 246.0 246
1718728295656 247.0 247
1718728842804 248.0 248
1718729277549 249.0 249
