1718581666162 7080504.0 0
1718582522812 7080504.0 1
1718583410613 7080504.0 2
1718584297569 7080504.0 3
1718585181164 7080504.0 4
1718586085225 7080504.0 5
1718586977561 7080504.0 6
1718587861581 7080504.0 7
1718588749406 7080504.0 8
1718589646877 7080504.0 9
1718590543134 7080504.0 10
1718591449529 7080504.0 11
1718592353261 7080504.0 12
1718593259726 7080504.0 13
1718594157721 7080504.0 14
1718595075014 7080504.0 15
1718595982806 7080504.0 16
1718596889623 7080504.0 17
1718597804899 7080504.0 18
1718598707479 7080504.0 19
1718599606454 7080504.0 20
1718600517443 7080504.0 21
1718601423882 7080504.0 22
1718602328289 7080504.0 23
1718603228659 7080504.0 24
1718603933462 7080504.0 25
1718604513933 7080504.0 26
1718605068379 7080504.0 27
1718605845614 7080504.0 28
1718606743614 7080504.0 29
1718607641796 7080504.0 30
1718608545084 7080504.0 31
1718609447432 7080504.0 32
1718610350513 7080504.0 33
1718611254794 7080504.0 34
1718612183232 7080504.0 35
1718613089813 7080504.0 36
1718613998092 7080504.0 37
1718614911736 7080504.0 38
1718615814202 7080504.0 39
1718616673218 7080504.0 40
1718617508445 7080504.0 41
1718618318021 7080504.0 42
1718619139299 7080504.0 43
1718619954646 7080504.0 44
1718620627159 7080504.0 45
1718621437348 7080504.0 46
1718622252359 7080504.0 47
1718623066105 7080504.0 48
1718623877912 7080504.0 49
1718624687977 7080504.0 50
1718625502126 7080504.0 51
1718626309458 7080504.0 52
1718627117786 7080504.0 53
1718627943941 7080504.0 54
1718628758984 7080504.0 55
1718629578416 7080504.0 56
1718630151603 7080504.0 57
1718630735903 7080504.0 58
1718631329301 7080504.0 59
1718631896824 7080504.0 60
1718632452863 7080504.0 61
1718632991193 7080504.0 62
1718633553968 7080504.0 63
1718634117402 7080504.0 64
1718634671124 7080504.0 65
1718635223219 7080504.0 66
1718635754046 7080504.0 67
1718636329853 7080504.0 68
1718636873028 7080504.0 69
1718637413673 7080504.0 70
1718637975053 7080504.0 71
1718638532995 7080504.0 72
1718639127449 7080504.0 73
1718639730020 7080504.0 74
1718640328319 7080504.0 75
1718640861415 7080504.0 76
1718641418171 7080504.0 77
1718641993798 7080504.0 78
1718642566137 7080504.0 79
1718643123533 7080504.0 80
1718643665082 7080504.0 81
1718644211709 7080504.0 82
1718644761465 7080504.0 83
1718645320988 7080504.0 84
1718645892094 7080504.0 85
1718646452856 7080504.0 86
1718647027582 7080504.0 87
1718647566356 7080504.0 88
1718648109528 7080504.0 89
1718648656796 7080504.0 90
1718649200149 7080504.0 91
1718649749963 7080504.0 92
1718650294158 7080504.0 93
1718650839089 7080504.0 94
1718651381272 7080504.0 95
1718651926693 7080504.0 96
1718652475110 7080504.0 97
1718653020674 7080504.0 98
1718653568553 7080504.0 99
1718654111765 7080504.0 100
1718654656351 7080504.0 101
1718655075889 7080504.0 102
1718655362292 7080504.0 103
1718655647712 7080504.0 104
1718655933254 7080504.0 105
1718656218320 7080504.0 106
1718656503698 7080504.0 107
1718656789422 7080504.0 108
1718657074785 7080504.0 109
1718657361427 7080504.0 110
1718657647465 7080504.0 111
1718657933448 7080504.0 112
1718658217584 7080504.0 113
1718658501507 7080504.0 114
1718658785837 7080504.0 115
1718659070354 7080504.0 116
1718659355629 7080504.0 117
1718659641952 7080504.0 118
1718659927249 7080504.0 119
1718660213082 7080504.0 120
1718660497748 7080504.0 121
1718660782828 7080504.0 122
1718661068013 7080504.0 123
1718661354015 7080504.0 124
1718661639127 7080504.0 125
1718661925255 7080504.0 126
1718662208837 7080504.0 127
1718662492147 7080504.0 128
1718662776593 7080504.0 129
1718663061180 7080504.0 130
1718663345315 7080504.0 131
1718663629326 7080504.0 132
1718663914201 7080504.0 133
1718664198022 7080504.0 134
1718664484136 7080504.0 135
1718664768335 7080504.0 136
1718665053231 7080504.0 137
1718665338353 7080504.0 138
1718665623854 7080504.0 139
1718665908778 7080504.0 140
1718666194695 7080504.0 141
1718666479267 7080504.0 142
1718666764380 7080504.0 143
1718667047978 7080504.0 144
1718667330758 7080504.0 145
1718667613383 7080504.0 146
1718667896781 7080504.0 147
1718668517933 7080504.0 148
1718669304118 7080504.0 149
1718670104266 7080504.0 150
1718670926948 7080504.0 151
1718671748537 7080504.0 152
1718672553067 7080504.0 153
1718673348483 7080504.0 154
1718674135746 7080504.0 155
1718674943855 7080504.0 156
1718675752769 7080504.0 157
1718676552120 7080504.0 158
1718677349052 7080504.0 159
1718678145901 7080504.0 160
1718678947727 7080504.0 161
1718679763197 7080504.0 162
1718680458489 7080504.0 163
1718681015817 7080504.0 164
1718681565200 7080504.0 165
1718682147588 7080504.0 166
1718682763229 7080504.0 167
1718683367185 7080504.0 168
1718683916465 7080504.0 169
1718684508933 7080504.0 170
1718685029015 7080504.0 171
1718685638336 7080504.0 172
1718686233249 7080504.0 173
1718686827941 7080504.0 174
1718687383970 7080504.0 175
1718687993344 7080504.0 176
1718688598767 7080504.0 177
1718689206452 7080504.0 178
1718689803019 7080504.0 179
1718690421315 7080504.0 180
1718691026551 7080504.0 181
1718691597491 7080504.0 182
1718692179399 7080504.0 183
1718692736113 7080504.0 184
1718693313914 7080504.0 185
1718693867300 7080504.0 186
1718694381420 7080504.0 187
1718694997487 7080504.0 188
1718695572834 7080504.0 189
1718696146336 7080504.0 190
1718696733197 7080504.0 191
1718697328872 7080504.0 192
1718697868708 7080504.0 193
1718698485291 7080504.0 194
1718699046075 7080504.0 195
1718699604345 7080504.0 196
1718700198375 7080504.0 197
1718700799773 7080504.0 198
1718701366052 7080504.0 199
1718701970144 7080504.0 200
1718702575659 7080504.0 201
1718703191472 7080504.0 202
1718703725879 7080504.0 203
1718704298287 7080504.0 204
1718704836866 7080504.0 205
1718705446954 7080504.0 206
1718706047612 7080504.0 207
1718706604540 7080504.0 208
1718707198239 7080504.0 209
1718707807893 7080504.0 210
1718708341786 7080504.0 211
1718708889424 7080504.0 212
1718709461521 7080504.0 213
1718709963382 7080504.0 214
1718710569401 7080504.0 215
1718711164381 7080504.0 216
1718711737316 7080504.0 217
1718712283304 7080504.0 218
1718712825724 7080504.0 219
1718713390746 7080504.0 220
1718713939917 7080504.0 221
1718714501065 7080504.0 222
1718715069274 7080504.0 223
1718715640867 7080504.0 224
1718716197045 7080504.0 225
1718716735074 7080504.0 226
1718717303558 7080504.0 227
1718717869928 7080504.0 228
1718718439314 7080504.0 229
1718718980456 7080504.0 230
1718719532383 7080504.0 231
1718720079943 7080504.0 232
1718720631517 7080504.0 233
1718721178559 7080504.0 234
1718721726628 7080504.0 235
1718722270234 7080504.0 236
1718722818995 7080504.0 237
1718723368983 7080504.0 238
1718723915689 7080504.0 239
1718724465429 7080504.0 240
1718725013369 7080504.0 241
1718725564363 7080504.0 242
1718726110654 7080504.0 243
1718726656712 7080504.0 244
1718727198263 7080504.0 245
1718727745459 7080504.0 246
1718728295658 7080504.0 247
1718728842804 7080504.0 248
1718729277551 7080504.0 249
