1718581666145 9.999999999999821e-06 0
1718582522798 9.999999999999821e-06 1
1718583410597 8.003125000000054e-06 2
1718584297553 6.006250000000084e-06 3
1718585181148 4.009374999999961e-06 4
1718586085208 2.0124999999999786e-06 5
1718586977556 2.547594167448766e-08 6
1718587861572 2.9808302605216855e-08 7
1718588749391 3.492674810556928e-08 8
1718589646864 4.0830469913665624e-08 9
1718590543119 4.751853576339509e-08 10
1718591449514 5.498988953162855e-08 11
1718592353246 6.324335140500137e-08 12
1718593259709 7.227761806619712e-08 13
1718594157706 8.209126289978645e-08 14
1718595074999 9.268273621748121e-08 15
1718595982792 1.0405036550287616e-07 16
1718596889607 1.1619235567551963e-07 17
1718597804885 1.2910678937440756e-07 18
1718598707464 1.4279162726075904e-07 19
1718599606441 1.5724470834002356e-07 20
1718600517428 1.7246375030316084e-07 21
1718601423876 1.884463498870155e-07 22
1718602328276 2.051899832538382e-07 23
1718603228653 2.2269200638982295e-07 24
1718603933453 2.409496555226157e-07 25
1718604513917 2.599600475577924e-07 26
1718605068363 2.797201805340524e-07 27
1718605845602 3.002269340973366e-07 28
1718606743608 3.214770699935485e-07 29
1718607641788 3.434672325798837e-07 30
1718608545070 3.6619394935474794e-07 31
1718609447418 3.8965363150610546e-07 32
1718610350502 4.138425744781937e-07 33
1718611254780 4.387569585565078e-07 34
1718612183226 4.643928494709907e-07 35
1718613089797 4.907461990173027e-07 36
1718613998080 5.17812845696017e-07 37
1718614911721 5.455885153698624e-07 38
1718615814187 5.740688219386374e-07 39
1718616673212 6.032492680317479e-07 40
1718617508432 6.331252457185202e-07 41
1718618318006 6.636920372357199e-07 42
1718619139284 6.949448157326387e-07 43
1718619954631 7.268786460332559e-07 44
1718620627144 7.594884854155556e-07 45
1718621437337 7.927691844079031e-07 46
1718622252343 8.267154876021116e-07 47
1718623066089 8.613220344833964e-07 48
1718623877897 8.965833602768404e-07 49
1718624687965 9.32493896810314e-07 50
1718625502119 9.690479733938117e-07 51
1718626309442 1.0062398177149302e-06 52
1718627117779 1.044063556750281e-06 53
1718627943935 1.0825132176929678e-06 54
1718628758978 1.1215827288958545e-06 55
1718629578407 1.1612659208302355e-06 56
1718630151595 1.2015565270600477e-06 57
1718630735888 1.2424481852314805e-06 58
1718631329294 1.2839344380777264e-06 59
1718631896809 1.3260087344384783e-06 60
1718632452857 1.3686644302946887e-06 61
1718632991178 1.4118947898174135e-06 62
1718633553961 1.4556929864317493e-06 63
1718634117390 1.5000521038948211e-06 64
1718634671109 1.5449651373876432e-06 65
1718635223212 1.5904249946216246e-06 66
1718635754030 1.6364244969583511e-06 67
1718636329838 1.6829563805430792e-06 68
1718636873013 1.7300132974520331e-06 69
1718637413658 1.777587816852539e-06 70
1718637975044 1.8256724261764502e-06 71
1718638532983 1.8742595323066096e-06 72
1718639127434 1.9233414627756142e-06 73
1718639730004 1.9729104669776914e-06 74
1718640328304 2.0229587173925443e-06 75
1718640861408 2.0734783108211434e-06 76
1718641418158 2.124461269634135e-06 77
1718641993790 2.1758995430312897e-06 78
1718642566127 2.227785008312895e-06 79
1718643123524 2.280109472162528e-06 80
1718643665075 2.3328646719408296e-06 81
1718644211694 2.3860422769901118e-06 82
1718644761458 2.439633889950162e-06 83
1718645320973 2.493631048083954e-06 84
1718645892079 2.5480252246143407e-06 85
1718646452850 2.60280783007036e-06 86
1718647027572 2.6579702136434156e-06 87
1718647566342 2.713503664553698e-06 88
1718648109512 2.7693994134255832e-06 89
1718648656782 2.825648633672287e-06 90
1718649200133 2.8822424428900285e-06 91
1718649749951 2.9391719042600903e-06 92
1718650294143 2.99642802796067e-06 93
1718650839073 3.054001772586149e-06 94
1718651381257 3.1118840465747476e-06 95
1718651926678 3.170065709644442e-06 96
1718652475096 3.228537574236213e-06 97
1718653020661 3.287290406964755e-06 98
1718653568539 3.3463149300766618e-06 99
1718654111757 3.405601822915578e-06 100
1718654656336 3.465141723393809e-06 101
1718655075874 3.5249252294708655e-06 102
1718655362276 3.584942900638223e-06 103
1718655647697 3.645185259409568e-06 104
1718655933237 3.705642792818367e-06 105
1718656218305 3.7663059539192643e-06 106
1718656503681 3.827165163295592e-06 107
1718656789406 3.88821081057305e-06 108
1718657074768 3.949433255935963e-06 109
1718657361412 4.010822831650801e-06 110
1718657647449 4.072369843591554e-06 111
1718657933440 4.1340645727718645e-06 112
1718658217576 4.195897276878607e-06 113
1718658501491 4.257858191811177e-06 114
1718658785821 4.319937533222829e-06 115
1718659070338 4.382125498065731e-06 116
1718659355613 4.444412266139371e-06 117
1718659641936 4.506788001641283e-06 118
1718659927242 4.5692428547192775e-06 119
1718660213066 4.631766963028503e-06 120
1718660497731 4.694350453287328e-06 121
1718660782813 4.7569834428369814e-06 122
1718661067996 4.819656041202381e-06 123
1718661354000 4.882358351653907e-06 124
1718661639112 4.945080472769744e-06 125
1718661925239 5.007812500000019e-06 126
1718662208820 5.07054452723009e-06 127
1718662492138 5.133266648346135e-06 128
1718662776576 5.195968958797602e-06 129
1718663061173 5.258641557163041e-06 130
1718663345300 5.321274546712681e-06 131
1718663629309 5.383858036971545e-06 132
1718663914186 5.446382145280713e-06 133
1718664198007 5.508836998358745e-06 134
1718664484120 5.5712127338605995e-06 135
1718664768319 5.6334995019342885e-06 136
1718665053222 5.695687466777165e-06 137
1718665338347 5.7577668081887825e-06 138
1718665623839 5.8197277231212335e-06 139
1718665908762 5.8815604272281715e-06 140
1718666194678 5.943255156408505e-06 141
1718666479250 6.004802168349239e-06 142
1718666764365 6.066191744064066e-06 143
1718667047963 6.1274141894270415e-06 144
1718667330743 6.188459836704437e-06 145
1718667613367 6.249319046080777e-06 146
1718667896765 6.3099822071814794e-06 147
1718668517925 6.370439740590357e-06 148
1718669304109 6.4306820993618725e-06 149
1718670104260 6.49069977052907e-06 150
1718670926937 6.550483276606282e-06 151
1718671748525 6.610023177084425e-06 152
1718672553060 6.669310069923353e-06 153
1718673348477 6.7283345930353476e-06 154
1718674135732 6.7870874257638935e-06 155
1718674943844 6.845559290355481e-06 156
1718675752762 6.90374095342529e-06 157
1718676552114 6.9616232274138875e-06 158
1718677349046 7.019196972039283e-06 159
1718678145890 7.076453095739786e-06 160
1718678947715 7.133382557110113e-06 161
1718679763188 7.189976366327601e-06 162
1718680458480 7.246225586574415e-06 163
1718681015802 7.302121335446418e-06 164
1718681565186 7.357654786356587e-06 165
1718682147573 7.412817169929781e-06 166
1718682763214 7.46759977538557e-06 167
1718683367177 7.5219939519161e-06 168
1718683916453 7.575991110049978e-06 169
1718684508921 7.629582723009917e-06 170
1718685029001 7.682760328059307e-06 171
1718685638328 7.735515527837468e-06 172
1718686233235 7.787839991687096e-06 173
1718686827928 7.839725456968738e-06 174
1718687383957 7.891163730365797e-06 175
1718687993332 7.942146689178765e-06 176
1718688598753 7.992666282607348e-06 177
1718689206440 8.042714533022203e-06 178
1718689803007 8.092283537224422e-06 179
1718690421302 8.141365467693364e-06 180
1718691026536 8.18995257382346e-06 181
1718691597476 8.238037183147598e-06 182
1718692179383 8.285611702548013e-06 183
1718692736102 8.332668619457054e-06 184
1718693313899 8.379200503041659e-06 185
1718693867293 8.425200005378253e-06 186
1718694381405 8.47065986261242e-06 187
1718694997479 8.515572896105276e-06 188
1718695572825 8.559932013568136e-06 189
1718696146322 8.603730210182524e-06 190
1718696733186 8.646960569705349e-06 191
1718697328859 8.689616265561447e-06 192
1718697868697 8.731690561922368e-06 193
1718698485277 8.773176814768617e-06 194
1718699046068 8.81406847294001e-06 195
1718699604337 8.854359079169824e-06 196
1718700198365 8.894042271104089e-06 197
1718700799760 8.933111782307154e-06 198
1718701366044 8.971561443249703e-06 199
1718701970130 9.009385182285108e-06 200
1718702575647 9.046577026606334e-06 201
1718703191459 9.08313110318975e-06 202
1718703725864 9.119041639723078e-06 203
1718704298280 9.154302965516523e-06 204
1718704836858 9.188909512397927e-06 205
1718705446940 9.222855815591953e-06 206
1718706047599 9.256136514584392e-06 207
1718706604523 9.288746353966814e-06 208
1718707198230 9.320680184267392e-06 209
1718707807879 9.351932962764418e-06 210
1718708341775 9.382499754281614e-06 211
1718708889412 9.41237573196836e-06 212
1718709461508 9.441556178061498e-06 213
1718709963373 9.470036484630317e-06 214
1718710569390 9.497812154303879e-06 215
1718711164365 9.524878800982796e-06 216
1718711737303 9.551232150528895e-06 217
1718712283298 9.576868041443447e-06 218
1718712825717 9.601782425521698e-06 219
1718713390731 9.625971368493765e-06 220
1718713939903 9.64943105064529e-06 221
1718714501050 9.672157767420232e-06 222
1718715069267 9.694147930006336e-06 223
1718715640856 9.715398065902702e-06 224
1718716197039 9.735904819466001e-06 225
1718716735057 9.755664952442244e-06 226
1718717303547 9.774675344477298e-06 227
1718717869913 9.79293299361012e-06 228
1718718439306 9.810435016746249e-06 229
1718718980447 9.827178650113148e-06 230
1718719532368 9.843161249696764e-06 231
1718720079928 9.858380291659897e-06 232
1718720631511 9.87283337273911e-06 233
1718721178551 9.886518210625432e-06 234
1718721726619 9.899432644324549e-06 235
1718722270219 9.911574634496937e-06 236
1718722818985 9.922942263782509e-06 237
1718723368971 9.933533737100049e-06 238
1718723915682 9.943347381933902e-06 239
1718724465422 9.952381648595069e-06 240
1718725013361 9.960635110468385e-06 241
1718725564355 9.968106464236675e-06 242
1718726110645 9.974794530086264e-06 243
1718726656704 9.980698251894387e-06 244
1718727198250 9.985816697394939e-06 245
1718727745454 9.990149058325415e-06 246
1718728295644 9.993694650556515e-06 247
1718728842796 9.996452914198078e-06 248
1718729277535 9.998423413687617e-06 249
