1718581666150 4.663926648704902 0
1718582522803 3.1650463734631953 1
1718583410602 2.5764035091775916 2
1718584297558 2.3133693397369073 3
1718585181153 2.173463121704433 4
1718586085213 2.0976830874772174 5
1718586977558 2.0803560690711373 6
1718587861574 2.0772297813192657 7
1718588749396 2.092289870361919 8
1718589646868 2.0923485655499543 9
1718590543124 2.074052293015563 10
1718591449519 2.071344227084647 11
1718592353251 2.060824973427731 12
1718593259714 2.070548566463201 13
1718594157711 2.0603195681520132 14
1718595075003 2.045342044175967 15
1718595982796 2.0758536359214266 16
1718596889611 2.0707532342361366 17
1718597804888 2.0692996717989445 18
1718598707470 2.0365441376748294 19
1718599606445 2.050758636030166 20
1718600517433 2.05458010473977 21
1718601423878 2.0301818343932214 22
1718602328280 2.039986758614364 23
1718603228654 2.0270207218177942 24
1718603933456 2.0344824235400427 25
1718604513923 2.032059247403041 26
1718605068368 2.030224554564642 27
1718605845606 2.0289227385883746 28
1718606743610 2.0142709306724695 29
1718607641791 2.015919132563083 30
1718608545075 2.0035682800023453 31
1718609447422 1.9926023980521637 32
1718610350506 1.9828386407183565 33
1718611254784 1.9662699323633444 34
1718612183228 2.0001365880927313 35
1718613089802 1.9710620061858841 36
1718613998083 1.9498060646912325 37
1718614911726 1.983497986327047 38
1718615814192 1.9387358036702094 39
1718616673214 1.944026595386474 40
1718617508436 1.9424115563540354 41
1718618318011 1.9200708715488082 42
1718619139290 1.9269397893677587 43
1718619954636 1.9186225577217082 44
1718620627149 1.9092433813797391 45
1718621437341 1.9151640968478245 46
1718622252348 1.9265286221128444 47
1718623066094 1.8895453815550909 48
1718623877902 1.8835199836479581 49
1718624687968 1.8835072374862174 50
1718625502121 1.8799302049953004 51
1718626309447 1.8802163954014364 52
1718627117781 1.873811249985643 53
1718627943936 1.8578720578680867 54
1718628758980 1.8582537143450717 55
1718629578409 1.8293351715673571 56
1718630151597 1.8228768766250298 57
1718630735892 1.8354423933702966 58
1718631329296 1.8049996924465117 59
1718631896814 1.8215777391324872 60
1718632452858 1.784491498509179 61
1718632991183 1.806340261645939 62
1718633553963 1.7842912925002368 63
1718634117393 1.7927080583961115 64
1718634671114 1.7891098215528156 65
1718635223214 1.8010074024939018 66
1718635754035 1.7886641856444918 67
1718636329842 1.7667133743348329 68
1718636873018 1.7617489300344302 69
1718637413663 1.7626838413593562 70
1718637975047 1.7330082007076428 71
1718638532987 1.7293282820154792 72
1718639127438 1.747003856398489 73
1718639730009 1.7210497075448865 74
1718640328309 1.7197225200741186 75
1718640861410 1.6991612861013932 76
1718641418162 1.6903317173861938 77
1718641993793 1.7012007432463376 78
1718642566130 1.6994863173559955 79
1718643123526 1.6867168720649637 80
1718643665078 1.6651920415461063 81
1718644211699 1.6751073822379112 82
1718644761461 1.6808095741207185 83
1718645320978 1.663237490893706 84
1718645892083 1.6553293424456015 85
1718646452852 1.6575864582605984 86
1718647027575 1.633820709488962 87
1718647566346 1.6429570678459562 88
1718648109517 1.6539472835543363 89
1718648656786 1.6186968259837315 90
1718649200138 1.6372355415445308 91
1718649749954 1.635254167344259 92
1718650294148 1.6211015965951525 93
1718650839078 1.605755848567123 94
1718651381262 1.6079032552307067 95
1718651926683 1.6204444403233735 96
1718652475100 1.6439207802000253 97
1718653020664 1.60476897575933 98
1718653568543 1.5855766863602658 99
1718654111760 1.6003100846124731 100
1718654656341 1.5882812169906886 101
1718655075879 1.5841005416991918 102
1718655362281 1.5855363011360168 103
1718655647702 1.5767738697645457 104
1718655933242 1.5801150727531184 105
1718656218309 1.5793900687409483 106
1718656503687 1.5656002636836923 107
1718656789411 1.5625123943647612 108
1718657074773 1.5292861484315083 109
1718657361417 1.5422557354297326 110
1718657647454 1.5398933054960293 111
1718657933442 1.5304682373028735 112
1718658217578 1.5324071287784888 113
1718658501495 1.5424618173552596 114
1718658785826 1.5188414891776831 115
1718659070343 1.545970019115054 116
1718659355618 1.5465842807746453 117
1718659641941 1.5042442536872367 118
1718659927244 1.5170085875560408 119
1718660213071 1.5035121729192527 120
1718660497736 1.5219676765086858 121
1718660782818 1.4971309245928475 122
1718661068001 1.4965686678238537 123
1718661354005 1.5015281647767709 124
1718661639117 1.5183718073303285 125
1718661925243 1.4889174813161725 126
1718662208826 1.5060193242262239 127
1718662492140 1.5005903626265733 128
1718662776581 1.4834140524592088 129
1718663061175 1.4769761962411196 130
1718663345305 1.4728701472606347 131
1718663629314 1.4648923300530599 132
1718663914191 1.4666289353500241 133
1718664198012 1.4711717925965786 134
1718664484125 1.4841995265172876 135
1718664768324 1.4602823757930943 136
1718665053225 1.47301748605526 137
1718665338348 1.477165909079106 138
1718665623844 1.4701240581014883 139
1718665908766 1.4717598939719407 140
1718666194683 1.429446852401547 141
1718666479255 1.4423733141435229 142
1718666764369 1.4655685760080814 143
1718667047968 1.4300127390610136 144
1718667330748 1.4452351252345934 145
1718667613372 1.455391155960767 146
1718667896770 1.4450206651311854 147
1718668517928 1.4331344427621884 148
1718669304111 1.4371976165667824 149
1718670104262 1.427839207098536 150
1718670926941 1.4471261159557363 151
1718671748528 1.4237264227931914 152
1718672553062 1.4236526414752007 153
1718673348479 1.427517220215953 154
1718674135737 1.4183562882244587 155
1718674943847 1.4070212999763696 156
1718675752764 1.42810571015529 157
1718676552116 1.4321238806714183 158
1718677349047 1.4150620580691358 159
1718678145894 1.389105184327649 160
1718678947718 1.4170536507406961 161
1718679763191 1.4058738624596077 162
1718680458483 1.412340939692829 163
1718681015808 1.4162783544996511 164
1718681565191 1.3899231739342213 165
1718682147579 1.4174276449434136 166
1718682763218 1.3996515212499576 167
1718683367179 1.398383676033953 168
1718683916457 1.4006198114998962 169
1718684508924 1.4012439987905647 170
1718685029006 1.3730394679891027 171
1718685638331 1.3823833165933257 172
1718686233239 1.3852034465450307 173
1718686827932 1.369253560738719 174
1718687383961 1.381862279513608 175
1718687993336 1.3920738680855087 176
1718688598757 1.380124561731582 177
1718689206443 1.3634068371485109 178
1718689803011 1.3813677792153929 179
1718690421306 1.3627189608371777 180
1718691026542 1.3783066811282998 181
1718691597480 1.3852398899262366 182
1718692179388 1.3657471740861302 183
1718692736106 1.3702525586375724 184
1718693313904 1.35805720673955 185
1718693867295 1.358527383564607 186
1718694381410 1.360264941726042 187
1718694997481 1.3664533115275528 188
1718695572828 1.362214123101338 189
1718696146326 1.3601577919300483 190
1718696733190 1.3514168379099474 191
1718697328863 1.351829897855287 192
1718697868701 1.3617223246104044 193
1718698485281 1.3547233609563631 194
1718699046070 1.3568927014813474 195
1718699604339 1.3466542730836764 196
1718700198368 1.3539608935623064 197
1718700799764 1.363204199982726 198
1718701366046 1.3673381213422702 199
1718701970134 1.3377497834355936 200
1718702575650 1.3331791774734207 201
1718703191463 1.3393055291279503 202
1718703725869 1.344477328269378 203
1718704298282 1.356136090081671 204
1718704836860 1.3298491510846044 205
1718705446944 1.3443939985464448 206
1718706047602 1.3333695336528446 207
1718706604528 1.3228727085110934 208
1718707198232 1.3185220916310083 209
1718707807883 1.3284388634011797 210
1718708341778 1.329829028605119 211
1718708889415 1.319497790835474 212
1718709461512 1.3321467735197232 213
1718709963376 1.3261029123450103 214
1718710569392 1.3160856592104486 215
1718711164371 1.3160197286988082 216
1718711737307 1.3397305983564127 217
1718712283300 1.3166725472749576 218
1718712825719 1.3069017152909352 219
1718713390736 1.312249336877595 220
1718713939908 1.3264873693494692 221
1718714501055 1.3321841940607713 222
1718715069269 1.3197775651579318 223
1718715640860 1.3167293839480565 224
1718716197040 1.3013199754059315 225
1718716735062 1.3090573669937642 226
1718717303550 1.319701257283273 227
1718717869918 1.3120350118564523 228
1718718439309 1.3277638263838447 229
1718718980449 1.3166477607320184 230
1718719532373 1.304108653217554 231
1718720079933 1.3190874563449102 232
1718720631513 1.3171912698966006 233
1718721178553 1.3010145262207673 234
1718721726622 1.3090088307533576 235
1718722270223 1.3007898092593835 236
1718722818988 1.291158051027552 237
1718723368975 1.3038233297512583 238
1718723915684 1.2954292515211778 239
1718724465424 1.3066410738164964 240
1718725013363 1.3013568033018839 241
1718725564358 1.3043909837370333 242
1718726110648 1.3057772258053655 243
1718726656707 1.2930708746223345 244
1718727198253 1.307240255177021 245
1718727745456 1.2988570350343767 246
1718728295648 1.2903579074241545 247
1718728842798 1.2796518631765377 248
1718729277540 1.281249266522734 249
