1719272804052 0.0 0
1719273091379 1.0 1
1719273379893 2.0 2
1719273665962 3.0 3
1719273952689 4.0 4
1719274239125 5.0 5
1719274524386 6.0 6
1719274808174 7.0 7
1719275092403 8.0 8
1719275378461 9.0 9
1719275664310 10.0 10
1719275949563 11.0 11
1719276234605 12.0 12
1719276518033 13.0 13
1719276801549 14.0 14
1719277084740 15.0 15
1719277371207 16.0 16
1719277656074 17.0 17
1719277939396 18.0 18
1719278223418 19.0 19
1719278508032 20.0 20
1719278791108 21.0 21
1719279074204 22.0 22
1719279356184 23.0 23
1719279638986 24.0 24
1719279922003 25.0 25
1719280205890 26.0 26
1719280491027 27.0 27
1719280773632 28.0 28
1719281056519 29.0 29
1719281340327 30.0 30
1719281625334 31.0 31
1719281910712 32.0 32
1719282194833 33.0 33
1719282477706 34.0 34
1719282762067 35.0 35
1719283044892 36.0 36
1719283326882 37.0 37
1719283610120 38.0 38
1719283894852 39.0 39
1719284179567 40.0 40
1719284462157 41.0 41
1719284744255 42.0 42
1719285026052 43.0 43
1719285309379 44.0 44
1719285591858 45.0 45
1719285875995 46.0 46
1719286159131 47.0 47
1719286441092 48.0 48
1719286723143 49.0 49
1719287006725 50.0 50
1719287289129 51.0 51
1719287573381 52.0 52
1719287858083 53.0 53
1719288141643 54.0 54
1719288425926 55.0 55
1719288710308 56.0 56
1719288993980 57.0 57
1719289280423 58.0 58
1719289565704 59.0 59
1719289851111 60.0 60
1719290135933 61.0 61
1719290419749 62.0 62
1719290704988 63.0 63
1719290989079 64.0 64
1719291274119 65.0 65
1719291558530 66.0 66
1719291845086 67.0 67
1719292132453 68.0 68
1719292421298 69.0 69
1719292706260 70.0 70
1719292993399 71.0 71
1719293279790 72.0 72
1719293565347 73.0 73
1719293853282 74.0 74
1719294139673 75.0 75
1719294424636 76.0 76
1719294709634 77.0 77
1719294994499 78.0 78
1719295279250 79.0 79
1719295564303 80.0 80
1719295849331 81.0 81
1719296134757 82.0 82
1719296421276 83.0 83
1719296708242 84.0 84
1719296992413 85.0 85
1719297277394 86.0 86
1719297561762 87.0 87
1719297846961 88.0 88
1719298130989 89.0 89
1719298414860 90.0 90
1719298698220 91.0 91
1719298981541 92.0 92
1719299264997 93.0 93
1719299549358 94.0 94
1719299833565 95.0 95
1719300118280 96.0 96
1719300403353 97.0 97
1719300688176 98.0 98
1719300972429 99.0 99
1719301255839 100.0 100
1719301539107 101.0 101
1719301822023 102.0 102
1719302105573 103.0 103
1719302388687 104.0 104
1719302671871 105.0 105
1719302954956 106.0 106
1719303237810 107.0 107
1719303520275 108.0 108
1719303803524 109.0 109
1719304085973 110.0 110
1719304369514 111.0 111
1719304653917 112.0 112
1719304938169 113.0 113
1719305224383 114.0 114
1719305509979 115.0 115
1719305795993 116.0 116
1719306080938 117.0 117
1719306365572 118.0 118
1719306649337 119.0 119
1719306933058 120.0 120
1719307218102 121.0 121
1719307502468 122.0 122
1719307786658 123.0 123
1719308070283 124.0 124
1719308354680 125.0 125
1719308638138 126.0 126
1719308922029 127.0 127
1719309207744 128.0 128
1719309491980 129.0 129
1719309779240 130.0 130
1719310063873 131.0 131
1719310351120 132.0 132
1719310638227 133.0 133
1719310923985 134.0 134
1719311208918 135.0 135
1719311494123 136.0 136
1719311780076 137.0 137
1719312066204 138.0 138
1719312351161 139.0 139
1719312636827 140.0 140
1719312924047 141.0 141
1719313211036 142.0 142
1719313498415 143.0 143
1719313785693 144.0 144
1719314073002 145.0 145
1719314360878 146.0 146
1719314650120 147.0 147
1719314937242 148.0 148
1719315222672 149.0 149
1719315507490 150.0 150
1719315791843 151.0 151
1719316078596 152.0 152
1719316363505 153.0 153
1719316647934 154.0 154
1719316932477 155.0 155
1719317218418 156.0 156
1719317503934 157.0 157
1719317788571 158.0 158
1719318075311 159.0 159
1719318360042 160.0 160
1719318646392 161.0 161
1719318933080 162.0 162
1719319220254 163.0 163
1719319506875 164.0 164
1719319793993 165.0 165
1719320078832 166.0 166
1719320363689 167.0 167
1719320647703 168.0 168
1719320932552 169.0 169
1719321217919 170.0 170
1719321502913 171.0 171
1719321787755 172.0 172
1719322072632 173.0 173
1719322356966 174.0 174
1719322641678 175.0 175
1719322927227 176.0 176
1719323214870 177.0 177
1719323500713 178.0 178
1719323786948 179.0 179
1719324072308 180.0 180
1719324358572 181.0 181
1719324644289 182.0 182
1719324929485 183.0 183
1719325214244 184.0 184
1719325500386 185.0 185
1719325788244 186.0 186
1719326075611 187.0 187
1719326362759 188.0 188
1719326650250 189.0 189
1719326936385 190.0 190
1719327224920 191.0 191
1719327510602 192.0 192
1719327794918 193.0 193
1719328079912 194.0 194
1719328365055 195.0 195
1719328650112 196.0 196
1719328935878 197.0 197
1719329226842 198.0 198
1719329511789 199.0 199
1719329795795 200.0 200
1719330079168 201.0 201
1719330362498 202.0 202
1719330647171 203.0 203
1719330931140 204.0 204
1719331215117 205.0 205
1719331499450 206.0 206
1719331783564 207.0 207
1719332069716 208.0 208
1719332353668 209.0 209
1719332637168 210.0 210
1719332920894 211.0 211
1719333203852 212.0 212
1719333488562 213.0 213
1719333771747 214.0 214
1719334055324 215.0 215
1719334339084 216.0 216
1719334621741 217.0 217
1719334904266 218.0 218
1719335187492 219.0 219
1719335471028 220.0 220
1719335753900 221.0 221
1719336038075 222.0 222
1719336322062 223.0 223
1719336608013 224.0 224
1719336891830 225.0 225
1719337175162 226.0 226
1719337459213 227.0 227
1719337743614 228.0 228
1719338027733 229.0 229
1719338312395 230.0 230
1719338596543 231.0 231
1719338881160 232.0 232
1719339167386 233.0 233
1719339456939 234.0 234
1719339741902 235.0 235
1719340026731 236.0 236
1719340312318 237.0 237
1719340595715 238.0 238
1719340883976 239.0 239
1719341169929 240.0 240
1719341455322 241.0 241
1719341738115 242.0 242
1719342022342 243.0 243
1719342308912 244.0 244
1719342593055 245.0 245
1719342876881 246.0 246
1719343162419 247.0 247
1719343445906 248.0 248
1719343729181 249.0 249
