1719272804053 7080504.0 0
1719273091381 7080504.0 1
1719273379895 7080504.0 2
1719273665964 7080504.0 3
1719273952691 7080504.0 4
1719274239127 7080504.0 5
1719274524388 7080504.0 6
1719274808176 7080504.0 7
1719275092405 7080504.0 8
1719275378463 7080504.0 9
1719275664312 7080504.0 10
1719275949565 7080504.0 11
1719276234607 7080504.0 12
1719276518035 7080504.0 13
1719276801551 7080504.0 14
1719277084742 7080504.0 15
1719277371209 7080504.0 16
1719277656076 7080504.0 17
1719277939398 7080504.0 18
1719278223419 7080504.0 19
1719278508034 7080504.0 20
1719278791110 7080504.0 21
1719279074206 7080504.0 22
1719279356186 7080504.0 23
1719279638988 7080504.0 24
1719279922005 7080504.0 25
1719280205892 7080504.0 26
1719280491029 7080504.0 27
1719280773634 7080504.0 28
1719281056521 7080504.0 29
1719281340329 7080504.0 30
1719281625336 7080504.0 31
1719281910714 7080504.0 32
1719282194835 7080504.0 33
1719282477708 7080504.0 34
1719282762069 7080504.0 35
1719283044894 7080504.0 36
1719283326884 7080504.0 37
1719283610121 7080504.0 38
1719283894854 7080504.0 39
1719284179569 7080504.0 40
1719284462159 7080504.0 41
1719284744257 7080504.0 42
1719285026054 7080504.0 43
1719285309381 7080504.0 44
1719285591860 7080504.0 45
1719285875997 7080504.0 46
1719286159133 7080504.0 47
1719286441093 7080504.0 48
1719286723145 7080504.0 49
1719287006727 7080504.0 50
1719287289131 7080504.0 51
1719287573383 7080504.0 52
1719287858085 7080504.0 53
1719288141645 7080504.0 54
1719288425928 7080504.0 55
1719288710310 7080504.0 56
1719288993982 7080504.0 57
1719289280425 7080504.0 58
1719289565706 7080504.0 59
1719289851113 7080504.0 60
1719290135935 7080504.0 61
1719290419750 7080504.0 62
1719290704990 7080504.0 63
1719290989081 7080504.0 64
1719291274121 7080504.0 65
1719291558532 7080504.0 66
1719291845088 7080504.0 67
1719292132455 7080504.0 68
1719292421300 7080504.0 69
1719292706262 7080504.0 70
1719292993401 7080504.0 71
1719293279792 7080504.0 72
1719293565348 7080504.0 73
1719293853284 7080504.0 74
1719294139675 7080504.0 75
1719294424638 7080504.0 76
1719294709636 7080504.0 77
1719294994501 7080504.0 78
1719295279253 7080504.0 79
1719295564306 7080504.0 80
1719295849333 7080504.0 81
1719296134759 7080504.0 82
1719296421277 7080504.0 83
1719296708244 7080504.0 84
1719296992415 7080504.0 85
1719297277396 7080504.0 86
1719297561764 7080504.0 87
1719297846963 7080504.0 88
1719298130991 7080504.0 89
1719298414862 7080504.0 90
1719298698222 7080504.0 91
1719298981543 7080504.0 92
1719299264999 7080504.0 93
1719299549360 7080504.0 94
1719299833567 7080504.0 95
1719300118282 7080504.0 96
1719300403355 7080504.0 97
1719300688177 7080504.0 98
1719300972430 7080504.0 99
1719301255841 7080504.0 100
1719301539109 7080504.0 101
1719301822025 7080504.0 102
1719302105574 7080504.0 103
1719302388689 7080504.0 104
1719302671873 7080504.0 105
1719302954958 7080504.0 106
1719303237813 7080504.0 107
1719303520277 7080504.0 108
1719303803526 7080504.0 109
1719304085975 7080504.0 110
1719304369516 7080504.0 111
1719304653919 7080504.0 112
1719304938171 7080504.0 113
1719305224385 7080504.0 114
1719305509980 7080504.0 115
1719305795994 7080504.0 116
1719306080940 7080504.0 117
1719306365574 7080504.0 118
1719306649339 7080504.0 119
1719306933060 7080504.0 120
1719307218104 7080504.0 121
1719307502470 7080504.0 122
1719307786660 7080504.0 123
1719308070284 7080504.0 124
1719308354682 7080504.0 125
1719308638140 7080504.0 126
1719308922031 7080504.0 127
1719309207746 7080504.0 128
1719309491982 7080504.0 129
1719309779242 7080504.0 130
1719310063875 7080504.0 131
1719310351122 7080504.0 132
1719310638229 7080504.0 133
1719310923987 7080504.0 134
1719311208920 7080504.0 135
1719311494125 7080504.0 136
1719311780078 7080504.0 137
1719312066206 7080504.0 138
1719312351163 7080504.0 139
1719312636829 7080504.0 140
1719312924049 7080504.0 141
1719313211038 7080504.0 142
1719313498417 7080504.0 143
1719313785694 7080504.0 144
1719314073004 7080504.0 145
1719314360880 7080504.0 146
1719314650122 7080504.0 147
1719314937244 7080504.0 148
1719315222674 7080504.0 149
1719315507492 7080504.0 150
1719315791845 7080504.0 151
1719316078598 7080504.0 152
1719316363506 7080504.0 153
1719316647936 7080504.0 154
1719316932479 7080504.0 155
1719317218420 7080504.0 156
1719317503936 7080504.0 157
1719317788573 7080504.0 158
1719318075313 7080504.0 159
1719318360044 7080504.0 160
1719318646394 7080504.0 161
1719318933082 7080504.0 162
1719319220256 7080504.0 163
1719319506877 7080504.0 164
1719319793995 7080504.0 165
1719320078834 7080504.0 166
1719320363691 7080504.0 167
1719320647705 7080504.0 168
1719320932554 7080504.0 169
1719321217920 7080504.0 170
1719321502915 7080504.0 171
1719321787757 7080504.0 172
1719322072634 7080504.0 173
1719322356968 7080504.0 174
1719322641680 7080504.0 175
1719322927229 7080504.0 176
1719323214872 7080504.0 177
1719323500715 7080504.0 178
1719323786950 7080504.0 179
1719324072309 7080504.0 180
1719324358574 7080504.0 181
1719324644291 7080504.0 182
1719324929487 7080504.0 183
1719325214246 7080504.0 184
1719325500388 7080504.0 185
1719325788246 7080504.0 186
1719326075613 7080504.0 187
1719326362761 7080504.0 188
1719326650252 7080504.0 189
1719326936387 7080504.0 190
1719327224922 7080504.0 191
1719327510604 7080504.0 192
1719327794920 7080504.0 193
1719328079914 7080504.0 194
1719328365057 7080504.0 195
1719328650114 7080504.0 196
1719328935880 7080504.0 197
1719329226844 7080504.0 198
1719329511791 7080504.0 199
1719329795797 7080504.0 200
1719330079170 7080504.0 201
1719330362500 7080504.0 202
1719330647173 7080504.0 203
1719330931142 7080504.0 204
1719331215118 7080504.0 205
1719331499451 7080504.0 206
1719331783566 7080504.0 207
1719332069717 7080504.0 208
1719332353670 7080504.0 209
1719332637170 7080504.0 210
1719332920896 7080504.0 211
1719333203854 7080504.0 212
1719333488564 7080504.0 213
1719333771749 7080504.0 214
1719334055326 7080504.0 215
1719334339086 7080504.0 216
1719334621742 7080504.0 217
1719334904268 7080504.0 218
1719335187494 7080504.0 219
1719335471029 7080504.0 220
1719335753902 7080504.0 221
1719336038077 7080504.0 222
1719336322064 7080504.0 223
1719336608015 7080504.0 224
1719336891832 7080504.0 225
1719337175164 7080504.0 226
1719337459215 7080504.0 227
1719337743616 7080504.0 228
1719338027735 7080504.0 229
1719338312397 7080504.0 230
1719338596545 7080504.0 231
1719338881162 7080504.0 232
1719339167388 7080504.0 233
1719339456941 7080504.0 234
1719339741904 7080504.0 235
1719340026733 7080504.0 236
1719340312320 7080504.0 237
1719340595717 7080504.0 238
1719340883977 7080504.0 239
1719341169931 7080504.0 240
1719341455324 7080504.0 241
1719341738117 7080504.0 242
1719342022344 7080504.0 243
1719342308914 7080504.0 244
1719342593057 7080504.0 245
1719342876883 7080504.0 246
1719343162421 7080504.0 247
1719343445908 7080504.0 248
1719343729183 7080504.0 249
