1719272804049 8.361199389981186 0
1719273091370 6.188145757369373 1
1719273379883 5.461733396934426 2
1719273665954 5.1404447153858515 3
1719273952680 4.944526845346326 4
1719274239116 4.85565262320249 5
1719274524377 4.819976206059041 6
1719274808166 4.822875610836174 7
1719275092394 4.8379199197110925 8
1719275378452 4.836742207407951 9
1719275664300 4.825886250837989 10
1719275949556 4.818079710330652 11
1719276234596 4.805110908396866 12
1719276518023 4.812758135406868 13
1719276801542 4.799946034084195 14
1719277084730 4.777951670729595 15
1719277371197 4.816394641671492 16
1719277656065 4.805116284152736 17
1719277939388 4.817754626921985 18
1719278223413 4.761353552665399 19
1719278508022 4.777275013210981 20
1719278791099 4.79127124891333 21
1719279074194 4.761822426448697 22
1719279356174 4.7718456999763195 23
1719279638976 4.7654514043875364 24
1719279921993 4.764159061986467 25
1719280205881 4.750072234350702 26
1719280491018 4.765715089505133 27
1719280773621 4.7537779957056046 28
1719281056509 4.739347584221674 29
1719281340318 4.7422333314366965 30
1719281625323 4.715068810659906 31
1719281910703 4.712325013850046 32
1719282194825 4.704548045021037 33
1719282477697 4.673997573230578 34
1719282762058 4.711743610060734 35
1719283044881 4.682182084607041 36
1719283326872 4.641437199452649 37
1719283610110 4.694387636106947 38
1719283894843 4.6311692129010735 39
1719284179557 4.634668863014035 40
1719284462148 4.632576732855776 41
1719284744246 4.602790479426798 42
1719285026043 4.615235320575859 43
1719285309371 4.605538237030092 44
1719285591849 4.596839423088924 45
1719285875986 4.584226247733054 46
1719286159122 4.589650428489499 47
1719286441088 4.565760174523229 48
1719286723134 4.539351669342621 49
1719287006715 4.534419740995635 50
1719287289120 4.527506453187569 51
1719287573372 4.523379366035047 52
1719287858074 4.520072269050972 53
1719288141639 4.496825554772563 54
1719288425916 4.491860310344593 55
1719288710299 4.458919618116773 56
1719288993970 4.4450840622834535 57
1719289280414 4.460230388071226 58
1719289565696 4.4221290622068485 59
1719289851103 4.420447832216388 60
1719290135923 4.378196341188057 61
1719290419745 4.412365672704966 62
1719290704978 4.376079687929672 63
1719290989069 4.384767605234748 64
1719291274110 4.377410769786524 65
1719291558520 4.388070177772771 66
1719291845077 4.371171224052492 67
1719292132445 4.34297883057076 68
1719292421290 4.3439081350098485 69
1719292706255 4.335089320397896 70
1719292993390 4.292208493079828 71
1719293279781 4.279565607723982 72
1719293565338 4.306333942905717 73
1719293853272 4.272627835364445 74
1719294139663 4.266369997159295 75
1719294424626 4.239156167144361 76
1719294709624 4.228003145883912 77
1719294994491 4.225765410972678 78
1719295279241 4.222399650384551 79
1719295564296 4.221905082464218 80
1719295849323 4.170341446671797 81
1719296134749 4.200030582754509 82
1719296421266 4.188245063890582 83
1719296708234 4.175566961259945 84
1719296992403 4.163498800409877 85
1719297277384 4.152375138000302 86
1719297561753 4.125646793971891 87
1719297846952 4.131833861055582 88
1719298130981 4.1427774824526 89
1719298414852 4.091003656711267 90
1719298698212 4.122956599230352 91
1719298981532 4.113872196687304 92
1719299264986 4.087264068424702 93
1719299549349 4.071101253771263 94
1719299833557 4.080982453473236 95
1719300118270 4.0936877824690034 96
1719300403344 4.116543671683125 97
1719300688171 4.05704101142676 98
1719300972422 4.0481392459376995 99
1719301255829 4.057946831959745 100
1719301539098 4.052338716128598 101
1719301822015 4.0377524977792865 102
1719302105563 4.028114471422589 103
1719302388679 4.028001793052839 104
1719302671861 4.02705215630324 105
1719302954947 4.02269386143788 106
1719303237802 3.997038068330806 107
1719303520265 3.987256425878276 108
1719303803516 3.9545447573713632 109
1719304085964 3.959553197998068 110
1719304369505 3.978638060067011 111
1719304653909 3.9560671578282895 112
1719304938160 3.9495226637176843 113
1719305224373 3.965890590587388 114
1719305509976 3.953595028623291 115
1719305795984 3.977979979113392 116
1719306080930 3.9708871928894003 117
1719306365563 3.923703296676926 118
1719306649328 3.93801242566627 119
1719306933048 3.9225653354888377 120
1719307218092 3.9606065312805385 121
1719307502458 3.910167711908403 122
1719307786648 3.9054726854614588 123
1719308070273 3.9209023626602213 124
1719308354670 3.923220670741537 125
1719308638129 3.8885556038307105 126
1719308922021 3.915658583783585 127
1719309207735 3.9203329283906068 128
1719309491971 3.899332995000093 129
1719309779231 3.8772799262534017 130
1719310063864 3.8749346169440644 131
1719310351112 3.8685229125878084 132
1719310638222 3.861275603265866 133
1719310923977 3.8713738309300463 134
1719311208910 3.8956466851674993 135
1719311494112 3.852296311246312 136
1719311780066 3.87326746110035 137
1719312066194 3.872394655709681 138
1719312351153 3.8730335326298424 139
1719312636818 3.8644720743531766 140
1719312924037 3.8274163820821308 141
1719313211026 3.8248698721113414 142
1719313498407 3.8531862299727355 143
1719313785683 3.827288375924463 144
1719314072994 3.8375726500930996 145
1719314360870 3.8391975630884585 146
1719314650111 3.8330905259303423 147
1719314937233 3.821304170333821 148
1719315222662 3.8238881055427636 149
1719315507482 3.825159335589927 150
1719315791835 3.846831259844096 151
1719316078587 3.8081774630624317 152
1719316363501 3.8117686438819636 153
1719316647924 3.8205582810484846 154
1719316932467 3.81333248446817 155
1719317218408 3.799176860438741 156
1719317503926 3.8227871326000793 157
1719317788563 3.8146271741260653 158
1719318075302 3.78895177109086 159
1719318360033 3.7750394026870313 160
1719318646383 3.7932369138883506 161
1719318933070 3.789925591453262 162
1719319220245 3.7876247413780377 163
1719319506865 3.7886549367204956 164
1719319793984 3.769030852810196 165
1719320078823 3.800491209263387 166
1719320363679 3.779016394977984 167
1719320647693 3.7716472511706143 168
1719320932544 3.7711032237047735 169
1719321217914 3.7875401134724203 170
1719321502903 3.7416285098246904 171
1719321787746 3.7523726182787316 172
1719322072622 3.759926217729631 173
1719322356956 3.7412919567331024 174
1719322641669 3.754800957830056 175
1719322927219 3.766395040180372 176
1719323214860 3.7488694223372834 177
1719323500704 3.743544729831426 178
1719323786938 3.749898285321567 179
1719324072304 3.7363562263224437 180
1719324358562 3.751722932509754 181
1719324644279 3.747297854203245 182
1719324929477 3.726987417301406 183
1719325214234 3.7369668464297834 184
1719325500378 3.721995174884796 185
1719325788233 3.733334855217001 186
1719326075601 3.734226264383482 187
1719326362750 3.7442795180756114 188
1719326650241 3.7356749381060186 189
1719326936375 3.7274230125805605 190
1719327224911 3.728885172501854 191
1719327510592 3.713933690086655 192
1719327794910 3.7385623552229093 193
1719328079902 3.7129190787672997 194
1719328365046 3.732057031729947 195
1719328650102 3.707718115461909 196
1719328935869 3.72090425795835 197
1719329226832 3.7370074090102445 198
1719329511780 3.7377214175851448 199
1719329795785 3.706421288135259 200
1719330079158 3.69543546276248 201
1719330362489 3.7007742987378784 202
1719330647161 3.7043326623413875 203
1719330931131 3.7333209090258763 204
1719331215107 3.685366140111633 205
1719331499445 3.709547548838284 206
1719331783554 3.6968447232375974 207
1719332069712 3.7061797623401103 208
1719332353659 3.6730748311333032 209
1719332637159 3.676676218924315 210
1719332920884 3.684311678228171 211
1719333203843 3.6703746811203333 212
1719333488552 3.6887120060298755 213
1719333771738 3.6901275483162506 214
1719334055316 3.6664148604740268 215
1719334339076 3.67680442786735 216
1719334621731 3.692633755505085 217
1719334904256 3.6614567572655887 218
1719335187483 3.670692608408306 219
1719335471024 3.662651934053587 220
1719335753892 3.683083009460698 221
1719336038066 3.690916264510673 222
1719336322053 3.686784508111684 223
1719336608004 3.6802951019743215 224
1719336891820 3.6605061347717824 225
1719337175153 3.6585387117836787 226
1719337459203 3.668102281573026 227
1719337743604 3.6641998096652655 228
1719338027725 3.678711777795916 229
1719338312386 3.6647473972128783 230
1719338596534 3.6611410285467687 231
1719338881149 3.672314037123452 232
1719339167377 3.6741149396352144 233
1719339456929 3.6504175092863 234
1719339741892 3.6621438355549523 235
1719340026722 3.6476510299936584 236
1719340312307 3.636223652440569 237
1719340595705 3.6527818195197894 238
1719340883971 3.6392150119594904 239
1719341169920 3.663479079370913 240
1719341455313 3.6552074055956756 241
1719341738104 3.6427888060393543 242
1719342022333 3.6534893266532733 243
1719342308904 3.6379129938457324 244
1719342593046 3.6746784963685535 245
1719342876872 3.661054287267768 246
1719343162409 3.6472537031640178 247
1719343445896 3.6208660074550174 248
1719343729171 3.624522076352783 249
