1719272804047 9.999999999999821e-06 0
1719273091366 9.999999999999821e-06 1
1719273379878 8.003125000000054e-06 2
1719273665950 6.006250000000084e-06 3
1719273952675 4.009374999999961e-06 4
1719274239111 2.0124999999999786e-06 5
1719274524373 2.547594167448766e-08 6
1719274808161 2.9808302605216855e-08 7
1719275092389 3.492674810556928e-08 8
1719275378447 4.0830469913665624e-08 9
1719275664296 4.751853576339509e-08 10
1719275949552 5.498988953162855e-08 11
1719276234591 6.324335140500137e-08 12
1719276518019 7.227761806619712e-08 13
1719276801537 8.209126289978645e-08 14
1719277084725 9.268273621748121e-08 15
1719277371192 1.0405036550287616e-07 16
1719277656060 1.1619235567551963e-07 17
1719277939383 1.2910678937440756e-07 18
1719278223410 1.4279162726075904e-07 19
1719278508017 1.5724470834002356e-07 20
1719278791094 1.7246375030316084e-07 21
1719279074189 1.884463498870155e-07 22
1719279356169 2.051899832538382e-07 23
1719279638971 2.2269200638982295e-07 24
1719279921989 2.409496555226157e-07 25
1719280205876 2.599600475577924e-07 26
1719280491013 2.797201805340524e-07 27
1719280773617 3.002269340973366e-07 28
1719281056504 3.214770699935485e-07 29
1719281340313 3.434672325798837e-07 30
1719281625318 3.6619394935474794e-07 31
1719281910698 3.8965363150610546e-07 32
1719282194820 4.138425744781937e-07 33
1719282477692 4.387569585565078e-07 34
1719282762053 4.643928494709907e-07 35
1719283044877 4.907461990173027e-07 36
1719283326867 5.17812845696017e-07 37
1719283610106 5.455885153698624e-07 38
1719283894838 5.740688219386374e-07 39
1719284179553 6.032492680317479e-07 40
1719284462143 6.331252457185202e-07 41
1719284744241 6.636920372357199e-07 42
1719285026038 6.949448157326387e-07 43
1719285309366 7.268786460332559e-07 44
1719285591845 7.594884854155556e-07 45
1719285875981 7.927691844079031e-07 46
1719286159117 8.267154876021116e-07 47
1719286441086 8.613220344833964e-07 48
1719286723128 8.965833602768404e-07 49
1719287006710 9.32493896810314e-07 50
1719287289115 9.690479733938117e-07 51
1719287573367 1.0062398177149302e-06 52
1719287858070 1.044063556750281e-06 53
1719288141637 1.0825132176929678e-06 54
1719288425912 1.1215827288958545e-06 55
1719288710294 1.1612659208302355e-06 56
1719288993966 1.2015565270600477e-06 57
1719289280409 1.2424481852314805e-06 58
1719289565691 1.2839344380777264e-06 59
1719289851098 1.3260087344384783e-06 60
1719290135918 1.3686644302946887e-06 61
1719290419744 1.4118947898174135e-06 62
1719290704974 1.4556929864317493e-06 63
1719290989064 1.5000521038948211e-06 64
1719291274105 1.5449651373876432e-06 65
1719291558515 1.5904249946216246e-06 66
1719291845072 1.6364244969583511e-06 67
1719292132440 1.6829563805430792e-06 68
1719292421285 1.7300132974520331e-06 69
1719292706253 1.777587816852539e-06 70
1719292993385 1.8256724261764502e-06 71
1719293279777 1.8742595323066096e-06 72
1719293565333 1.9233414627756142e-06 73
1719293853267 1.9729104669776914e-06 74
1719294139658 2.0229587173925443e-06 75
1719294424621 2.0734783108211434e-06 76
1719294709620 2.124461269634135e-06 77
1719294994485 2.1758995430312897e-06 78
1719295279237 2.227785008312895e-06 79
1719295564291 2.280109472162528e-06 80
1719295849318 2.3328646719408296e-06 81
1719296134744 2.3860422769901118e-06 82
1719296421262 2.439633889950162e-06 83
1719296708229 2.493631048083954e-06 84
1719296992398 2.5480252246143407e-06 85
1719297277379 2.60280783007036e-06 86
1719297561749 2.6579702136434156e-06 87
1719297846947 2.713503664553698e-06 88
1719298130976 2.7693994134255832e-06 89
1719298414847 2.825648633672287e-06 90
1719298698207 2.8822424428900285e-06 91
1719298981527 2.9391719042600903e-06 92
1719299264982 2.99642802796067e-06 93
1719299549344 3.054001772586149e-06 94
1719299833552 3.1118840465747476e-06 95
1719300118265 3.170065709644442e-06 96
1719300403339 3.228537574236213e-06 97
1719300688169 3.287290406964755e-06 98
1719300972419 3.3463149300766618e-06 99
1719301255824 3.405601822915578e-06 100
1719301539093 3.465141723393809e-06 101
1719301822010 3.5249252294708655e-06 102
1719302105558 3.584942900638223e-06 103
1719302388674 3.645185259409568e-06 104
1719302671856 3.705642792818367e-06 105
1719302954942 3.7663059539192643e-06 106
1719303237797 3.827165163295592e-06 107
1719303520260 3.88821081057305e-06 108
1719303803512 3.949433255935963e-06 109
1719304085958 4.010822831650801e-06 110
1719304369500 4.072369843591554e-06 111
1719304653904 4.1340645727718645e-06 112
1719304938155 4.195897276878607e-06 113
1719305224368 4.257858191811177e-06 114
1719305509974 4.319937533222829e-06 115
1719305795979 4.382125498065731e-06 116
1719306080925 4.444412266139371e-06 117
1719306365559 4.506788001641283e-06 118
1719306649324 4.5692428547192775e-06 119
1719306933043 4.631766963028503e-06 120
1719307218087 4.694350453287328e-06 121
1719307502453 4.7569834428369814e-06 122
1719307786644 4.819656041202381e-06 123
1719308070269 4.882358351653907e-06 124
1719308354665 4.945080472769744e-06 125
1719308638124 5.007812500000019e-06 126
1719308922016 5.07054452723009e-06 127
1719309207731 5.133266648346135e-06 128
1719309491967 5.195968958797602e-06 129
1719309779226 5.258641557163041e-06 130
1719310063859 5.321274546712681e-06 131
1719310351107 5.383858036971545e-06 132
1719310638220 5.446382145280713e-06 133
1719310923972 5.508836998358745e-06 134
1719311208905 5.5712127338605995e-06 135
1719311494108 5.6334995019342885e-06 136
1719311780061 5.695687466777165e-06 137
1719312066189 5.7577668081887825e-06 138
1719312351148 5.8197277231212335e-06 139
1719312636814 5.8815604272281715e-06 140
1719312924033 5.943255156408505e-06 141
1719313211022 6.004802168349239e-06 142
1719313498402 6.066191744064066e-06 143
1719313785678 6.1274141894270415e-06 144
1719314072989 6.188459836704437e-06 145
1719314360865 6.249319046080777e-06 146
1719314650106 6.3099822071814794e-06 147
1719314937228 6.370439740590357e-06 148
1719315222658 6.4306820993618725e-06 149
1719315507477 6.49069977052907e-06 150
1719315791830 6.550483276606282e-06 151
1719316078583 6.610023177084425e-06 152
1719316363499 6.669310069923353e-06 153
1719316647919 6.7283345930353476e-06 154
1719316932462 6.7870874257638935e-06 155
1719317218404 6.845559290355481e-06 156
1719317503921 6.90374095342529e-06 157
1719317788558 6.9616232274138875e-06 158
1719318075297 7.019196972039283e-06 159
1719318360028 7.076453095739786e-06 160
1719318646378 7.133382557110113e-06 161
1719318933065 7.189976366327601e-06 162
1719319220241 7.246225586574415e-06 163
1719319506861 7.302121335446418e-06 164
1719319793979 7.357654786356587e-06 165
1719320078818 7.412817169929781e-06 166
1719320363674 7.46759977538557e-06 167
1719320647689 7.5219939519161e-06 168
1719320932539 7.575991110049978e-06 169
1719321217912 7.629582723009917e-06 170
1719321502898 7.682760328059307e-06 171
1719321787741 7.735515527837468e-06 172
1719322072618 7.787839991687096e-06 173
1719322356951 7.839725456968738e-06 174
1719322641664 7.891163730365797e-06 175
1719322927214 7.942146689178765e-06 176
1719323214855 7.992666282607348e-06 177
1719323500699 8.042714533022203e-06 178
1719323786933 8.092283537224422e-06 179
1719324072302 8.141365467693364e-06 180
1719324358557 8.18995257382346e-06 181
1719324644275 8.238037183147598e-06 182
1719324929472 8.285611702548013e-06 183
1719325214229 8.332668619457054e-06 184
1719325500373 8.379200503041659e-06 185
1719325788229 8.425200005378253e-06 186
1719326075597 8.47065986261242e-06 187
1719326362746 8.515572896105276e-06 188
1719326650236 8.559932013568136e-06 189
1719326936370 8.603730210182524e-06 190
1719327224906 8.646960569705349e-06 191
1719327510587 8.689616265561447e-06 192
1719327794905 8.731690561922368e-06 193
1719328079897 8.773176814768617e-06 194
1719328365041 8.81406847294001e-06 195
1719328650098 8.854359079169824e-06 196
1719328935865 8.894042271104089e-06 197
1719329226827 8.933111782307154e-06 198
1719329511776 8.971561443249703e-06 199
1719329795780 9.009385182285108e-06 200
1719330079154 9.046577026606334e-06 201
1719330362485 9.08313110318975e-06 202
1719330647157 9.119041639723078e-06 203
1719330931126 9.154302965516523e-06 204
1719331215102 9.188909512397927e-06 205
1719331499443 9.222855815591953e-06 206
1719331783550 9.256136514584392e-06 207
1719332069711 9.288746353966814e-06 208
1719332353655 9.320680184267392e-06 209
1719332637155 9.351932962764418e-06 210
1719332920880 9.382499754281614e-06 211
1719333203838 9.41237573196836e-06 212
1719333488547 9.441556178061498e-06 213
1719333771733 9.470036484630317e-06 214
1719334055311 9.497812154303879e-06 215
1719334339071 9.524878800982796e-06 216
1719334621726 9.551232150528895e-06 217
1719334904252 9.576868041443447e-06 218
1719335187478 9.601782425521698e-06 219
1719335471022 9.625971368493765e-06 220
1719335753887 9.64943105064529e-06 221
1719336038062 9.672157767420232e-06 222
1719336322048 9.694147930006336e-06 223
1719336607999 9.715398065902702e-06 224
1719336891816 9.735904819466001e-06 225
1719337175148 9.755664952442244e-06 226
1719337459199 9.774675344477298e-06 227
1719337743599 9.79293299361012e-06 228
1719338027720 9.810435016746249e-06 229
1719338312381 9.827178650113148e-06 230
1719338596529 9.843161249696764e-06 231
1719338881144 9.858380291659897e-06 232
1719339167373 9.87283337273911e-06 233
1719339456924 9.886518210625432e-06 234
1719339741888 9.899432644324549e-06 235
1719340026717 9.911574634496937e-06 236
1719340312303 9.922942263782509e-06 237
1719340595701 9.933533737100049e-06 238
1719340883968 9.943347381933902e-06 239
1719341169915 9.952381648595069e-06 240
1719341455309 9.960635110468385e-06 241
1719341738100 9.968106464236675e-06 242
1719342022329 9.974794530086264e-06 243
1719342308899 9.980698251894387e-06 244
1719342593042 9.985816697394939e-06 245
1719342876867 9.990149058325415e-06 246
1719343162404 9.993694650556515e-06 247
1719343445891 9.996452914198078e-06 248
1719343729167 9.998423413687617e-06 249
