1713233944864 0.0 0
1713234257765 1.0 1
1713234616723 2.0 2
1713234969159 3.0 3
1713235359871 4.0 4
1713235723868 5.0 5
1713236069472 6.0 6
1713236426213 7.0 7
1713236790178 8.0 8
1713237155955 9.0 9
1713237529789 10.0 10
1713237908869 11.0 11
1713238282240 12.0 12
1713238655509 13.0 13
1713239029078 14.0 14
1713239401831 15.0 15
1713239771068 16.0 16
1713240142886 17.0 17
1713240539186 18.0 18
1713240908135 19.0 19
1713241262368 20.0 20
1713241624988 21.0 21
1713241998296 22.0 22
1713242377046 23.0 23
1713242757057 24.0 24
1713243134464 25.0 25
1713243497885 26.0 26
1713243867191 27.0 27
1713244235576 28.0 28
1713244604154 29.0 29
1713244972681 30.0 30
1713245346677 31.0 31
1713245733659 32.0 32
1713246090586 33.0 33
1713246440591 34.0 34
1713246802832 35.0 35
1713247169731 36.0 36
1713247537495 37.0 37
1713247912639 38.0 38
1713248280941 39.0 39
1713248651810 40.0 40
1713249017602 41.0 41
1713249384567 42.0 42
1713249746222 43.0 43
1713250110712 44.0 44
1713250496886 45.0 45
1713250852564 46.0 46
1713251212122 47.0 47
1713251572332 48.0 48
1713251932675 49.0 49
1713252298128 50.0 50
1713252661999 51.0 51
1713253177479 52.0 52
1713253733074 53.0 53
1713254236529 54.0 54
1713254765824 55.0 55
1713255268080 56.0 56
1713255784862 57.0 57
1713256298941 58.0 58
1713256819044 59.0 59
1713257326286 60.0 60
1713257890488 61.0 61
1713258364348 62.0 62
1713258859458 63.0 63
1713259421812 64.0 64
1713259931871 65.0 65
1713260411427 66.0 66
1713260973013 67.0 67
1713261485756 68.0 68
1713262022689 69.0 69
1713262495542 70.0 70
1713263004469 71.0 71
1713263444851 72.0 72
1713264006247 73.0 73
1713264545820 74.0 74
1713265071914 75.0 75
1713265539616 76.0 76
1713266090229 77.0 77
1713266615703 78.0 78
1713267161586 79.0 79
1713267644674 80.0 80
1713268180327 81.0 81
1713268672903 82.0 82
1713269201393 83.0 83
1713269646353 84.0 84
1713270135356 85.0 85
1713270635023 86.0 86
1713271175859 87.0 87
1713271702532 88.0 88
1713272232623 89.0 89
1713272702387 90.0 90
1713273177697 91.0 91
1713273715599 92.0 92
1713274249708 93.0 93
1713274747422 94.0 94
1713275215724 95.0 95
1713275723828 96.0 96
1713276243066 97.0 97
1713276803122 98.0 98
1713277241661 99.0 99
1713277741688 100.0 100
1713278212949 101.0 101
1713278767591 102.0 102
1713279260585 103.0 103
1713279743649 104.0 104
1713280183423 105.0 105
1713280715397 106.0 106
1713281236201 107.0 107
1713281771851 108.0 108
1713282278932 109.0 109
1713282760505 110.0 110
1713283242006 111.0 111
1713283750471 112.0 112
1713284282615 113.0 113
1713284695365 114.0 114
1713285052553 115.0 115
1713285450544 116.0 116
1713285894056 117.0 117
1713286250455 118.0 118
1713286708100 119.0 119
1713287035634 120.0 120
1713287436827 121.0 121
1713287814855 122.0 122
1713288266572 123.0 123
1713288622716 124.0 124
1713288999819 125.0 125
1713289418725 126.0 126
1713289831717 127.0 127
1713290210348 128.0 128
1713290646563 129.0 129
1713290996496 130.0 130
1713291379975 131.0 131
1713291767055 132.0 132
1713292209467 133.0 133
1713292567198 134.0 134
1713292989994 135.0 135
1713293418052 136.0 136
1713293797974 137.0 137
1713294166803 138.0 138
1713294582632 139.0 139
1713295013196 140.0 140
1713295365691 141.0 141
1713295786310 142.0 142
1713296215927 143.0 143
1713296612530 144.0 144
1713296981822 145.0 145
1713297384137 146.0 146
1713297823116 147.0 147
1713298207553 148.0 148
1713298586125 149.0 149
1713299022916 150.0 150
1713299362708 151.0 151
1713299747290 152.0 152
1713300098467 153.0 153
1713300535689 154.0 154
1713300855524 155.0 155
1713301293747 156.0 156
1713301651603 157.0 157
1713302034321 158.0 158
1713302444470 159.0 159
1713302844370 160.0 160
1713303211489 161.0 161
1713303573467 162.0 162
1713304004756 163.0 163
1713304380425 164.0 164
1713304760345 165.0 165
1713305152818 166.0 166
1713305567951 167.0 167
1713305899883 168.0 168
1713306338830 169.0 169
1713306684971 170.0 170
1713307059027 171.0 171
1713307417376 172.0 172
1713307834597 173.0 173
1713308182629 174.0 174
1713308550379 175.0 175
1713308969411 176.0 176
1713309333090 177.0 177
1713309737530 178.0 178
1713310142980 179.0 179
1713310565137 180.0 180
1713310927941 181.0 181
1713311337463 182.0 182
1713311686254 183.0 183
1713312108337 184.0 184
1713312426453 185.0 185
1713312875082 186.0 186
1713313196877 187.0 187
1713313608963 188.0 188
1713314038478 189.0 189
1713314414364 190.0 190
1713314792363 191.0 191
1713315171818 192.0 192
