1713233944866 7095944.0 0
1713234257766 7095944.0 1
1713234616724 7095944.0 2
1713234969161 7095944.0 3
1713235359872 7095944.0 4
1713235723869 7095944.0 5
1713236069473 7095944.0 6
1713236426213 7095944.0 7
1713236790179 7095944.0 8
1713237155956 7095944.0 9
1713237529790 7095944.0 10
1713237908871 7095944.0 11
1713238282241 7095944.0 12
1713238655509 7095944.0 13
1713239029080 7095944.0 14
1713239401832 7095944.0 15
1713239771069 7095944.0 16
1713240142888 7095944.0 17
1713240539188 7095944.0 18
1713240908137 7095944.0 19
1713241262370 7095944.0 20
1713241624989 7095944.0 21
1713241998297 7095944.0 22
1713242377047 7095944.0 23
1713242757058 7095944.0 24
1713243134465 7095944.0 25
1713243497886 7095944.0 26
1713243867193 7095944.0 27
1713244235578 7095944.0 28
1713244604155 7095944.0 29
1713244972682 7095944.0 30
1713245346678 7095944.0 31
1713245733660 7095944.0 32
1713246090587 7095944.0 33
1713246440591 7095944.0 34
1713246802833 7095944.0 35
1713247169733 7095944.0 36
1713247537496 7095944.0 37
1713247912640 7095944.0 38
1713248280942 7095944.0 39
1713248651812 7095944.0 40
1713249017602 7095944.0 41
1713249384569 7095944.0 42
1713249746223 7095944.0 43
1713250110713 7095944.0 44
1713250496888 7095944.0 45
1713250852565 7095944.0 46
1713251212124 7095944.0 47
1713251572333 7095944.0 48
1713251932677 7095944.0 49
1713252298130 7095944.0 50
1713252662000 7095944.0 51
1713253177480 7095944.0 52
1713253733075 7095944.0 53
1713254236530 7095944.0 54
1713254765825 7095944.0 55
1713255268081 7095944.0 56
1713255784863 7095944.0 57
1713256298942 7095944.0 58
1713256819045 7095944.0 59
1713257326287 7095944.0 60
1713257890490 7095944.0 61
1713258364349 7095944.0 62
1713258859459 7095944.0 63
1713259421813 7095944.0 64
1713259931873 7095944.0 65
1713260411428 7095944.0 66
1713260973014 7095944.0 67
1713261485757 7095944.0 68
1713262022690 7095944.0 69
1713262495543 7095944.0 70
1713263004470 7095944.0 71
1713263444852 7095944.0 72
1713264006248 7095944.0 73
1713264545821 7095944.0 74
1713265071916 7095944.0 75
1713265539618 7095944.0 76
1713266090231 7095944.0 77
1713266615705 7095944.0 78
1713267161588 7095944.0 79
1713267644675 7095944.0 80
1713268180329 7095944.0 81
1713268672904 7095944.0 82
1713269201394 7095944.0 83
1713269646354 7095944.0 84
1713270135357 7095944.0 85
1713270635024 7095944.0 86
1713271175860 7095944.0 87
1713271702533 7095944.0 88
1713272232624 7095944.0 89
1713272702388 7095944.0 90
1713273177698 7095944.0 91
1713273715600 7095944.0 92
1713274249709 7095944.0 93
1713274747423 7095944.0 94
1713275215725 7095944.0 95
1713275723829 7095944.0 96
1713276243067 7095944.0 97
1713276803123 7095944.0 98
1713277241662 7095944.0 99
1713277741689 7095944.0 100
1713278212951 7095944.0 101
1713278767592 7095944.0 102
1713279260586 7095944.0 103
1713279743650 7095944.0 104
1713280183424 7095944.0 105
1713280715398 7095944.0 106
1713281236202 7095944.0 107
1713281771852 7095944.0 108
1713282278934 7095944.0 109
1713282760506 7095944.0 110
1713283242007 7095944.0 111
1713283750472 7095944.0 112
1713284282616 7095944.0 113
1713284695366 7095944.0 114
1713285052555 7095944.0 115
1713285450545 7095944.0 116
1713285894057 7095944.0 117
1713286250457 7095944.0 118
1713286708102 7095944.0 119
1713287035635 7095944.0 120
1713287436828 7095944.0 121
1713287814856 7095944.0 122
1713288266573 7095944.0 123
1713288622717 7095944.0 124
1713288999820 7095944.0 125
1713289418727 7095944.0 126
1713289831719 7095944.0 127
1713290210349 7095944.0 128
1713290646564 7095944.0 129
1713290996498 7095944.0 130
1713291379976 7095944.0 131
1713291767057 7095944.0 132
1713292209469 7095944.0 133
1713292567199 7095944.0 134
1713292989995 7095944.0 135
1713293418054 7095944.0 136
1713293797976 7095944.0 137
1713294166804 7095944.0 138
1713294582634 7095944.0 139
1713295013198 7095944.0 140
1713295365692 7095944.0 141
1713295786311 7095944.0 142
1713296215928 7095944.0 143
1713296612531 7095944.0 144
1713296981824 7095944.0 145
1713297384138 7095944.0 146
1713297823118 7095944.0 147
1713298207554 7095944.0 148
1713298586126 7095944.0 149
1713299022916 7095944.0 150
1713299362709 7095944.0 151
1713299747292 7095944.0 152
1713300098468 7095944.0 153
1713300535691 7095944.0 154
1713300855526 7095944.0 155
1713301293749 7095944.0 156
1713301651605 7095944.0 157
1713302034322 7095944.0 158
1713302444472 7095944.0 159
1713302844372 7095944.0 160
1713303211491 7095944.0 161
1713303573468 7095944.0 162
1713304004758 7095944.0 163
1713304380426 7095944.0 164
1713304760347 7095944.0 165
1713305152819 7095944.0 166
1713305567953 7095944.0 167
1713305899885 7095944.0 168
1713306338832 7095944.0 169
1713306684972 7095944.0 170
1713307059028 7095944.0 171
1713307417379 7095944.0 172
1713307834599 7095944.0 173
1713308182631 7095944.0 174
1713308550380 7095944.0 175
1713308969413 7095944.0 176
1713309333093 7095944.0 177
1713309737532 7095944.0 178
1713310142982 7095944.0 179
1713310565139 7095944.0 180
1713310927943 7095944.0 181
1713311337466 7095944.0 182
1713311686255 7095944.0 183
1713312108338 7095944.0 184
1713312426454 7095944.0 185
1713312875084 7095944.0 186
1713313196879 7095944.0 187
1713313608964 7095944.0 188
1713314038479 7095944.0 189
1713314414365 7095944.0 190
1713314792365 7095944.0 191
1713315171820 7095944.0 192
