1713233944856 5.356472948971002 0
1713234257759 5.3175302666166555 1
1713234616714 5.32162082195282 2
1713234969154 5.312079386866611 3
1713235359863 5.313962267144866 4
1713235723864 5.306022451623626 5
1713236069466 5.302286280885987 6
1713236426209 5.304180791844493 7
1713236790174 5.307064891509388 8
1713237155953 5.306236690801123 9
1713237529784 5.308249774834384 10
1713237908862 5.31122688042081 11
1713238282233 5.301625496019488 12
1713238655504 5.303075110134871 13
1713239029070 5.303648883881777 14
1713239401828 5.307050492452539 15
1713239771062 5.307808727673862 16
1713240142878 5.305639897999556 17
1713240539180 5.305891501514808 18
1713240908129 5.307641267128613 19
1713241262361 5.307287556321724 20
1713241624986 5.304251605401868 21
1713241998289 5.3050502480372135 22
1713242377043 5.307757518213728 23
1713242757054 5.308067826473194 24
1713243134457 5.3064035954682724 25
1713243497881 5.306538638213406 26
1713243867184 5.3069205141585805 27
1713244235571 5.306334980156111 28
1713244604151 5.307235450200412 29
1713244972677 5.304920188110808 30
1713245346668 5.300710054195446 31
1713245733652 5.306011163022207 32
1713246090582 5.306151855251064 33
1713246440586 5.30509975163833 34
1713246802828 5.3023602489543995 35
1713247169725 5.302210192965425 36
1713247537487 5.305059269070625 37
1713247912633 5.303016725441684 38
1713248280934 5.303918703742649 39
1713248651804 5.301995154308236 40
1713249017598 5.300543479297472 41
1713249384563 5.3052240065906355 42
1713249746219 5.301843374967575 43
1713250110706 5.30170053632363 44
1713250496877 5.300906640032063 45
1713250852561 5.303058863334034 46
1713251212116 5.3043446275203125 47
1713251572329 5.302543617461039 48
1713251932668 5.302172878514165 49
1713252298122 5.3029336112996805 50
1713252661997 5.3026988467444545 51
1713253177474 5.300510950062586 52
1713253733069 5.301456388571988 53
1713254236524 5.300772227670835 54
1713254765817 5.299879434963931 55
1713255268076 5.299781432618266 56
1713255784855 5.296648620911267 57
1713256298935 5.300161346793175 58
1713256819039 5.301211130359898 59
1713257326281 5.300930675605069 60
1713257890481 5.299043412441793 61
1713258364346 5.3023144330667416 62
1713258859454 5.299269032867058 63
1713259421807 5.29888159295787 64
1713259931866 5.307868588877761 65
1713260411423 5.303712121818377 66
1713260973010 5.301452733900236 67
1713261485752 5.2980979065532265 68
1713262022683 5.301532683813053 69
1713262495539 5.298172392922899 70
1713263004464 5.296269431710243 71
1713263444844 5.298423009074253 72
1713264006242 5.295551199627959 73
1713264545818 5.296091149034708 74
1713265071908 5.297498852014542 75
1713265539612 5.294945116924203 76
1713266090223 5.30561976717866 77
1713266615697 5.2975390048130695 78
1713267161579 5.294340097385904 79
1713267644671 5.293446545367655 80
1713268180319 5.292067811540935 81
1713268672895 5.289452970027924 82
1713269201388 5.3028156511161635 83
1713269646349 5.302205518535946 84
1713270135353 5.298254593558934 85
1713270635018 5.296725310061289 86
1713271175856 5.2937434024137 87
1713271702527 5.2935586319021555 88
1713272232617 5.29691576698552 89
1713272702381 5.298627840436024 90
1713273177692 5.295230810409007 91
1713273715596 5.290677034336587 92
1713274249701 5.288313230742579 93
1713274747416 5.2888247914936235 94
1713275215716 5.278039471610732 95
1713275723820 5.277002508225649 96
1713276243059 5.2696045293756155 97
1713276803117 5.259385370689889 98
1713277241654 5.253435267702393 99
1713277741684 5.246068728358849 100
1713278212943 5.24058844473051 101
1713278767584 5.227098315306332 102
1713279260578 5.232879967793174 103
1713279743644 5.222922478681025 104
1713280183414 5.212086477357408 105
1713280715388 5.207139217983121 106
1713281236193 5.206693209383799 107
1713281771847 5.189081949384316 108
1713282278924 5.1959727950718095 109
1713282760500 5.184977187410645 110
1713283242003 5.182844792371211 111
1713283750466 5.177658842309661 112
1713284282612 5.164540502040283 113
1713284695357 5.163943901658058 114
1713285052545 5.132943944438644 115
1713285450535 5.1448383765376136 116
1713285894047 5.130282486910406 117
1713286250449 5.1353467288224595 118
1713286708094 5.131311062237491 119
1713287035627 5.1006268288778225 120
1713287436821 5.1114467016380765 121
1713287814851 5.115379314707673 122
1713288266569 5.10723085247952 123
1713288622710 5.093260187817656 124
1713288999811 5.0898949056863785 125
1713289418719 5.087246657065723 126
1713289831709 5.0827272327049915 127
1713290210345 5.057618313509485 128
1713290646557 5.058130476785743 129
1713290996487 5.053574822519137 130
1713291379971 5.05641990640889 131
1713291767049 5.039034068584442 132
1713292209459 5.0337865093479985 133
1713292567190 5.045532779849094 134
1713292989990 5.022794984605001 135
1713293418043 4.9978813946894975 136
1713293797967 5.0210655075700386 137
1713294166796 5.008502134810323 138
1713294582625 5.002021331178105 139
1713295013190 4.989610810966595 140
1713295365683 4.980585040281648 141
1713295786300 4.964794533732145 142
1713296215920 4.976690795758496 143
1713296612526 4.942788546499998 144
1713296981815 4.9776143645462785 145
1713297384131 4.963180549442768 146
1713297823109 4.962180534782617 147
1713298207547 4.938205667164015 148
1713298586116 4.94518951067458 149
1713299022912 4.92617644401996 150
1713299362703 4.918338795718939 151
1713299747284 4.918775909620782 152
1713300098461 4.91135794798965 153
1713300535682 4.896729994079341 154
1713300855517 4.887932821460392 155
1713301293740 4.893556120279043 156
1713301651597 4.888816673146642 157
1713302034317 4.882693620803564 158
1713302444461 4.886188940509506 159
1713302844363 4.846301424762477 160
1713303211483 4.856848250264707 161
1713303573459 4.870426113190859 162
1713304004749 4.853087318656237 163
1713304380418 4.860475723834141 164
1713304760339 4.833602193257083 165
1713305152811 4.8033182212839955 166
1713305567943 4.795743989231794 167
1713305899875 4.780906056904274 168
1713306338823 4.774959792261538 169
1713306684967 4.797680212427741 170
1713307059017 4.798816384180732 171
1713307417367 4.770423510800237 172
1713307834590 4.757922479963821 173
1713308182621 4.753481292854184 174
1713308550371 4.754433381816615 175
1713308969403 4.751441380252009 176
1713309333080 4.728027499564316 177
1713309737522 4.738201131963211 178
1713310142970 4.732741433965123 179
1713310565130 4.70658953131541 180
1713310927932 4.709270761712737 181
1713311337453 4.703001033352769 182
1713311686248 4.682279997869678 183
1713312108328 4.707153373438379 184
1713312426450 4.684970203625119 185
1713312875076 4.687838522960311 186
1713313196871 4.677698045321133 187
1713313608957 4.643480810458246 188
1713314038474 4.654441121155801 189
1713314414358 4.64488511176213 190
1713314792356 4.648118747641211 191
1713315171812 4.620845257588055 192
