1713233944851 9.999999999999821e-06 0
1713234257756 9.999999999999821e-06 1
1713234616711 8.015624999999992e-06 2
1713234969151 6.031249999999966e-06 3
1713235359859 4.046875000000031e-06 4
1713235723862 2.0624999999999637e-06 5
1713236069463 8.31203339551953e-08 6
1713236426206 8.531774963946304e-08 7
1713236790172 8.79142769378714e-08 8
1713237155951 9.09097066543002e-08 9
1713237529781 9.430379745399144e-08 10
1713237908858 9.809627588299413e-08 11
1713238282230 1.0228683639020466e-07 12
1713238655502 1.0687514135197958e-07 13
1713239029065 1.118608210993249e-07 14
1713239401826 1.1724347394770785e-07 15
1713239771059 1.2302266622938823e-07 16
1713240142874 1.2919793232837586e-07 17
1713240539177 1.3576877471794153e-07 18
1713240908124 1.4273466400070784e-07 19
1713241262358 1.5009503895128023e-07 20
1713241624984 1.5784930656148578e-07 21
1713241998286 1.659968420881456e-07 22
1713242377041 1.745369891033992e-07 23
1713242757052 1.8346905954760179e-07 24
1713243134452 1.927923337847543e-07 25
1713243497879 2.0250606066048197e-07 26
1713243867180 2.1260945756256332e-07 27
1713244235567 2.2310171048396235e-07 28
1713244604149 2.339819740884315e-07 29
1713244972675 2.4524937177861354e-07 30
1713245346664 2.5690299576666714e-07 31
1713245733649 2.6894190714738363e-07 32
1713246090579 2.8136513597387917e-07 33
1713246440584 2.9417168133569827e-07 34
1713246802825 3.07360511439455e-07 35
1713247169721 3.209305636920163e-07 36
1713247537483 3.3488074478602285e-07 37
1713247912631 3.492099307880793e-07 38
1713248280931 3.639169672292018e-07 39
1713248651800 3.7900066919791786e-07 40
1713249017596 3.944598214356729e-07 41
1713249384560 4.10293178434788e-07 42
1713249746217 4.26499464538757e-07 43
1713250110703 4.4307737404504926e-07 44
1713250496873 4.600255713103424e-07 45
1713250852559 4.773426908580338e-07 46
1713251212111 4.950273374883849e-07 47
1713251572328 5.130780863908282e-07 48
1713251932663 5.314934832587848e-07 49
1713252298119 5.502720444068486e-07 50
1713252661995 5.694122568903536e-07 51
1713253177472 5.889125786271412e-07 52
1713253733066 6.087714385220218e-07 53
1713254236521 6.28987236593112e-07 54
1713254765814 6.495583441009072e-07 55
1713255268074 6.704831036794755e-07 56
1713255784849 6.917598294698896e-07 57
1713256298932 7.133868072562186e-07 58
1713256819036 7.35362294603515e-07 59
1713257326279 7.576845209981839e-07 60
1713257890475 7.803516879907283e-07 61
1713258364344 8.033619693406326e-07 62
1713258859453 8.267135111633416e-07 63
1713259421804 8.504044320798478e-07 64
1713259931863 8.744328233681367e-07 65
1713260411420 8.987967491169624e-07 66
1713260973008 9.234942463819266e-07 67
1713261485751 9.485233253434918e-07 68
1713262022679 9.738819694673344e-07 69
1713262495538 9.995681356669589e-07 70
1713263004462 1.0255797544680435e-06 71
1713263444841 1.0519147301753802e-06 72
1713264006239 1.0785709410416824e-06 73
1713264545816 1.105546239438415e-06 74
1713265071902 1.1328384520289922e-06 75
1713265539608 1.1604453799437748e-06 76
1713266090218 1.188364798957158e-06 77
1713266615694 1.2165944596669925e-06 78
1713267161575 1.2451320876756013e-06 79
1713267644670 1.2739753837730903e-06 80
1713268180315 1.3031220241227102e-06 81
1713268672891 1.3325696604478689e-06 82
1713269201385 1.3623159202214062e-06 83
1713269646347 1.3923584068569431e-06 84
1713270135350 1.422694699901604e-06 85
1713270635015 1.4533223552312868e-06 86
1713271175854 1.4842389052476029e-06 87
1713271702524 1.515441859076437e-06 88
1713272232614 1.5469287027689108e-06 89
1713272702379 1.5786968995037304e-06 90
1713273177689 1.6107438897917418e-06 91
1713273715595 1.643067091681907e-06 92
1713274249698 1.6756639009695836e-06 93
1713274747412 1.7085316914061687e-06 94
1713275215712 1.7416678149107583e-06 95
1713275723817 1.7750696017834253e-06 96
1713276243053 1.8087343609205798e-06 97
1713276803115 1.8426593800312093e-06 98
1713277241649 1.8768419258561186e-06 99
1713277741682 1.9112792443875785e-06 100
1713278212938 1.945968561091455e-06 101
1713278767579 1.980907081130789e-06 102
1713279260575 2.0160919895907387e-06 103
1713279743641 2.0515204517057503e-06 104
1713280183411 2.0871896130875582e-06 105
1713280715384 2.123096599955327e-06 106
1713281236189 2.1592385193672274e-06 107
1713281771844 2.1956124594533686e-06 108
1713282278919 2.232215489650713e-06 109
1713282760497 2.2690446609387997e-06 110
1713283242001 2.306097006077479e-06 111
1713283750464 2.3433695398461114e-06 112
1713284282610 2.3808592592839073e-06 113
1713284695353 2.4185631439319898e-06 114
1713285052541 2.456478156076651e-06 115
1713285450531 2.4946012409941216e-06 116
1713285894044 2.5329293271967765e-06 117
1713286250444 2.571459326680475e-06 118
1713286708090 2.6101881351733545e-06 119
1713287035623 2.6491126323860237e-06 120
1713287436818 2.688229682262838e-06 121
1713287814848 2.7275361332347495e-06 122
1713288266567 2.7670288184730858e-06 123
1713288622707 2.806704556144531e-06 124
1713288999808 2.846560149667942e-06 125
1713289418715 2.886592387971498e-06 126
1713289831705 2.926798045751367e-06 127
1713290210344 2.967173883732041e-06 128
1713290646554 3.0077166489265857e-06 129
1713290996482 3.0484230748995727e-06 130
1713291379969 3.0892898820293617e-06 131
1713291767044 3.1303137777731804e-06 132
1713292209454 3.171491456931736e-06 133
1713292567186 3.2128196019158512e-06 134
1713292989988 3.2542948830136848e-06 135
1713293418039 3.2959139586589714e-06 136
1713293797963 3.3376734757002106e-06 137
1713294166792 3.3795700696709568e-06 138
1713294582622 3.4216003650606073e-06 139
1713295013186 3.463760975586913e-06 140
1713295365679 3.5060485044680223e-06 141
1713295786296 3.5484595446968894e-06 142
1713296215917 3.5909906793151464e-06 143
1713296612524 3.6336384816891155e-06 144
1713296981812 3.6763995157849604e-06 145
1713297384129 3.7192703364465254e-06 146
1713297823104 3.7622474896721363e-06 147
1713298207545 3.805327512893071e-06 148
1713298586112 3.8485069352528765e-06 149
1713299022911 3.8917822778865036e-06 150
1713299362701 3.935150054201032e-06 151
1713299747281 3.9786067701562565e-06 152
1713300098458 4.022148924546398e-06 153
1713300535678 4.0657730092817654e-06 154
1713300855513 4.109475509672404e-06 155
1713301293736 4.153252904709956e-06 156
1713301651593 4.197101667352118e-06 157
1713302034314 4.241018264807075e-06 158
1713302444458 4.28499915881712e-06 159
1713302844359 4.329040805944859e-06 160
1713303211478 4.373139657857675e-06 161
1713303573455 4.417292161614524e-06 162
1713304004745 4.461494759951624e-06 163
1713304380414 4.505743891568824e-06 164
1713304760334 4.5500359914176045e-06 165
1713305152807 4.594367490986892e-06 166
1713305567939 4.638734818591751e-06 167
1713305899871 4.6831343996603546e-06 168
1713306338819 4.727562657022504e-06 169
1713306684965 4.772016011197679e-06 170
1713307059013 4.816490880682937e-06 171
1713307417364 4.8609836822425365e-06 172
1713307834585 4.905490831195398e-06 173
1713308182616 4.950008741704825e-06 174
1713308550367 4.9945338270669954e-06 175
1713308969399 5.039062500000045e-06 176
1713309333076 5.0835911729330225e-06 177
1713309737518 5.128116258295191e-06 178
1713310142967 5.172634168804618e-06 179
1713310565126 5.21714131775748e-06 180
1713310927929 5.261634119316935e-06 181
1713311337447 5.3061089888023984e-06 182
1713311686244 5.35056234297752e-06 183
1713312108324 5.394990600339717e-06 184
1713312426448 5.439390181408326e-06 185
1713312875071 5.483757509013133e-06 186
1713313196866 5.528089008582454e-06 187
1713313608954 5.572381108431051e-06 188
1713314038472 5.616630240048465e-06 189
1713314414355 5.660832838385357e-06 190
1713314792352 5.704985342142231e-06 191
1713315171809 5.749084194055181e-06 192
