1715306254682 0.0 0
1715306420885 1.0 1
1715306594258 2.0 2
1715306763984 3.0 3
1715306932926 4.0 4
1715307098704 5.0 5
1715307270515 6.0 6
1715307434162 7.0 7
1715307604915 8.0 8
1715307774546 9.0 9
1715307945486 10.0 10
1715308106424 11.0 11
1715308268520 12.0 12
1715308438588 13.0 13
1715308611639 14.0 14
1715308778962 15.0 15
1715308944687 16.0 16
1715309109013 17.0 17
1715309276086 18.0 18
1715309449460 19.0 19
1715309618837 20.0 20
1715309779548 21.0 21
1715309939804 22.0 22
1715310111135 23.0 23
1715310270067 24.0 24
1715310440520 25.0 25
1715310610205 26.0 26
1715310780344 27.0 27
1715310938114 28.0 28
1715311101026 29.0 29
1715311271321 30.0 30
1715311443095 31.0 31
1715311607466 32.0 32
1715311772063 33.0 33
1715311935051 34.0 34
1715312104345 35.0 35
1715312276294 36.0 36
1715312444992 37.0 37
1715312601069 38.0 38
1715312764002 39.0 39
1715312933751 40.0 40
1715313094572 41.0 41
1715313262812 42.0 42
1715313432307 43.0 43
1715313601435 44.0 44
1715313761699 45.0 45
1715313921919 46.0 46
1715314090263 47.0 47
1715314260767 48.0 48
1715314425070 49.0 49
1715314589770 50.0 50
1715314754975 51.0 51
1715314927008 52.0 52
1715315096752 53.0 53
1715315266308 54.0 54
1715315423988 55.0 55
1715315592935 56.0 56
1715315759009 57.0 57
1715315922364 58.0 58
1715316091314 59.0 59
1715316262053 60.0 60
1715316427775 61.0 61
1715316587729 62.0 62
1715316745273 63.0 63
1715316915577 64.0 64
1715317088526 65.0 65
1715317251248 66.0 66
1715317411067 67.0 67
1715317570340 68.0 68
1715317741400 69.0 69
1715317911150 70.0 70
1715318079180 71.0 71
1715318235590 72.0 72
1715318407362 73.0 73
1715318566957 74.0 74
1715318732523 75.0 75
1715318902137 76.0 76
1715319074539 77.0 77
1715319235813 78.0 78
1715319393990 79.0 79
1715319557296 80.0 80
1715319727165 81.0 81
1715319899376 82.0 82
1715320064832 83.0 83
1715320220399 84.0 84
1715320380368 85.0 85
1715320551113 86.0 86
1715320721107 87.0 87
1715320889898 88.0 88
1715321049920 89.0 89
1715321221371 90.0 90
1715321381174 91.0 91
1715321546637 92.0 92
1715321715696 93.0 93
1715321887283 94.0 94
1715322042823 95.0 95
1715322208406 96.0 96
1715322372748 97.0 97
1715322544009 98.0 98
1715322715634 99.0 99
1715322878267 100.0 100
1715323038005 101.0 101
1715323203221 102.0 102
1715323374897 103.0 103
1715323543055 104.0 104
1715323711587 105.0 105
1715323868742 106.0 106
1715324039664 107.0 107
1715324206865 108.0 108
1715324376413 109.0 109
1715324546256 110.0 110
1715324718257 111.0 111
1715324879401 112.0 112
1715325034791 113.0 113
1715325200337 114.0 114
1715325372948 115.0 115
1715325544292 116.0 116
1715325705378 117.0 117
1715325866779 118.0 118
1715326035893 119.0 119
1715326205560 120.0 120
1715326375611 121.0 121
1715326545091 122.0 122
1715326714652 123.0 123
1715326880335 124.0 124
1715327044038 125.0 125
1715327213022 126.0 126
1715327385155 127.0 127
1715327554702 128.0 128
1715327715280 129.0 129
1715327879260 130.0 130
1715328045501 131.0 131
1715328217083 132.0 132
1715328386048 133.0 133
1715328543800 134.0 134
1715328711015 135.0 135
1715328881205 136.0 136
1715329046315 137.0 137
1715329214953 138.0 138
1715329380327 139.0 139
1715329546249 140.0 140
1715329712754 141.0 141
1715329877434 142.0 142
1715330041815 143.0 143
1715330209872 144.0 144
1715330376469 145.0 145
1715330544661 146.0 146
1715330709077 147.0 147
1715330876101 148.0 148
1715331039521 149.0 149
1715331205989 150.0 150
1715331376738 151.0 151
1715331541617 152.0 152
1715331707570 153.0 153
1715331874598 154.0 154
1715332039309 155.0 155
1715332204768 156.0 156
1715332369626 157.0 157
1715332535073 158.0 158
1715332702968 159.0 159
1715332868595 160.0 160
1715333032998 161.0 161
1715333197098 162.0 162
1715333365039 163.0 163
1715333533221 164.0 164
1715333698644 165.0 165
1715333865670 166.0 166
1715334031503 167.0 167
1715334199026 168.0 168
1715334364943 169.0 169
1715334531560 170.0 170
1715334699116 171.0 171
1715334863993 172.0 172
1715335031733 173.0 173
1715335196840 174.0 174
1715335362676 175.0 175
1715335529310 176.0 176
1715335692902 177.0 177
1715335859534 178.0 178
1715336023201 179.0 179
1715336190103 180.0 180
1715336356718 181.0 181
1715336520269 182.0 182
1715336686343 183.0 183
1715336849475 184.0 184
1715337016140 185.0 185
1715337182271 186.0 186
1715337346486 187.0 187
1715337513075 188.0 188
1715337675682 189.0 189
1715337841517 190.0 190
1715338008903 191.0 191
1715338174169 192.0 192
1715338341113 193.0 193
1715338504861 194.0 194
1715338671689 195.0 195
1715338833522 196.0 196
1715338998729 197.0 197
1715339164945 198.0 198
1715339328769 199.0 199
1715339489737 200.0 200
1715339649548 201.0 201
1715339813620 202.0 202
1715339979798 203.0 203
1715340143726 204.0 204
1715340308916 205.0 205
1715340474383 206.0 206
1715340639445 207.0 207
1715340801311 208.0 208
1715340965697 209.0 209
1715341132225 210.0 210
1715341297290 211.0 211
1715341462689 212.0 212
1715341630294 213.0 213
1715341793617 214.0 214
1715341958478 215.0 215
1715342121598 216.0 216
1715342287213 217.0 217
1715342453256 218.0 218
1715342616596 219.0 219
1715342782140 220.0 220
1715342945622 221.0 221
1715343111478 222.0 222
1715343277767 223.0 223
1715343441281 224.0 224
1715343604179 225.0 225
1715343767021 226.0 226
1715343931974 227.0 227
1715344095562 228.0 228
1715344259851 229.0 229
1715344425165 230.0 230
1715344588940 231.0 231
1715344756184 232.0 232
1715344922180 233.0 233
1715345085750 234.0 234
1715345251914 235.0 235
1715345416157 236.0 236
1715345583148 237.0 237
1715345749924 238.0 238
1715345913351 239.0 239
1715346078696 240.0 240
1715346242041 241.0 241
1715346408140 242.0 242
1715346574098 243.0 243
1715346737732 244.0 244
1715346904352 245.0 245
1715347066185 246.0 246
1715347233333 247.0 247
1715347398580 248.0 248
1715347562274 249.0 249
1715347728046 250.0 250
1715347891585 251.0 251
1715348058730 252.0 252
1715348221163 253.0 253
1715348385412 254.0 254
1715348549957 255.0 255
1715348713844 256.0 256
1715348878367 257.0 257
1715349040785 258.0 258
1715349204948 259.0 259
1715349370530 260.0 260
1715349533531 261.0 261
1715349699790 262.0 262
1715349863736 263.0 263
1715350029792 264.0 264
1715350194966 265.0 265
1715350358804 266.0 266
1715350524538 267.0 267
1715350687509 268.0 268
1715350853652 269.0 269
1715351020406 270.0 270
1715351183450 271.0 271
1715351350146 272.0 272
1715351513038 273.0 273
1715351679449 274.0 274
1715351845923 275.0 275
1715352009985 276.0 276
1715352174808 277.0 277
1715352337403 278.0 278
1715352501991 279.0 279
1715352665850 280.0 280
1715352829458 281.0 281
1715352990857 282.0 282
1715353152796 283.0 283
1715353319208 284.0 284
1715353484126 285.0 285
1715353648347 286.0 286
1715353812109 287.0 287
1715353976318 288.0 288
1715354144171 289.0 289
1715354309608 290.0 290
1715354474947 291.0 291
1715354640416 292.0 292
1715354804481 293.0 293
1715354970816 294.0 294
1715355133746 295.0 295
1715355298974 296.0 296
1715355463190 297.0 297
1715355626583 298.0 298
1715355789913 299.0 299
1715355953368 300.0 300
1715356116443 301.0 301
1715356281982 302.0 302
1715356446695 303.0 303
1715356611307 304.0 304
1715356774040 305.0 305
1715356939037 306.0 306
1715357105420 307.0 307
1715357270416 308.0 308
1715357436154 309.0 309
1715357598979 310.0 310
1715357763457 311.0 311
1715357929889 312.0 312
1715358094865 313.0 313
1715358260381 314.0 314
1715358424520 315.0 315
1715358590026 316.0 316
1715358756424 317.0 317
1715358920730 318.0 318
1715359084773 319.0 319
1715359249154 320.0 320
1715359415624 321.0 321
1715359579976 322.0 322
1715359744339 323.0 323
1715359909104 324.0 324
1715360072036 325.0 325
1715360237894 326.0 326
1715360403993 327.0 327
1715360567923 328.0 328
1715360731311 329.0 329
1715360894136 330.0 330
1715361060552 331.0 331
1715361226036 332.0 332
1715361390006 333.0 333
1715361556213 334.0 334
1715361719293 335.0 335
1715361885742 336.0 336
1715362051637 337.0 337
1715362215301 338.0 338
1715362380760 339.0 339
1715362544592 340.0 340
1715362708770 341.0 341
1715362873655 342.0 342
1715363037969 343.0 343
1715363204067 344.0 344
1715363367885 345.0 345
1715363534061 346.0 346
1715363696957 347.0 347
1715363861147 348.0 348
1715364026011 349.0 349
