1715306254683 7095944.0 0
1715306420887 7095944.0 1
1715306594259 7095944.0 2
1715306763985 7095944.0 3
1715306932927 7095944.0 4
1715307098706 7095944.0 5
1715307270516 7095944.0 6
1715307434163 7095944.0 7
1715307604916 7095944.0 8
1715307774547 7095944.0 9
1715307945487 7095944.0 10
1715308106425 7095944.0 11
1715308268521 7095944.0 12
1715308438590 7095944.0 13
1715308611640 7095944.0 14
1715308778964 7095944.0 15
1715308944688 7095944.0 16
1715309109014 7095944.0 17
1715309276087 7095944.0 18
1715309449462 7095944.0 19
1715309618839 7095944.0 20
1715309779549 7095944.0 21
1715309939805 7095944.0 22
1715310111136 7095944.0 23
1715310270069 7095944.0 24
1715310440521 7095944.0 25
1715310610207 7095944.0 26
1715310780345 7095944.0 27
1715310938115 7095944.0 28
1715311101027 7095944.0 29
1715311271323 7095944.0 30
1715311443096 7095944.0 31
1715311607467 7095944.0 32
1715311772064 7095944.0 33
1715311935052 7095944.0 34
1715312104346 7095944.0 35
1715312276296 7095944.0 36
1715312444993 7095944.0 37
1715312601070 7095944.0 38
1715312764003 7095944.0 39
1715312933752 7095944.0 40
1715313094573 7095944.0 41
1715313262813 7095944.0 42
1715313432309 7095944.0 43
1715313601436 7095944.0 44
1715313761700 7095944.0 45
1715313921920 7095944.0 46
1715314090264 7095944.0 47
1715314260769 7095944.0 48
1715314425071 7095944.0 49
1715314589771 7095944.0 50
1715314754976 7095944.0 51
1715314927009 7095944.0 52
1715315096753 7095944.0 53
1715315266310 7095944.0 54
1715315423990 7095944.0 55
1715315592936 7095944.0 56
1715315759012 7095944.0 57
1715315922365 7095944.0 58
1715316091316 7095944.0 59
1715316262054 7095944.0 60
1715316427776 7095944.0 61
1715316587731 7095944.0 62
1715316745275 7095944.0 63
1715316915578 7095944.0 64
1715317088527 7095944.0 65
1715317251249 7095944.0 66
1715317411068 7095944.0 67
1715317570341 7095944.0 68
1715317741402 7095944.0 69
1715317911151 7095944.0 70
1715318079182 7095944.0 71
1715318235591 7095944.0 72
1715318407363 7095944.0 73
1715318566958 7095944.0 74
1715318732524 7095944.0 75
1715318902138 7095944.0 76
1715319074540 7095944.0 77
1715319235815 7095944.0 78
1715319393992 7095944.0 79
1715319557297 7095944.0 80
1715319727166 7095944.0 81
1715319899378 7095944.0 82
1715320064835 7095944.0 83
1715320220400 7095944.0 84
1715320380370 7095944.0 85
1715320551115 7095944.0 86
1715320721108 7095944.0 87
1715320889899 7095944.0 88
1715321049922 7095944.0 89
1715321221372 7095944.0 90
1715321381175 7095944.0 91
1715321546638 7095944.0 92
1715321715698 7095944.0 93
1715321887284 7095944.0 94
1715322042824 7095944.0 95
1715322208407 7095944.0 96
1715322372750 7095944.0 97
1715322544011 7095944.0 98
1715322715636 7095944.0 99
1715322878268 7095944.0 100
1715323038007 7095944.0 101
1715323203222 7095944.0 102
1715323374899 7095944.0 103
1715323543056 7095944.0 104
1715323711588 7095944.0 105
1715323868744 7095944.0 106
1715324039665 7095944.0 107
1715324206866 7095944.0 108
1715324376414 7095944.0 109
1715324546258 7095944.0 110
1715324718258 7095944.0 111
1715324879402 7095944.0 112
1715325034792 7095944.0 113
1715325200338 7095944.0 114
1715325372949 7095944.0 115
1715325544293 7095944.0 116
1715325705381 7095944.0 117
1715325866781 7095944.0 118
1715326035894 7095944.0 119
1715326205562 7095944.0 120
1715326375612 7095944.0 121
1715326545093 7095944.0 122
1715326714654 7095944.0 123
1715326880336 7095944.0 124
1715327044040 7095944.0 125
1715327213024 7095944.0 126
1715327385156 7095944.0 127
1715327554703 7095944.0 128
1715327715281 7095944.0 129
1715327879262 7095944.0 130
1715328045503 7095944.0 131
1715328217085 7095944.0 132
1715328386049 7095944.0 133
1715328543802 7095944.0 134
1715328711017 7095944.0 135
1715328881206 7095944.0 136
1715329046316 7095944.0 137
1715329214955 7095944.0 138
1715329380328 7095944.0 139
1715329546250 7095944.0 140
1715329712755 7095944.0 141
1715329877435 7095944.0 142
1715330041817 7095944.0 143
1715330209873 7095944.0 144
1715330376471 7095944.0 145
1715330544663 7095944.0 146
1715330709078 7095944.0 147
1715330876102 7095944.0 148
1715331039522 7095944.0 149
1715331205990 7095944.0 150
1715331376740 7095944.0 151
1715331541618 7095944.0 152
1715331707572 7095944.0 153
1715331874600 7095944.0 154
1715332039311 7095944.0 155
1715332204769 7095944.0 156
1715332369628 7095944.0 157
1715332535074 7095944.0 158
1715332702970 7095944.0 159
1715332868596 7095944.0 160
1715333032999 7095944.0 161
1715333197099 7095944.0 162
1715333365040 7095944.0 163
1715333533223 7095944.0 164
1715333698646 7095944.0 165
1715333865671 7095944.0 166
1715334031505 7095944.0 167
1715334199027 7095944.0 168
1715334364944 7095944.0 169
1715334531562 7095944.0 170
1715334699118 7095944.0 171
1715334863995 7095944.0 172
1715335031734 7095944.0 173
1715335196841 7095944.0 174
1715335362677 7095944.0 175
1715335529311 7095944.0 176
1715335692903 7095944.0 177
1715335859535 7095944.0 178
1715336023203 7095944.0 179
1715336190104 7095944.0 180
1715336356719 7095944.0 181
1715336520270 7095944.0 182
1715336686344 7095944.0 183
1715336849476 7095944.0 184
1715337016142 7095944.0 185
1715337182272 7095944.0 186
1715337346487 7095944.0 187
1715337513076 7095944.0 188
1715337675684 7095944.0 189
1715337841519 7095944.0 190
1715338008904 7095944.0 191
1715338174171 7095944.0 192
1715338341114 7095944.0 193
1715338504864 7095944.0 194
1715338671690 7095944.0 195
1715338833523 7095944.0 196
1715338998730 7095944.0 197
1715339164946 7095944.0 198
1715339328771 7095944.0 199
1715339489739 7095944.0 200
1715339649549 7095944.0 201
1715339813621 7095944.0 202
1715339979799 7095944.0 203
1715340143727 7095944.0 204
1715340308917 7095944.0 205
1715340474384 7095944.0 206
1715340639445 7095944.0 207
1715340801312 7095944.0 208
1715340965699 7095944.0 209
1715341132227 7095944.0 210
1715341297292 7095944.0 211
1715341462691 7095944.0 212
1715341630295 7095944.0 213
1715341793619 7095944.0 214
1715341958479 7095944.0 215
1715342121599 7095944.0 216
1715342287214 7095944.0 217
1715342453258 7095944.0 218
1715342616597 7095944.0 219
1715342782141 7095944.0 220
1715342945624 7095944.0 221
1715343111479 7095944.0 222
1715343277768 7095944.0 223
1715343441282 7095944.0 224
1715343604180 7095944.0 225
1715343767022 7095944.0 226
1715343931975 7095944.0 227
1715344095563 7095944.0 228
1715344259853 7095944.0 229
1715344425165 7095944.0 230
1715344588942 7095944.0 231
1715344756186 7095944.0 232
1715344922181 7095944.0 233
1715345085752 7095944.0 234
1715345251916 7095944.0 235
1715345416158 7095944.0 236
1715345583149 7095944.0 237
1715345749925 7095944.0 238
1715345913352 7095944.0 239
1715346078697 7095944.0 240
1715346242042 7095944.0 241
1715346408141 7095944.0 242
1715346574098 7095944.0 243
1715346737734 7095944.0 244
1715346904353 7095944.0 245
1715347066186 7095944.0 246
1715347233334 7095944.0 247
1715347398582 7095944.0 248
1715347562275 7095944.0 249
1715347728048 7095944.0 250
1715347891587 7095944.0 251
1715348058731 7095944.0 252
1715348221164 7095944.0 253
1715348385413 7095944.0 254
1715348549959 7095944.0 255
1715348713846 7095944.0 256
1715348878368 7095944.0 257
1715349040786 7095944.0 258
1715349204949 7095944.0 259
1715349370531 7095944.0 260
1715349533533 7095944.0 261
1715349699791 7095944.0 262
1715349863738 7095944.0 263
1715350029795 7095944.0 264
1715350194967 7095944.0 265
1715350358806 7095944.0 266
1715350524539 7095944.0 267
1715350687510 7095944.0 268
1715350853653 7095944.0 269
1715351020407 7095944.0 270
1715351183451 7095944.0 271
1715351350147 7095944.0 272
1715351513039 7095944.0 273
1715351679450 7095944.0 274
1715351845925 7095944.0 275
1715352009986 7095944.0 276
1715352174809 7095944.0 277
1715352337404 7095944.0 278
1715352501992 7095944.0 279
1715352665851 7095944.0 280
1715352829460 7095944.0 281
1715352990858 7095944.0 282
1715353152798 7095944.0 283
1715353319209 7095944.0 284
1715353484127 7095944.0 285
1715353648348 7095944.0 286
1715353812110 7095944.0 287
1715353976320 7095944.0 288
1715354144172 7095944.0 289
1715354309609 7095944.0 290
1715354474948 7095944.0 291
1715354640417 7095944.0 292
1715354804483 7095944.0 293
1715354970817 7095944.0 294
1715355133748 7095944.0 295
1715355298976 7095944.0 296
1715355463191 7095944.0 297
1715355626585 7095944.0 298
1715355789914 7095944.0 299
1715355953369 7095944.0 300
1715356116444 7095944.0 301
1715356281983 7095944.0 302
1715356446696 7095944.0 303
1715356611308 7095944.0 304
1715356774042 7095944.0 305
1715356939038 7095944.0 306
1715357105421 7095944.0 307
1715357270417 7095944.0 308
1715357436155 7095944.0 309
1715357598980 7095944.0 310
1715357763458 7095944.0 311
1715357929890 7095944.0 312
1715358094867 7095944.0 313
1715358260382 7095944.0 314
1715358424521 7095944.0 315
1715358590028 7095944.0 316
1715358756426 7095944.0 317
1715358920731 7095944.0 318
1715359084774 7095944.0 319
1715359249156 7095944.0 320
1715359415625 7095944.0 321
1715359579977 7095944.0 322
1715359744340 7095944.0 323
1715359909105 7095944.0 324
1715360072037 7095944.0 325
1715360237896 7095944.0 326
1715360403994 7095944.0 327
1715360567925 7095944.0 328
1715360731312 7095944.0 329
1715360894137 7095944.0 330
1715361060553 7095944.0 331
1715361226037 7095944.0 332
1715361390008 7095944.0 333
1715361556214 7095944.0 334
1715361719294 7095944.0 335
1715361885744 7095944.0 336
1715362051639 7095944.0 337
1715362215302 7095944.0 338
1715362380761 7095944.0 339
1715362544593 7095944.0 340
1715362708772 7095944.0 341
1715362873657 7095944.0 342
1715363037971 7095944.0 343
1715363204068 7095944.0 344
1715363367886 7095944.0 345
1715363534063 7095944.0 346
1715363696959 7095944.0 347
1715363861149 7095944.0 348
1715364026014 7095944.0 349
