1715306254677 5.318384191009896 0
1715306420876 5.3102234653168665 1
1715306594255 5.305739636801503 2
1715306763980 5.2996638186870175 3
1715306932923 5.301837137140379 4
1715307098695 5.3009082554308184 5
1715307270510 5.296119066835181 6
1715307434157 5.295205359078624 7
1715307604911 5.295408067527724 8
1715307774542 5.29726273589339 9
1715307945482 5.297233610796782 10
1715308106419 5.296627255305191 11
1715308268516 5.293258953679559 12
1715308438583 5.2942942490606955 13
1715308611634 5.295113864851875 14
1715308778952 5.292896917261229 15
1715308944680 5.2952847246743415 16
1715309109005 5.295123334311269 17
1715309276082 5.293639370268839 18
1715309449453 5.293465959513846 19
1715309618829 5.294066069316279 20
1715309779543 5.292459005227118 21
1715309939799 5.291932363451624 22
1715310111130 5.293409444071764 23
1715310270063 5.293131573799929 24
1715310440515 5.290061058442285 25
1715310610197 5.293339126680526 26
1715310780340 5.292766234626068 27
1715310938109 5.291536512550401 28
1715311101020 5.292277681315603 29
1715311271313 5.2879793102755865 30
1715311443091 5.288892193074607 31
1715311607462 5.290254753791482 32
1715311772059 5.2869516062590245 33
1715311935048 5.288291404583703 34
1715312104341 5.288742518863795 35
1715312276285 5.286296288659967 36
1715312444987 5.28522246308122 37
1715312601064 5.287746438219504 38
1715312764000 5.285358680537874 39
1715312933747 5.286064104068498 40
1715313094568 5.2796225577044344 41
1715313262807 5.281737742979834 42
1715313432300 5.2803822763127055 43
1715313601426 5.279422101798964 44
1715313761695 5.2776940146838225 45
1715313921915 5.2773294507360164 46
1715314090258 5.277772274485395 47
1715314260760 5.276238637467835 48
1715314425066 5.274852506953515 49
1715314589765 5.272897498007932 50
1715314754966 5.271406559856391 51
1715314927003 5.26956016154377 52
1715315096747 5.267080886232341 53
1715315266299 5.26745520340153 54
1715315423980 5.2606214014299075 55
1715315592931 5.265064178068945 56
1715315759001 5.262127583743604 57
1715315922358 5.26435591399304 58
1715316091309 5.256545043430445 59
1715316262049 5.256933814908829 60
1715316427771 5.257686363407439 61
1715316587723 5.25806885701747 62
1715316745266 5.256316977775901 63
1715316915572 5.246382783527023 64
1715317088517 5.248500294480587 65
1715317251244 5.257799283127112 66
1715317411063 5.242825935223351 67
1715317570335 5.239652581010128 68
1715317741393 5.239007768455458 69
1715317911145 5.2381609553939725 70
1715318079172 5.234919404690983 71
1715318235585 5.2364157021411355 72
1715318407358 5.230121235174636 73
1715318566953 5.230340849402492 74
1715318732519 5.222998540094293 75
1715318902128 5.221029735050318 76
1715319074535 5.219275927982447 77
1715319235806 5.21596360060335 78
1715319393982 5.2099382306900495 79
1715319557292 5.217362169839122 80
1715319727160 5.20862981293099 81
1715319899367 5.203868327696631 82
1715320064821 5.2119014833602435 83
1715320220394 5.209836573688531 84
1715320380361 5.193077444298867 85
1715320551106 5.195237572207772 86
1715320721103 5.197889883825384 87
1715320889893 5.1930178864601935 88
1715321049913 5.202012720283555 89
1715321221363 5.188431011387175 90
1715321381170 5.171493196779965 91
1715321546632 5.176958660406569 92
1715321715692 5.181425574367032 93
1715321887278 5.1742738741307175 94
1715322042819 5.171903914469151 95
1715322208402 5.1759979768764754 96
1715322372744 5.159154616981928 97
1715322544005 5.158531030994252 98
1715322715627 5.1672588506359265 99
1715322878263 5.16759218028718 100
1715323037998 5.166114186948063 101
1715323203217 5.153053994559071 102
1715323374889 5.16407049799258 103
1715323543050 5.152156101414031 104
1715323711582 5.1585196015293615 105
1715323868733 5.141466117344019 106
1715324039660 5.145137260296593 107
1715324206859 5.13013147576455 108
1715324376408 5.138963453608788 109
1715324546247 5.142961396761467 110
1715324718254 5.1341789017425725 111
1715324879397 5.134857950035048 112
1715325034787 5.132889250304801 113
1715325200332 5.120096879502747 114
1715325372944 5.110985872935664 115
1715325544284 5.115673343096774 116
1715325705370 5.103150990843042 117
1715325866769 5.1042567674367705 118
1715326035889 5.1236314715051945 119
1715326205553 5.103835904525101 120
1715326375607 5.11411211973319 121
1715326545083 5.104779512604321 122
1715326714648 5.093941700239123 123
1715326880331 5.101548946708258 124
1715327044034 5.09557316493403 125
1715327213014 5.1138395444015785 126
1715327385150 5.093489638135477 127
1715327554693 5.087504269886602 128
1715327715275 5.075641825155246 129
1715327879256 5.081636191877119 130
1715328045490 5.081379931397233 131
1715328217076 5.067723751068115 132
1715328386043 5.06829849196358 133
1715328543790 5.070757611397585 134
1715328711007 5.03928367345611 135
1715328881200 5.050218901019886 136
1715329046311 5.067235408385107 137
1715329214944 5.0551390677142 138
1715329380323 5.06187658075906 139
1715329546240 5.062488131727909 140
1715329712750 5.043117529044122 141
1715329877426 5.042441806910229 142
1715330041808 5.047608720744314 143
1715330209868 5.0201029163196775 144
1715330376462 5.052472237429004 145
1715330544653 5.028650415455637 146
1715330709073 5.033248921844857 147
1715330876097 5.02113149502526 148
1715331039518 5.035907563987685 149
1715331205984 5.020200115040036 150
1715331376727 5.019990441257968 151
1715331541613 5.029538540752387 152
1715331707563 5.020562628295524 153
1715331874590 4.9979543451882575 154
1715332039301 5.010660168583407 155
1715332204764 5.014459203357346 156
1715332369615 4.993928991212435 157
1715332535065 5.004495620727539 158
1715332702964 4.992597120671184 159
1715332868590 4.998501765947401 160
1715333032994 4.995184292822528 161
1715333197090 4.990994918565809 162
1715333365035 4.989436050134202 163
1715333533214 4.99508915064525 164
1715333698640 4.99032877998118 165
1715333865662 4.963198228847761 166
1715334031499 4.955170985379834 167
1715334199022 4.973370221494897 168
1715334364934 4.954855313330341 169
1715334531552 4.95273553813162 170
1715334699112 4.952964238593915 171
1715334863985 4.971816460779108 172
1715335031728 4.938988709010961 173
1715335196835 4.911657239761821 174
1715335362672 4.932902198627683 175
1715335529305 4.921097486297046 176
1715335692896 4.945463230273475 177
1715335859530 4.956953335393426 178
1715336023193 4.9511596030252845 179
1715336190099 4.940040898469328 180
1715336356713 4.910561567435235 181
1715336520265 4.946754695447676 182
1715336686339 4.9070267238499925 183
1715336849468 4.929015399488203 184
1715337016132 4.94647708553478 185
1715337182266 4.890310331356306 186
1715337346482 4.914161948338608 187
1715337513071 4.9253748677259575 188
1715337675674 4.881589596988233 189
1715337841509 4.891959152338695 190
1715338008899 4.908768419839122 191
1715338174165 4.904111835854185 192
1715338341108 4.892399545096181 193
1715338504851 4.8740116803924 194
1715338671685 4.876567580217233 195
1715338833513 4.887278659212077 196
1715338998724 4.896249501983081 197
1715339164942 4.864139682676163 198
1715339328760 4.853023485172014 199
1715339489728 4.84213937572175 200
1715339649540 4.846593953349108 201
1715339813617 4.830049195903942 202
1715339979794 4.826174370350282 203
1715340143718 4.8569727529046 204
1715340308912 4.836593630855069 205
1715340474379 4.802512180585802 206
1715340639442 4.845245463716472 207
1715340801307 4.806772448533883 208
1715340965687 4.818402708673769 209
1715341132221 4.82330921091185 210
1715341297283 4.830613022201632 211
1715341462682 4.840802172210319 212
1715341630289 4.828626661944243 213
1715341793609 4.817536038123757 214
1715341958474 4.824340682819577 215
1715342121594 4.804073278157989 216
1715342287208 4.777592966161623 217
1715342453252 4.815558023979327 218
1715342616588 4.815982060929749 219
1715342782131 4.7631594739808625 220
1715342945614 4.811099064130724 221
1715343111473 4.773408237410469 222
1715343277762 4.7758085245003725 223
1715343441273 4.722278884583456 224
1715343604176 4.773894374355948 225
1715343767017 4.747342729861019 226
1715343931970 4.744847838864005 227
1715344095555 4.787030827048366 228
1715344259844 4.725213773411475 229
1715344425162 4.734351042589527 230
1715344588936 4.748678217636296 231
1715344756180 4.72995090192081 232
1715344922176 4.703945932212783 233
1715345085741 4.711078415619084 234
1715345251906 4.734868599593273 235
1715345416153 4.714441251169684 236
1715345583144 4.692248303466048 237
1715345749921 4.712078812663541 238
1715345913347 4.721228165129211 239
1715346078692 4.6834047425744 240
1715346242037 4.7295346698878005 241
1715346408136 4.706344329506342 242
1715346574095 4.7377468354862895 243
1715346737723 4.7019545651652335 244
1715346904348 4.698453792033751 245
1715347066181 4.677862901629115 246
1715347233324 4.686759354878057 247
1715347398572 4.657718728656418 248
1715347562266 4.6711143584339165 249
1715347728042 4.6110151808686055 250
1715347891577 4.667731788260805 251
1715348058726 4.639811999958717 252
1715348221158 4.657490665927255 253
1715348385407 4.657994968028157 254
1715348549950 4.612710405712479 255
1715348713837 4.668412002317744 256
1715348878362 4.667691615461572 257
1715349040780 4.593622032118721 258
1715349204944 4.5846019112990675 259
1715349370525 4.652993661494343 260
1715349533527 4.642879687935297 261
1715349699786 4.635330061239699 262
1715349863732 4.646625527574972 263
1715350029784 4.629908229675761 264
1715350194961 4.59531315996603 265
1715350358795 4.5927096861271774 266
1715350524534 4.594389391823049 267
1715350687504 4.604075567853963 268
1715350853648 4.649152062421927 269
1715351020401 4.633046226267434 270
1715351183446 4.5828572650628585 271
1715351350141 4.582467905582826 272
1715351513033 4.6308501088546095 273
1715351679444 4.579712063256948 274
1715351845917 4.577719583101799 275
1715352009981 4.59838681425785 276
1715352174800 4.569777032349007 277
1715352337399 4.601436951409088 278
1715352501988 4.569535343193569 279
1715352665846 4.612590334898123 280
1715352829450 4.586452726937511 281
1715352990853 4.613510831002078 282
1715353152789 4.629147952319654 283
1715353319204 4.524478080082525 284
1715353484121 4.54524529784735 285
1715353648343 4.572358618484684 286
1715353812105 4.580566398936547 287
1715353976310 4.516235753802434 288
1715354144167 4.553595035354053 289
1715354309603 4.550880442367741 290
1715354474939 4.539076906040402 291
1715354640412 4.498144136616057 292
1715354804477 4.562234920958068 293
1715354970811 4.544778992061966 294
1715355133737 4.563311278454365 295
1715355298966 4.526320963549468 296
1715355463185 4.492071042031598 297
1715355626574 4.516860292001736 298
1715355789908 4.519082301964789 299
1715355953364 4.513201461979216 300
1715356116434 4.5347993432378475 301
1715356281978 4.51078897458644 302
1715356446691 4.535096248966053 303
1715356611299 4.500554630361452 304
1715356774033 4.545516463145157 305
1715356939032 4.453766136813018 306
1715357105417 4.467211792074099 307
1715357270411 4.5035845677545465 308
1715357436149 4.484707424245729 309
1715357598974 4.485640714504967 310
1715357763452 4.488624125170562 311
1715357929885 4.451825149220191 312
1715358094858 4.491882640159934 313
1715358260377 4.4439028962258185 314
1715358424516 4.46671383219994 315
1715358590021 4.46395313374104 316
1715358756420 4.487980418410038 317
1715358920726 4.449411234241322 318
1715359084769 4.450515188322477 319
1715359249148 4.429842994256985 320
1715359415619 4.50839885612207 321
1715359579973 4.506680158018335 322
1715359744336 4.401097656027671 323
1715359909099 4.407141103334953 324
1715360072033 4.425531941688865 325
1715360237887 4.424637838375349 326
1715360403989 4.483445250914872 327
1715360567915 4.465749750839421 328
1715360731307 4.398852806149816 329
1715360894131 4.390097720491374 330
1715361060542 4.399338744169364 331
1715361226034 4.409041472007892 332
1715361389998 4.428235103747596 333
1715361556209 4.394243058982802 334
1715361719289 4.372544271082966 335
1715361885735 4.400975581327099 336
1715362051629 4.423295954253776 337
1715362215292 4.43897050436289 338
1715362380755 4.3829871116240335 339
1715362544589 4.394876152459829 340
1715362708761 4.359372207723513 341
1715362873648 4.4165983594999725 342
1715363037960 4.3948170743836945 343
1715363204058 4.405537621375242 344
1715363367881 4.313804785898126 345
1715363534052 4.421176114696666 346
1715363696949 4.386500365894996 347
1715363861142 4.3936306932952505 348
1715364026002 4.319674355852092 349
