1715306254674 1.0000000000000023e-05 0
1715306420872 1.0000000000000023e-05 1
1715306594253 8.070312500000028e-06 2
1715306763978 6.140624999999984e-06 3
1715306932921 4.2109374999999905e-06 4
1715307098687 2.2812500000000038e-06 5
1715307270508 3.5642016727139193e-07 6
1715307434155 3.585570242556973e-07 7
1715307604908 3.6108199371517404e-07 8
1715307774539 3.639948722189451e-07 9
1715307945479 3.672954250832117e-07 10
1715308106417 3.709833863901532e-07 11
1715308268514 3.7505845900937135e-07 12
1715308438581 3.795203146218079e-07 13
1715308611632 3.8436859374619624e-07 14
1715308778947 3.896029057680458e-07 15
1715308944676 3.952228289710943e-07 16
1715309109002 4.012279105712927e-07 17
1715309276080 4.076176667532728e-07 18
1715309449448 4.14391582709346e-07 19
1715309618824 4.2154911268096496e-07 20
1715309779541 4.2908968000270234e-07 21
1715309939798 4.3701267714870896e-07 22
1715310111128 4.45317465781651e-07 23
1715310270061 4.5400337680416454e-07 24
1715310440513 4.6306971041273405e-07 25
1715310610193 4.7251573615409217e-07 26
1715310780337 4.823406929840648e-07 27
1715310938107 4.925437893288907e-07 28
1715311101016 5.031242031489868e-07 29
1715311271309 5.140810820051891e-07 30
1715311443088 5.254135431274259e-07 31
1715311607460 5.371206734858459e-07 32
1715311772057 5.492015298643668e-07 33
1715311935046 5.616551389366806e-07 34
1715312104338 5.744804973446693e-07 35
1715312276280 5.876765717792367e-07 36
1715312444985 6.012422990635749e-07 37
1715312601062 6.151765862388013e-07 38
1715312763998 6.294783106520155e-07 39
1715312933745 6.441463200467933e-07 40
1715313094566 6.591794326559568e-07 41
1715313262805 6.745764372968218e-07 42
1715313432295 6.90336093468789e-07 43
1715313601421 7.064571314532585e-07 44
1715313761692 7.229382524159563e-07 45
1715313921913 7.397781285115564e-07 46
1715314090256 7.569754029906809e-07 47
1715314260755 7.745286903091961e-07 48
1715314425064 7.924365762398424e-07 49
1715314589763 8.10697617986194e-07 50
1715314754961 8.293103442988744e-07 51
1715314927001 8.482732555941132e-07 52
1715315096743 8.675848240745563e-07 53
1715315266294 8.872434938523483e-07 54
1715315423976 9.072476810745042e-07 55
1715315592929 9.275957740504982e-07 56
1715315758999 9.482861333821432e-07 57
1715315922354 9.693170920956253e-07 58
1715316091307 9.906869557758516e-07 59
1715316262047 1.0123940027029618e-06 60
1715316427769 1.0344364839910015e-06 61
1715316587719 1.0568126237288714e-06 62
1715316745260 1.079520619123406e-06 63
1715316915570 1.1025586406445717e-06 64
1715317088512 1.1259248321729527e-06 65
1715317251241 1.1496173111491798e-06 66
1715317411060 1.1736341687257356e-06 67
1715317570332 1.197973469920624e-06 68
1715317741388 1.2226332537733624e-06 69
1715317911143 1.2476115335029029e-06 70
1715318079168 1.2729062966677308e-06 71
1715318235582 1.2985155053280334e-06 72
1715318407356 1.3244370962098159e-06 73
1715318566951 1.3506689808712204e-06 74
1715318732516 1.3772090458707255e-06 75
1715318902123 1.4040551529374355e-06 76
1715319074532 1.4312051391433703e-06 77
1715319235802 1.4586568170777418e-06 78
1715319393978 1.4864079750231027e-06 79
1715319557290 1.5144563771336877e-06 80
1715319727158 1.5427997636153868e-06 81
1715319899363 1.571435850907952e-06 82
1715320064819 1.6003623318688654e-06 83
1715320220392 1.6295768759593047e-06 84
1715320380356 1.6590771294318545e-06 85
1715320551100 1.688860715520195e-06 86
1715320721101 1.7189252346305322e-06 87
1715320889891 1.7492682645349574e-06 88
1715321049909 1.7798873605666115e-06 89
1715321221358 1.8107800558166357e-06 90
1715321381168 1.8419438613328974e-06 91
1715321546630 1.873376266320582e-06 92
1715321715690 1.9050747383444307e-06 93
1715321887276 1.937036723532755e-06 94
1715322042817 1.969259646783284e-06 95
1715322208400 2.0017409119705275e-06 96
1715322372742 2.0344779021550166e-06 97
1715322544003 2.067467979794145e-06 98
1715322715625 2.100708486954558e-06 99
1715322878261 2.134196745526486e-06 100
1715323037994 2.1679300574393066e-06 101
1715323203215 2.201905704879115e-06 102
1715323374885 2.2361209505075507e-06 103
1715323543048 2.270573037682373e-06 104
1715323711580 2.3052591906796298e-06 105
1715323868729 2.340176614917171e-06 106
1715324039658 2.3753224971799006e-06 107
1715324206857 2.4106940058464043e-06 108
1715324376406 2.4462882911170606e-06 109
1715324546242 2.482102485243609e-06 110
1715324718252 2.5181337027603626e-06 111
1715324879395 2.5543790407164593e-06 112
1715325034785 2.590835578909912e-06 113
1715325200331 2.6275003801228087e-06 114
1715325372942 2.664370490357986e-06 115
1715325544279 2.7014429390769797e-06 116
1715325705366 2.7387147394394144e-06 117
1715325866765 2.776182888543629e-06 118
1715326035887 2.8138443676686022e-06 119
1715326205549 2.851696142517116e-06 120
1715326375605 2.889735163460334e-06 121
1715326545080 2.9279583657834303e-06 122
1715326714646 2.9663626699324677e-06 123
1715326880328 3.0049449817626242e-06 124
1715327044032 3.043702192787361e-06 125
1715327213010 3.08263118042896e-06 126
1715327385149 3.1217288082700553e-06 127
1715327554689 3.1609919263063227e-06 128
1715327715273 3.200417371200284e-06 129
1715327879254 3.240001966536149e-06 130
1715328045485 3.2797425230758047e-06 131
1715328217071 3.3196358390156507e-06 132
1715328386041 3.3596787002446375e-06 133
1715328543786 3.3998678806032156e-06 134
1715328711002 3.440200142143228e-06 135
1715328881197 3.4806722353888243e-06 136
1715329046310 3.5212808995982237e-06 137
1715329214939 3.5620228630264537e-06 138
1715329380321 3.602894843188913e-06 139
1715329546235 3.643893547125839e-06 140
1715329712748 3.6850156716677454e-06 141
1715329877422 3.726257903701271e-06 142
1715330041804 3.7676169204364105e-06 143
1715330209866 3.809089389674055e-06 144
1715330376457 3.85067197007442e-06 145
1715330544648 3.892361311426397e-06 146
1715330709071 3.934154054917395e-06 147
1715330876094 3.9760468334039226e-06 148
1715331039516 4.01803627168294e-06 149
1715331205982 4.060118986763719e-06 150
1715331376723 4.1022915881404305e-06 151
1715331541611 4.1445506780653995e-06 152
1715331707558 4.186892851822632e-06 153
1715331874586 4.229314698002406e-06 154
1715332039297 4.271812798775902e-06 155
1715332204762 4.314383730170633e-06 156
1715332369608 4.357024062346381e-06 157
1715332535060 4.399730359871415e-06 158
1715332702962 4.4424991819993495e-06 159
1715332868588 4.485327082946368e-06 160
1715333032992 4.528210612168725e-06 161
1715333197086 4.571146314640946e-06 162
1715333365033 4.614130731134033e-06 163
1715333533209 4.657160398494136e-06 164
1715333698638 4.7002318499218075e-06 165
1715333865658 4.743341615251031e-06 166
1715334031498 4.786486221228942e-06 167
1715334199020 4.829662191795679e-06 168
1715334364930 4.872866048364456e-06 169
1715334531548 4.916094310101635e-06 170
1715334699110 4.959343494207486e-06 171
1715334863981 5.00261011619644e-06 172
1715335031726 5.04589069017815e-06 173
1715335196833 5.089181729138068e-06 174
1715335362670 5.132479745218625e-06 175
1715335529303 5.17578124999998e-06 176
1715335692892 5.219082754781396e-06 177
1715335859528 5.262380770861909e-06 178
1715336023188 5.305671809821871e-06 179
1715336190097 5.348952383803536e-06 180
1715336356712 5.3922190057925366e-06 181
1715336520264 5.435468189898342e-06 182
1715336686337 5.478696451635564e-06 183
1715336849465 5.521900308204294e-06 184
1715337016127 5.565076278771077e-06 185
1715337182264 5.608220884748991e-06 186
1715337346480 5.6513306500782155e-06 187
1715337513069 5.694402101505841e-06 188
1715337675669 5.73743176886599e-06 189
1715337841504 5.780416185359031e-06 190
1715338008896 5.823351887831252e-06 191
1715338174163 5.866235417053655e-06 192
1715338341106 5.909063318000623e-06 193
1715338504847 5.951832140128557e-06 194
1715338671683 5.994538437653591e-06 195
1715338833509 6.03717876982934e-06 196
1715338998723 6.0797497012241226e-06 197
1715339164940 6.122247801997575e-06 198
1715339328756 6.1646696481773395e-06 199
1715339489724 6.207011821934633e-06 200
1715339649535 6.249270911859545e-06 201
1715339813615 6.291443513236288e-06 202
1715339979792 6.333526228317073e-06 203
1715340143714 6.375515666596093e-06 204
1715340308910 6.417408445082623e-06 205
1715340474377 6.459201188573605e-06 206
1715340639441 6.500890529925601e-06 207
1715340801305 6.54247311032596e-06 208
1715340965684 6.583945579563564e-06 209
1715341132218 6.625304596298727e-06 210
1715341297278 6.666546828332267e-06 211
1715341462674 6.707668952874131e-06 212
1715341630287 6.748667656811121e-06 213
1715341793605 6.78953963697354e-06 214
1715341958472 6.830281600401762e-06 215
1715342121592 6.8708902646111495e-06 216
1715342287207 6.911362357856769e-06 217
1715342453250 6.951694619396775e-06 218
1715342616584 6.991883799755391e-06 219
1715342782128 7.031926660984357e-06 220
1715342945609 7.071819976924219e-06 221
1715343111471 7.1115605334638646e-06 222
1715343277760 7.151145128799747e-06 223
1715343441269 7.19057057369369e-06 224
1715343604174 7.229833691729913e-06 225
1715343767015 7.268931319571031e-06 226
1715343931968 7.307860307212637e-06 227
1715344095552 7.346617518237373e-06 228
1715344259840 7.3851998300675615e-06 229
1715344425159 7.423604134216573e-06 230
1715344588935 7.461827336539632e-06 231
1715344756178 7.499866357482915e-06 232
1715344922174 7.5377181323314e-06 233
1715345085736 7.575379611456339e-06 234
1715345251902 7.612847760560562e-06 235
1715345416151 7.650119560923034e-06 236
1715345583142 7.687192009642038e-06 237
1715345749919 7.724062119877158e-06 238
1715345913345 7.760726921090062e-06 239
1715346078690 7.797183459283515e-06 240
1715346242035 7.83342879723961e-06 241
1715346408134 7.869460014756375e-06 242
1715346574094 7.905274208882927e-06 243
1715346737720 7.9408684941536e-06 244
1715346904346 7.976240002820104e-06 245
1715347066179 8.01138588508283e-06 246
1715347233320 8.046303309320399e-06 247
1715347398567 8.080989462317592e-06 248
1715347562261 8.115441549492446e-06 249
1715347728040 8.149656795120882e-06 250
1715347891573 8.183632442560705e-06 251
1715348058724 8.217365754473542e-06 252
1715348221157 8.25085401304542e-06 253
1715348385405 8.284094520205853e-06 254
1715348549945 8.317084597844956e-06 255
1715348713833 8.349821588029481e-06 256
1715348878360 8.382302853216742e-06 257
1715349040779 8.414525776467261e-06 258
1715349204942 8.446487761655564e-06 259
1715349370523 8.47818623367943e-06 260
1715349533525 8.509618638667079e-06 261
1715349699784 8.540782444183394e-06 262
1715349863730 8.571675139433407e-06 263
1715350029779 8.602294235465057e-06 264
1715350194960 8.63263726536948e-06 265
1715350358791 8.662701784479771e-06 266
1715350524532 8.692485370568147e-06 267
1715350687502 8.721985624040678e-06 268
1715350853646 8.751200168131168e-06 269
1715351020398 8.780126649092081e-06 270
1715351183444 8.808762736384595e-06 271
1715351350139 8.837106122866332e-06 272
1715351513032 8.865154524976862e-06 273
1715351679443 8.892905682922253e-06 274
1715351845914 8.920357360856613e-06 275
1715352009979 8.947507347062598e-06 276
1715352174796 8.97435345412931e-06 277
1715352337397 9.0008935191288e-06 278
1715352501986 9.027125403790195e-06 279
1715352665844 9.053046994671995e-06 280
1715352829445 9.078656203332232e-06 281
1715352990851 9.103950966497076e-06 282
1715353152785 9.1289292462266e-06 283
1715353319202 9.153589030079353e-06 284
1715353484119 9.17792833127425e-06 285
1715353648341 9.201945188850784e-06 286
1715353812103 9.22563766782704e-06 287
1715353976306 9.249003859355404e-06 288
1715354144165 9.272041880876627e-06 289
1715354309601 9.294749876271125e-06 290
1715354474935 9.317126016009032e-06 291
1715354640410 9.339168497297032e-06 292
1715354804475 9.360875544224124e-06 293
1715354970809 9.382245407904353e-06 294
1715355133733 9.403276366617853e-06 295
1715355298961 9.423966725949466e-06 296
1715355463183 9.444314818925484e-06 297
1715355626570 9.46431900614766e-06 298
1715355789907 9.483977675925465e-06 299
1715355953362 9.503289244405884e-06 300
1715356116429 9.522252155701136e-06 301
1715356281976 9.540864882013818e-06 302
1715356446689 9.559125923760197e-06 303
1715356611295 9.57703380969077e-06 304
1715356774028 9.594587097009332e-06 305
1715356939030 9.611784371488428e-06 306
1715357105415 9.628624247584038e-06 307
1715357270410 9.645105368546751e-06 308
1715357436147 9.661226406531177e-06 309
1715357598973 9.676986062703188e-06 310
1715357763450 9.692383067344065e-06 311
1715357929883 9.707416179953205e-06 312
1715358094853 9.722084189347972e-06 313
1715358260375 9.73638591376122e-06 314
1715358424514 9.750320200936442e-06 315
1715358590019 9.763885928220785e-06 316
1715358756418 9.777082002655358e-06 317
1715358920724 9.789907361063306e-06 318
1715359084767 9.802360970135657e-06 319
1715359249143 9.814441826514144e-06 320
1715359415617 9.826148956872553e-06 321
1715359579971 9.837481417994828e-06 322
1715359744334 9.848438296851036e-06 323
1715359909097 9.859018710671115e-06 324
1715360072031 9.869221807015922e-06 325
1715360237884 9.87904676384595e-06 326
1715360403987 9.888492789587293e-06 327
1715360567911 9.897559123195854e-06 328
1715360731305 9.906245034218305e-06 329
1715360894129 9.914549822851285e-06 330
1715361060538 9.92247281999728e-06 331
1715361226033 9.930013387319038e-06 332
1715361389993 9.937170917290685e-06 333
1715361556207 9.9439448332467e-06 334
1715361719287 9.950334589428737e-06 335
1715361885731 9.956339671028916e-06 336
1715362051625 9.96195959423194e-06 337
1715362215289 9.967193906253785e-06 338
1715362380753 9.972042185378207e-06 339
1715362544588 9.976504040990653e-06 340
1715362708757 9.980579113609858e-06 341
1715362873643 9.984267074916808e-06 342
1715363037956 9.987567627781076e-06 343
1715363204055 9.990480506284807e-06 344
1715363367879 9.993005475744284e-06 345
1715363534048 9.995142332728574e-06 346
1715363696945 9.996890905076188e-06 347
1715363861140 9.998251051908639e-06 348
1715364026000 9.999222663642151e-06 349
