1713580248035 0.0 0
1713580972445 1.0 1
1713581653637 2.0 2
1713582369315 3.0 3
1713583067018 4.0 4
1713583765471 5.0 5
1713584463193 6.0 6
1713585183109 7.0 7
1713585888868 8.0 8
1713586578050 9.0 9
1713587284745 10.0 10
1713588002329 11.0 11
1713588714395 12.0 12
1713589423431 13.0 13
1713590124767 14.0 14
1713590832581 15.0 15
1713591539194 16.0 16
1713592225906 17.0 17
1713592946585 18.0 18
1713593646570 19.0 19
1713594325839 20.0 20
1713595020244 21.0 21
1713595711373 22.0 22
1713596406376 23.0 23
1713597076002 24.0 24
1713597794593 25.0 25
1713598481911 26.0 26
1713599196238 27.0 27
1713599872214 28.0 28
1713600585791 29.0 29
1713601275439 30.0 30
1713601994771 31.0 31
1713602687202 32.0 32
1713603419648 33.0 33
1713604108701 34.0 34
1713604826348 35.0 35
1713605528162 36.0 36
1713606259715 37.0 37
1713606945227 38.0 38
1713607654579 39.0 39
1713608358662 40.0 40
1713609072151 41.0 41
1713609779197 42.0 42
1713610499001 43.0 43
1713611198423 44.0 44
1713611904866 45.0 45
1713612600240 46.0 46
1713613305543 47.0 47
1713614006824 48.0 48
1713614713748 49.0 49
1713615418460 50.0 50
1713616130762 51.0 51
1713616818775 52.0 52
1713617523396 53.0 53
1713618220534 54.0 54
1713618940277 55.0 55
1713619630191 56.0 56
1713620356889 57.0 57
1713621052109 58.0 58
1713621745976 59.0 59
1713622440719 60.0 60
1713623157390 61.0 61
1713623850769 62.0 62
1713624551273 63.0 63
1713625264510 64.0 64
1713625959253 65.0 65
1713626661321 66.0 66
1713627374410 67.0 67
1713628085085 68.0 68
1713628778375 69.0 69
1713629485465 70.0 70
1713630189781 71.0 71
1713630907239 72.0 72
1713631609573 73.0 73
1713632318278 74.0 74
1713633018667 75.0 75
1713633723474 76.0 76
1713634423495 77.0 77
1713635133140 78.0 78
1713635847384 79.0 79
1713636539582 80.0 80
1713637243420 81.0 81
1713637955946 82.0 82
1713638659138 83.0 83
1713639345840 84.0 84
1713640056838 85.0 85
1713640767650 86.0 86
1713641466087 87.0 87
1713642167816 88.0 88
1713642889121 89.0 89
1713643585406 90.0 90
1713644290419 91.0 91
1713644999921 92.0 92
1713645710589 93.0 93
1713646413152 94.0 94
1713647116728 95.0 95
1713647819259 96.0 96
1713648534773 97.0 97
1713649219793 98.0 98
1713649915691 99.0 99
1713650616151 100.0 100
1713651324034 101.0 101
1713652016014 102.0 102
1713652719691 103.0 103
1713653428385 104.0 104
1713654126758 105.0 105
1713654813673 106.0 106
1713655528466 107.0 107
1713656232723 108.0 108
1713656922420 109.0 109
1713657631877 110.0 110
1713658338460 111.0 111
1713659055782 112.0 112
1713659746474 113.0 113
1713660477175 114.0 114
1713661164368 115.0 115
1713661870677 116.0 116
1713662574948 117.0 117
1713663284292 118.0 118
1713663980220 119.0 119
1713664678407 120.0 120
1713665377814 121.0 121
1713666101713 122.0 122
1713666792669 123.0 123
1713667489732 124.0 124
1713668198320 125.0 125
1713668905933 126.0 126
1713669614478 127.0 127
1713670296767 128.0 128
1713671027887 129.0 129
1713671709261 130.0 130
1713672425046 131.0 131
1713673120814 132.0 132
1713673841913 133.0 133
1713674528371 134.0 134
1713675233404 135.0 135
1713675937925 136.0 136
1713676632838 137.0 137
1713677338397 138.0 138
1713678061401 139.0 139
1713678770414 140.0 140
1713679484114 141.0 141
1713680201829 142.0 142
1713680905475 143.0 143
1713681630118 144.0 144
1713682317172 145.0 145
1713683032982 146.0 146
1713683737477 147.0 147
1713684457529 148.0 148
1713685160882 149.0 149
1713685880139 150.0 150
1713686597237 151.0 151
1713687290910 152.0 152
1713688006895 153.0 153
1713688723704 154.0 154
1713689429009 155.0 155
1713690126400 156.0 156
1713690843705 157.0 157
1713691552609 158.0 158
1713692272546 159.0 159
1713692964785 160.0 160
1713693682003 161.0 161
1713694388779 162.0 162
1713695100097 163.0 163
1713695805070 164.0 164
1713696512242 165.0 165
1713697223100 166.0 166
1713697906918 167.0 167
1713698631287 168.0 168
1713699331764 169.0 169
1713700017613 170.0 170
1713700717019 171.0 171
1713701424157 172.0 172
1713702125510 173.0 173
1713702830060 174.0 174
1713703535348 175.0 175
1713704238995 176.0 176
1713704935191 177.0 177
1713705632703 178.0 178
1713706351817 179.0 179
1713707060807 180.0 180
1713707794411 181.0 181
1713708507837 182.0 182
1713709237792 183.0 183
1713709933498 184.0 184
1713710633978 185.0 185
1713711341097 186.0 186
1713712044480 187.0 187
1713712748042 188.0 188
1713713460837 189.0 189
1713714173124 190.0 190
1713714878740 191.0 191
1713715571410 192.0 192
1713716282572 193.0 193
1713716992668 194.0 194
1713717683322 195.0 195
1713718400262 196.0 196
1713719097352 197.0 197
1713719804023 198.0 198
1713720503712 199.0 199
1713721219901 200.0 200
1713721920593 201.0 201
1713722618855 202.0 202
1713723329655 203.0 203
1713724022822 204.0 204
1713724728011 205.0 205
1713725441390 206.0 206
1713726139312 207.0 207
1713726832139 208.0 208
1713727533267 209.0 209
1713728220122 210.0 210
1713728934849 211.0 211
1713729614440 212.0 212
1713730320826 213.0 213
1713731014467 214.0 214
1713731739107 215.0 215
1713732419296 216.0 216
1713733134397 217.0 217
1713733817225 218.0 218
1713734497300 219.0 219
1713735198941 220.0 220
1713735895533 221.0 221
1713736592855 222.0 222
1713737286649 223.0 223
1713737925420 224.0 224
1713738579266 225.0 225
1713739210141 226.0 226
1713739842004 227.0 227
1713740484063 228.0 228
1713741115601 229.0 229
1713741742864 230.0 230
1713742372105 231.0 231
1713743032688 232.0 232
1713743658759 233.0 233
1713744293262 234.0 234
1713744945060 235.0 235
1713745670401 236.0 236
1713746379383 237.0 237
1713747106875 238.0 238
