1713580248036 7095944.0 0
1713580972447 7095944.0 1
1713581653638 7095944.0 2
1713582369317 7095944.0 3
1713583067019 7095944.0 4
1713583765473 7095944.0 5
1713584463194 7095944.0 6
1713585183111 7095944.0 7
1713585888869 7095944.0 8
1713586578051 7095944.0 9
1713587284747 7095944.0 10
1713588002331 7095944.0 11
1713588714397 7095944.0 12
1713589423432 7095944.0 13
1713590124769 7095944.0 14
1713590832582 7095944.0 15
1713591539195 7095944.0 16
1713592225908 7095944.0 17
1713592946586 7095944.0 18
1713593646570 7095944.0 19
1713594325839 7095944.0 20
1713595020245 7095944.0 21
1713595711374 7095944.0 22
1713596406378 7095944.0 23
1713597076003 7095944.0 24
1713597794594 7095944.0 25
1713598481912 7095944.0 26
1713599196240 7095944.0 27
1713599872215 7095944.0 28
1713600585791 7095944.0 29
1713601275441 7095944.0 30
1713601994772 7095944.0 31
1713602687203 7095944.0 32
1713603419650 7095944.0 33
1713604108703 7095944.0 34
1713604826349 7095944.0 35
1713605528164 7095944.0 36
1713606259716 7095944.0 37
1713606945229 7095944.0 38
1713607654581 7095944.0 39
1713608358663 7095944.0 40
1713609072152 7095944.0 41
1713609779199 7095944.0 42
1713610499002 7095944.0 43
1713611198424 7095944.0 44
1713611904867 7095944.0 45
1713612600241 7095944.0 46
1713613305545 7095944.0 47
1713614006825 7095944.0 48
1713614713749 7095944.0 49
1713615418461 7095944.0 50
1713616130763 7095944.0 51
1713616818777 7095944.0 52
1713617523397 7095944.0 53
1713618220536 7095944.0 54
1713618940279 7095944.0 55
1713619630193 7095944.0 56
1713620356889 7095944.0 57
1713621052111 7095944.0 58
1713621745977 7095944.0 59
1713622440720 7095944.0 60
1713623157392 7095944.0 61
1713623850770 7095944.0 62
1713624551274 7095944.0 63
1713625264511 7095944.0 64
1713625959255 7095944.0 65
1713626661322 7095944.0 66
1713627374412 7095944.0 67
1713628085086 7095944.0 68
1713628778376 7095944.0 69
1713629485466 7095944.0 70
1713630189782 7095944.0 71
1713630907241 7095944.0 72
1713631609573 7095944.0 73
1713632318279 7095944.0 74
1713633018669 7095944.0 75
1713633723476 7095944.0 76
1713634423496 7095944.0 77
1713635133141 7095944.0 78
1713635847386 7095944.0 79
1713636539583 7095944.0 80
1713637243422 7095944.0 81
1713637955948 7095944.0 82
1713638659139 7095944.0 83
1713639345842 7095944.0 84
1713640056839 7095944.0 85
1713640767651 7095944.0 86
1713641466088 7095944.0 87
1713642167817 7095944.0 88
1713642889122 7095944.0 89
1713643585408 7095944.0 90
1713644290420 7095944.0 91
1713644999922 7095944.0 92
1713645710591 7095944.0 93
1713646413153 7095944.0 94
1713647116729 7095944.0 95
1713647819260 7095944.0 96
1713648534775 7095944.0 97
1713649219794 7095944.0 98
1713649915692 7095944.0 99
1713650616152 7095944.0 100
1713651324035 7095944.0 101
1713652016015 7095944.0 102
1713652719692 7095944.0 103
1713653428386 7095944.0 104
1713654126759 7095944.0 105
1713654813675 7095944.0 106
1713655528467 7095944.0 107
1713656232724 7095944.0 108
1713656922421 7095944.0 109
1713657631878 7095944.0 110
1713658338461 7095944.0 111
1713659055784 7095944.0 112
1713659746476 7095944.0 113
1713660477177 7095944.0 114
1713661164369 7095944.0 115
1713661870679 7095944.0 116
1713662574950 7095944.0 117
1713663284293 7095944.0 118
1713663980221 7095944.0 119
1713664678409 7095944.0 120
1713665377815 7095944.0 121
1713666101715 7095944.0 122
1713666792670 7095944.0 123
1713667489734 7095944.0 124
1713668198321 7095944.0 125
1713668905934 7095944.0 126
1713669614480 7095944.0 127
1713670296768 7095944.0 128
1713671027888 7095944.0 129
1713671709262 7095944.0 130
1713672425047 7095944.0 131
1713673120815 7095944.0 132
1713673841915 7095944.0 133
1713674528373 7095944.0 134
1713675233406 7095944.0 135
1713675937927 7095944.0 136
1713676632840 7095944.0 137
1713677338398 7095944.0 138
1713678061403 7095944.0 139
1713678770415 7095944.0 140
1713679484115 7095944.0 141
1713680201831 7095944.0 142
1713680905476 7095944.0 143
1713681630119 7095944.0 144
1713682317173 7095944.0 145
1713683032983 7095944.0 146
1713683737478 7095944.0 147
1713684457530 7095944.0 148
1713685160884 7095944.0 149
1713685880140 7095944.0 150
1713686597239 7095944.0 151
1713687290912 7095944.0 152
1713688006896 7095944.0 153
1713688723706 7095944.0 154
1713689429011 7095944.0 155
1713690126402 7095944.0 156
1713690843707 7095944.0 157
1713691552611 7095944.0 158
1713692272548 7095944.0 159
1713692964786 7095944.0 160
1713693682005 7095944.0 161
1713694388781 7095944.0 162
1713695100098 7095944.0 163
1713695805072 7095944.0 164
1713696512243 7095944.0 165
1713697223101 7095944.0 166
1713697906919 7095944.0 167
1713698631289 7095944.0 168
1713699331766 7095944.0 169
1713700017614 7095944.0 170
1713700717020 7095944.0 171
1713701424158 7095944.0 172
1713702125511 7095944.0 173
1713702830061 7095944.0 174
1713703535349 7095944.0 175
1713704238997 7095944.0 176
1713704935193 7095944.0 177
1713705632704 7095944.0 178
1713706351818 7095944.0 179
1713707060808 7095944.0 180
1713707794412 7095944.0 181
1713708507838 7095944.0 182
1713709237794 7095944.0 183
1713709933500 7095944.0 184
1713710633979 7095944.0 185
1713711341100 7095944.0 186
1713712044481 7095944.0 187
1713712748044 7095944.0 188
1713713460838 7095944.0 189
1713714173125 7095944.0 190
1713714878742 7095944.0 191
1713715571411 7095944.0 192
1713716282573 7095944.0 193
1713716992670 7095944.0 194
1713717683322 7095944.0 195
1713718400263 7095944.0 196
1713719097354 7095944.0 197
1713719804024 7095944.0 198
1713720503713 7095944.0 199
1713721219903 7095944.0 200
1713721920594 7095944.0 201
1713722618857 7095944.0 202
1713723329656 7095944.0 203
1713724022823 7095944.0 204
1713724728012 7095944.0 205
1713725441391 7095944.0 206
1713726139313 7095944.0 207
1713726832140 7095944.0 208
1713727533268 7095944.0 209
1713728220124 7095944.0 210
1713728934850 7095944.0 211
1713729614441 7095944.0 212
1713730320828 7095944.0 213
1713731014468 7095944.0 214
1713731739109 7095944.0 215
1713732419297 7095944.0 216
1713733134398 7095944.0 217
1713733817226 7095944.0 218
1713734497301 7095944.0 219
1713735198942 7095944.0 220
1713735895535 7095944.0 221
1713736592856 7095944.0 222
1713737286650 7095944.0 223
1713737925421 7095944.0 224
1713738579268 7095944.0 225
1713739210142 7095944.0 226
1713739842005 7095944.0 227
1713740484064 7095944.0 228
1713741115602 7095944.0 229
1713741742866 7095944.0 230
1713742372106 7095944.0 231
1713743032690 7095944.0 232
1713743658761 7095944.0 233
1713744293263 7095944.0 234
1713744945060 7095944.0 235
1713745670403 7095944.0 236
1713746379384 7095944.0 237
1713747106876 7095944.0 238
