1713580248031 5.317193983041721 0
1713580972436 5.311668423854786 1
1713581653627 5.305438273626825 2
1713582369307 5.297626930086509 3
1713583067007 5.296368755076243 4
1713583765464 5.289811793876731 5
1713584463188 5.281417828539143 6
1713585183105 5.276116001865138 7
1713585888864 5.278503907115563 8
1713586578046 5.28124965209028 9
1713587284738 5.279816337901613 10
1713588002321 5.285268112369206 11
1713588714385 5.282885360976924 12
1713589423422 5.279934919398764 13
1713590124758 5.2793124564315965 14
1713590832574 5.277416987911515 15
1713591539189 5.280921939274539 16
1713592225901 5.279217357868734 17
1713592946581 5.279962631671325 18
1713593646567 5.278525350534397 19
1713594325836 5.282376022442527 20
1713595020237 5.2778017786533935 21
1713595711368 5.277650707441827 22
1713596406367 5.275720503667126 23
1713597075997 5.279717333290888 24
1713597794589 5.2775271010139715 25
1713598481906 5.281442791871402 26
1713599196231 5.2809464296568995 27
1713599872204 5.274641300025194 28
1713600585787 5.27509640675524 29
1713601275435 5.2728265122227045 30
1713601994767 5.2764576388441995 31
1713602687198 5.275320195633432 32
1713603419640 5.273130998015404 33
1713604108692 5.275136807042619 34
1713604826345 5.271422828669134 35
1713605528156 5.276411648029867 36
1713606259709 5.2733417632787125 37
1713606945220 5.274032842853795 38
1713607654570 5.275451332330704 39
1713608358658 5.274990348712258 40
1713609072146 5.273800393809443 41
1713609779189 5.267144329521967 42
1713610498997 5.263501683654993 43
1713611198418 5.271367523981177 44
1713611904861 5.271452743722045 45
1713612600234 5.265650812050571 46
1713613305536 5.271067215048748 47
1713614006820 5.265073725710744 48
1713614713743 5.260733729471331 49
1713615418455 5.259516544316126 50
1713616130754 5.259170909290728 51
1713616818767 5.262048685032388 52
1713617523391 5.259206851539404 53
1713618220524 5.261209380367528 54
1713618940271 5.251742361680321 55
1713619630187 5.256704679649809 56
1713620356885 5.255529426362203 57
1713621052104 5.2471650702797845 58
1713621745969 5.248154959600905 59
1713622440714 5.251594706721928 60
1713623157383 5.25237322177576 61
1713623850764 5.253376630337342 62
1713624551266 5.252205637486084 63
1713625264506 5.244444099457367 64
1713625959249 5.242772547447163 65
1713626661316 5.247875754599986 66
1713627374402 5.243571896267974 67
1713628085077 5.241118076702823 68
1713628778373 5.243085351327191 69
1713629485461 5.239827103588892 70
1713630189772 5.2486260177000705 71
1713630907235 5.233776562887689 72
1713631609569 5.237479833805042 73
1713632318270 5.226134770590326 74
1713633018659 5.228183930334837 75
1713633723467 5.231434767660887 76
1713634423491 5.226961306903673 77
1713635133133 5.232324770611266 78
1713635847378 5.221533855666285 79
1713636539577 5.2217670951200565 80
1713637243414 5.224007980979008 81
1713637955940 5.2187225222587585 82
1713638659130 5.213102521455807 83
1713639345836 5.21799081110436 84
1713640056833 5.219347504817921 85
1713640767644 5.218233017817788 86
1713641466083 5.215540636492812 87
1713642167811 5.213370010904644 88
1713642889114 5.219511021738467 89
1713643585398 5.21203782700974 90
1713644290415 5.2091037896664245 91
1713644999916 5.199649046296659 92
1713645710582 5.200102508715961 93
1713646413144 5.196328384072884 94
1713647116721 5.1847469858501265 95
1713647819255 5.193954247495403 96
1713648534765 5.182526720606762 97
1713649219786 5.191485095931136 98
1713649915684 5.190070999705273 99
1713650616145 5.187310339963955 100
1713651324029 5.17347020364326 101
1713652016006 5.178694756782574 102
1713652719685 5.187280929606894 103
1713653428381 5.177915659287701 104
1713654126754 5.173876628927562 105
1713654813666 5.165468248984088 106
1713655528461 5.174207344651222 107
1713656232718 5.159027168932169 108
1713656922416 5.16421324338602 109
1713657631868 5.159516814610233 110
1713658338455 5.162818617794825 111
1713659055772 5.167757250692533 112
1713659746465 5.144659337790116 113
1713660477170 5.156754140620646 114
1713661164364 5.131146629867346 115
1713661870672 5.140634515363237 116
1713662574940 5.134147740576578 117
1713663284287 5.146373475375383 118
1713663980215 5.142759345147921 119
1713664678400 5.128585008823353 120
1713665377810 5.136005785802136 121
1713666101706 5.13408878704776 122
1713666792663 5.127744690231655 123
1713667489725 5.125676824994709 124
1713668198315 5.111617046205894 125
1713668905928 5.120675996593807 126
1713669614470 5.127998440161996 127
1713670296762 5.1065531742313635 128
1713671027882 5.107343968489896 129
1713671709258 5.101653606995292 130
1713672425037 5.087748440711395 131
1713673120810 5.0952219762232 132
1713673841907 5.090377053488856 133
1713674528362 5.08932135189357 134
1713675233397 5.0876990129118385 135
1713675937919 5.0763936269542445 136
1713676632834 5.08956745914791 137
1713677338389 5.082379069017327 138
1713678061391 5.069546755241311 139
1713678770406 5.068283496343571 140
1713679484110 5.073071495346401 141
1713680201821 5.048273104040519 142
1713680905470 5.067545853231264 143
1713681630114 5.043207943439484 144
1713682317168 5.072116660035175 145
1713683032973 5.045556277684543 146
1713683737473 5.0541912744874535 147
1713684457524 5.040150094291438 148
1713685160872 5.041077633590802 149
1713685880135 5.033913363581118 150
1713686597233 5.026162636992724 151
1713687290901 5.027973726391792 152
1713688006891 5.015414414846378 153
1713688723697 5.021266412475835 154
1713689429001 5.0016143691280615 155
1713690126392 5.018061397516209 156
1713690843698 5.014466051822123 157
1713691552599 5.012563141791717 158
1713692272538 5.011418858300084 159
1713692964777 4.988016229608784 160
1713693681993 4.993155544218809 161
1713694388772 5.006287086917006 162
1713695100093 4.991638366294944 163
1713695805066 5.0053388686931655 164
1713696512232 4.982346320929735 165
1713697223096 4.970201816895734 166
1713697906910 4.968957890634951 167
1713698631279 4.954708261982255 168
1713699331760 4.943872269404971 169
1713700017609 4.964195564065291 170
1713700717015 4.960682262545046 171
1713701424153 4.942878180871839 172
1713702125507 4.9331632729457775 173
1713702830056 4.913937730309756 174
1713703535340 4.942259303901507 175
1713704238986 4.926338936647643 176
1713704935181 4.911794896359029 177
1713705632698 4.9304031363647915 178
1713706351812 4.936677051951056 179
1713707060802 4.914423222451107 180
1713707794406 4.912819534216238 181
1713708507829 4.914353381680406 182
1713709237783 4.893141002758689 183
1713709933491 4.904938892177913 184
1713710633971 4.909661330930565 185
1713711341088 4.9026104639405785 186
1713712044475 4.897293442941231 187
1713712748034 4.876250294887501 188
1713713460829 4.88066052807414 189
1713714173120 4.870888217635777 190
1713714878731 4.866638131439686 191
1713715571408 4.846329850995022 192
1713716282562 4.886306066227996 193
1713716992661 4.839736182404601 194
1713717683319 4.836882938185464 195
1713718400253 4.844689734604048 196
1713719097343 4.859417592377766 197
1713719804019 4.835717283513235 198
1713720503707 4.839701846241951 199
1713721219892 4.846170646988827 200
1713721920589 4.818890119700328 201
1713722618846 4.8262894791753395 202
1713723329650 4.816566432947698 203
1713724022818 4.812535642281823 204
1713724728004 4.785052520749361 205
1713725441386 4.801197274547556 206
1713726139308 4.796905002192311 207
1713726832131 4.793524692887845 208
1713727533263 4.777022028746813 209
1713728220114 4.784227783913198 210
1713728934845 4.803558276399322 211
1713729614433 4.766136812127155 212
1713730320818 4.78565040036388 213
1713731014463 4.7780115329053094 214
1713731739103 4.7745685648659 215
1713732419291 4.759783141314983 216
1713733134393 4.754258721419003 217
1713733817221 4.749440630169018 218
1713734497295 4.758230644399705 219
1713735198933 4.751413020102874 220
1713735895525 4.742320373330427 221
1713736592850 4.6932503072463945 222
1713737286645 4.736201745984347 223
1713737925415 4.71252110892016 224
1713738579259 4.725129593325698 225
1713739210137 4.70242141187191 226
1713739842000 4.714467161051605 227
1713740484058 4.706492467742899 228
1713741115597 4.705443306137687 229
1713741742858 4.678956927488679 230
1713742372098 4.6947782625970635 231
1713743032681 4.664090063584887 232
1713743658752 4.675420959034692 233
1713744293258 4.66315924052311 234
1713744945056 4.6433839687834615 235
1713745670395 4.675509243879629 236
1713746379379 4.650851388340411 237
1713747106867 4.679835048382697 238
