1713580248030 9.999999999999821e-06 0
1713580972430 9.999999999999821e-06 1
1713581653622 8.001562500000023e-06 2
1713582369303 6.003125000000018e-06 3
1713583067003 4.004687499999941e-06 4
1713583765460 2.0062500000000102e-06 5
1713584463186 9.524536547898747e-09 6
1713585183103 1.0277770672770497e-08 7
1713585888861 1.1167907644916213e-08 8
1713586578044 1.219492306078136e-08 9
1713587284734 1.3358788764218277e-08 10
1713588002316 1.4659472847265449e-08 11
1713588714380 1.6096939651006394e-08 12
1713589423418 1.7671149766564087e-08 13
1713590124754 1.938206003617499e-08 14
1713590832571 2.122962355436813e-08 15
1713591539186 2.3213789669254096e-08 16
1713592225898 2.5334503983920147e-08 17
1713592946579 2.759170835791286e-08 18
1713593646566 2.998534090883025e-08 19
1713594325835 3.251533601402755e-08 20
1713595020232 3.518162431241507e-08 21
1713595711364 3.798413270634748e-08 22
1713596406363 4.092278436364433e-08 23
1713597075994 4.399749871968403e-08 24
1713597794587 4.7208191479620554e-08 25
1713598481904 5.055477462068743e-08 26
1713599196225 5.4037156394622836e-08 27
1713599872199 5.7655241330166623e-08 28
1713600585786 6.140893023569364e-08 29
1713601275433 6.529812020192803e-08 30
1713601994765 6.932270460476003e-08 31
1713602687196 7.348257310817817e-08 32
1713603419635 7.777761166728198e-08 33
1713604108688 8.220770253142046e-08 34
1713604826343 8.677272424742119e-08 35
1713605528152 9.147255166289742e-08 36
1713606259706 9.630705592971541e-08 37
1713606945216 1.0127610450749377e-07 38
1713607654565 1.0637956116725634e-07 39
1713608358655 1.1161728599515967e-07 40
1713609072144 1.1698913539633548e-07 41
1713609779184 1.2249496209881926e-07 42
1713610498994 1.281346151575858e-07 43
1713611198416 1.3390793995869815e-07 44
1713611904859 1.3981477822354777e-07 45
1713612600232 1.4585496801316807e-07 46
1713613305531 1.5202834373271364e-07 47
1713614006818 1.5833473613596953e-07 48
1713614713741 1.6477397233000038e-07 49
1713615418452 1.713458757798998e-07 50
1713616130749 1.7805026631359856e-07 51
1713616818763 1.848869601268579e-07 52
1713617523389 1.91855769788259e-07 53
1713618220519 1.9895650424436964e-07 54
1713618940268 2.0618896882495637e-07 55
1713619630184 2.135529652483635e-07 56
1713620356883 2.2104829162689489e-07 57
1713621052102 2.2867474247240837e-07 58
1713621745966 2.3643210870187914e-07 59
1713622440712 2.443201776432097e-07 60
1713623157379 2.523387330410053e-07 61
1713623850762 2.604875550625149e-07 62
1713624551263 2.6876642030367574e-07 63
1713625264504 2.771751017951953e-07 64
1713625959247 2.857133690088372e-07 65
1713626661314 2.9438098786368196e-07 66
1713627374398 3.03177720732602e-07 67
1713628085073 3.121033264486966e-07 68
1713628778371 3.2115756031199865e-07 69
1713629485458 3.303401740960844e-07 70
1713630189767 3.3965091605499577e-07 71
1713630907233 3.49089530930005e-07 72
1713631609567 3.5865575995674667e-07 73
1713632318267 3.683493408721955e-07 74
1713633018653 3.7817000792193615e-07 75
1713633723464 3.881174918674378e-07 76
1713634423489 3.981915199933872e-07 77
1713635133130 4.083918161152244e-07 78
1713635847373 4.187181005866673e-07 79
1713636539575 4.2917009030743085e-07 80
1713637243409 4.397474987309097e-07 81
1713637955938 4.504500358721244e-07 82
1713638659126 4.612774083156204e-07 83
1713639345834 4.7222931922350034e-07 84
1713640056831 4.833054683436e-07 85
1713640767643 4.945055520176966e-07 86
1713641466081 5.058292631898236e-07 87
1713642167808 5.172762914147275e-07 88
1713642889109 5.288463228663668e-07 89
1713643585394 5.405390403464726e-07 90
1713644290412 5.52354123293265e-07 91
1713644999914 5.642912477903073e-07 92
1713645710577 5.763500865753042e-07 93
1713646413141 5.88530309049061e-07 94
1713647116716 6.008315812846566e-07 95
1713647819253 6.132535660365006e-07 96
1713648534762 6.25795922749609e-07 97
1713649219783 6.38458307568898e-07 98
1713649915679 6.51240373348736e-07 99
1713650616142 6.641417696623101e-07 100
1713651324026 6.771621428113513e-07 101
1713652016002 6.903011358356933e-07 102
1713652719683 7.035583885232583e-07 103
1713653428379 7.169335374197702e-07 104
1713654126752 7.304262158387149e-07 105
1713654813663 7.440360538715448e-07 106
1713655528459 7.577626783976522e-07 107
1713656232716 7.716057130947041e-07 108
1713656922414 7.855647784489317e-07 109
1713657631864 7.996394917654351e-07 110
1713658338453 8.138294671789122e-07 111
1713659055768 8.281343156639862e-07 112
1713659746461 8.425536450460308e-07 113
1713660477168 8.570870600118108e-07 114
1713661164362 8.717341621204634e-07 115
1713661870668 8.864945498142281e-07 116
1713662574936 9.013678184296665e-07 117
1713663284284 9.163535602085672e-07 118
1713663980213 9.314513643093023e-07 119
1713664678394 9.466608168178747e-07 120
1713665377808 9.61981500759528e-07 121
1713666101701 9.774129961099543e-07 122
1713666792661 9.929548798068844e-07 123
1713667489720 1.0086067257617684e-06 124
1713668198313 1.024368104871312e-06 125
1713668905926 1.04023858502934e-06 126
1713669614466 1.056217731138632e-06 127
1713670296760 1.0723051051228552e-06 128
1713671027880 1.0885002659384833e-06 129
1713671709256 1.1048027695870294e-06 130
1713672425032 1.121212169127081e-06 131
1713673120808 1.1377280146867185e-06 132
1713673841903 1.1543498534756567e-06 133
1713674528357 1.1710772297977657e-06 134
1713675233392 1.187909685063646e-06 135
1713675937914 1.2048467578029648e-06 136
1713676632831 1.2218879836773727e-06 137
1713677338386 1.2390328954929701e-06 138
1713678061387 1.2562810232134307e-06 139
1713678770403 1.2736318939725782e-06 140
1713679484108 1.291085032087544e-06 141
1713680201817 1.3086399590717264e-06 142
1713680905468 1.3262961936479018e-06 143
1713681630112 1.3440532517615052e-06 144
1713682317166 1.361910646593795e-06 145
1713683032969 1.379867888575354e-06 146
1713683737472 1.3979244853992197e-06 147
1713684457522 1.4160799420347044e-06 148
1713685160868 1.4343337607407841e-06 149
1713685880133 1.4526854410798569e-06 150
1713686597231 1.4711344799312626e-06 151
1713687290897 1.4896803715053449e-06 152
1713688006889 1.5083226073570466e-06 153
1713688723692 1.5270606764001121e-06 154
1713689428997 1.5458940649208995e-06 155
1713690126387 1.5648222565925583e-06 156
1713690843694 1.5838447324891112e-06 157
1713691552593 1.6029609710997844e-06 158
1713692272533 1.6221704483432587e-06 159
1713692964773 1.6414726375820101e-06 160
1713693681988 1.6608670096367961e-06 161
1713694388767 1.680353032801059e-06 162
1713695100091 1.6999301728556598e-06 163
1713695805064 1.7195978930834155e-06 164
1713696512228 1.7393556542838142e-06 165
1713697223094 1.759202914787882e-06 166
1713697906905 1.7791391304729147e-06 167
1713698631274 1.7991637547775458e-06 168
1713699331758 1.819276238716493e-06 169
1713700017607 1.8394760308959313e-06 170
1713700717013 1.8597625775283557e-06 171
1713701424151 1.8801353224477988e-06 172
1713702125505 1.9005937071251366e-06 173
1713702830054 1.921137170683507e-06 174
1713703535335 1.9417651499134296e-06 175
1713704238981 1.962477079288485e-06 176
1713704935175 1.983272390980541e-06 177
1713705632697 2.004150514875781e-06 178
1713706351810 2.025110878589779e-06 179
1713707060801 2.0461529074836058e-06 180
1713707794404 2.0672760246793826e-06 181
1713708507826 2.088479651076301e-06 182
1713709237778 2.1097632053660317e-06 183
1713709933487 2.131126104049363e-06 184
1713710633966 2.1525677614516217e-06 185
1713711341083 2.174087589738817e-06 186
1713712044473 2.1956849989340702e-06 187
1713712748029 2.2173593969335267e-06 188
1713713460826 2.2391101895225023e-06 189
1713714173118 2.260936780392164e-06 190
1713714878727 2.2828385711553787e-06 191
1713715571407 2.304814961363602e-06 192
1713716282558 2.3268653485228656e-06 193
1713716992657 2.3489891281108553e-06 194
1713717683318 2.3711856935927955e-06 195
1713718400249 2.3934544364386376e-06 196
1713719097339 2.415794746139733e-06 197
1713719804017 2.4382060102249883e-06 198
1713720503705 2.4606876142783835e-06 199
1713721219888 2.4832389419554137e-06 200
1713721920587 2.5058593750000226e-06 201
1713722618842 2.5285482932615563e-06 202
1713723329649 2.5513050747119062e-06 203
1713724022816 2.5741290954623667e-06 204
1713724728001 2.597019729780923e-06 205
1713725441383 2.6199763501091998e-06 206
1713726139306 2.642998327080028e-06 207
1713726832126 2.6660850295341013e-06 208
1713727533261 2.6892358245378485e-06 209
1713728220110 2.7124500774006618e-06 210
1713728934843 2.735727151691912e-06 211
1713729614430 2.7590664092588766e-06 212
1713730320814 2.7824672102440394e-06 213
1713731014460 2.8059289131027017e-06 214
1713731739101 2.82945087462034e-06 215
1713732419289 2.8530324499304614e-06 216
1713733134391 2.876672992532308e-06 217
1713733817219 2.900371854308516e-06 218
1713734497292 2.924128385542729e-06 219
1713735198928 2.9479419349377185e-06 220
1713735895521 2.9718118496329943e-06 221
1713736592846 2.995737475222799e-06 222
1713737286642 3.0197181557739247e-06 223
1713737925413 3.0437532338439244e-06 224
1713738579255 3.067842050499042e-06 225
1713739210135 3.091983945332242e-06 226
1713739841998 3.1161782564812094e-06 227
1713740484057 3.140424320646624e-06 228
1713741115594 3.1647214731105363e-06 229
1713741742853 3.189069047754145e-06 230
1713742372094 3.2134663770764444e-06 231
1713743032677 3.237912792212194e-06 232
1713743658748 3.2624076229508116e-06 233
1713744293256 3.286950197753891e-06 234
1713744945055 3.3115398437744856e-06 235
1713745670391 3.336175886875002e-06 236
1713746379376 3.360857651645886e-06 237
1713747106863 3.3855844614240252e-06 238
