1718414539595 0.0 0
1718415779094 1.0 1
1718417012895 2.0 2
1718418245141 3.0 3
1718419482064 4.0 4
1718420713293 5.0 5
1718421941018 6.0 6
1718422816278 7.0 7
1718423599697 8.0 8
1718424429632 9.0 9
1718425263403 10.0 10
1718426052840 11.0 11
1718426874517 12.0 12
1718427564520 13.0 13
1718428178082 14.0 14
1718428897645 15.0 15
1718429395935 16.0 16
1718429893661 17.0 17
1718430425456 18.0 18
1718430973930 19.0 19
1718431580484 20.0 20
1718432203702 21.0 21
1718432799786 22.0 22
1718433396578 23.0 23
1718433927942 24.0 24
1718434432050 25.0 25
1718434959404 26.0 26
1718435517425 27.0 27
1718436095362 28.0 28
1718436734636 29.0 29
1718437350305 30.0 30
1718437963788 31.0 31
1718438562045 32.0 32
1718439155569 33.0 33
1718439915182 34.0 34
1718440573815 35.0 35
1718441278075 36.0 36
1718441921727 37.0 37
1718442549221 38.0 38
1718443236827 39.0 39
1718443915909 40.0 40
1718444587987 41.0 41
1718445258685 42.0 42
1718445940649 43.0 43
1718446589845 44.0 44
1718447242841 45.0 45
1718447888884 46.0 46
1718448566891 47.0 47
1718449239979 48.0 48
1718449582640 49.0 49
1718449976871 50.0 50
1718450319848 51.0 51
1718450687725 52.0 52
1718451024935 53.0 53
1718451371403 54.0 54
1718451763178 55.0 55
1718452106299 56.0 56
1718452453424 57.0 57
1718452806290 58.0 58
1718453338325 59.0 59
1718453928720 60.0 60
1718454512241 61.0 61
1718454999291 62.0 62
1718455469509 63.0 63
1718455960015 64.0 64
1718456523880 65.0 65
1718457117204 66.0 66
1718457689849 67.0 67
1718458256280 68.0 68
1718458781552 69.0 69
1718459301840 70.0 70
1718459891300 71.0 71
1718460443750 72.0 72
1718461020536 73.0 73
1718461603639 74.0 74
1718462141916 75.0 75
1718462689221 76.0 76
1718463254340 77.0 77
1718463804351 78.0 78
1718464386597 79.0 79
1718464962557 80.0 80
1718465507794 81.0 81
1718466093947 82.0 82
1718466658343 83.0 83
1718467209654 84.0 84
1718467769939 85.0 85
1718468304533 86.0 86
1718468885483 87.0 87
1718469487915 88.0 88
1718470104455 89.0 89
1718470647765 90.0 90
1718471159365 91.0 91
1718471681515 92.0 92
1718472251266 93.0 93
1718472831567 94.0 94
1718473423515 95.0 95
1718474019520 96.0 96
1718474574450 97.0 97
1718475081369 98.0 98
1718475600236 99.0 99
1718476118621 100.0 100
1718476633429 101.0 101
1718477162182 102.0 102
1718477681780 103.0 103
1718478184740 104.0 104
1718478663380 105.0 105
1718479131717 106.0 106
1718479624385 107.0 107
1718480115475 108.0 108
1718480599420 109.0 109
1718481111029 110.0 110
1718481612403 111.0 111
1718482125311 112.0 112
1718482625172 113.0 113
1718483123324 114.0 114
1718483616338 115.0 115
1718484113279 116.0 116
1718484632059 117.0 117
1718485147738 118.0 118
1718485633438 119.0 119
1718486107487 120.0 120
1718486589134 121.0 121
1718487079067 122.0 122
1718487562558 123.0 123
1718488068367 124.0 124
1718488573689 125.0 125
1718489083168 126.0 126
1718489572300 127.0 127
1718490061689 128.0 128
1718490556014 129.0 129
1718491039509 130.0 130
1718491513960 131.0 131
1718492002054 132.0 132
1718492497585 133.0 133
1718493023008 134.0 134
1718493547285 135.0 135
1718494039748 136.0 136
1718494513484 137.0 137
1718494987630 138.0 138
1718495468619 139.0 139
1718495968199 140.0 140
1718496483182 141.0 141
1718497010931 142.0 142
1718497519792 143.0 143
1718498048229 144.0 144
1718498473445 145.0 145
1718498829935 146.0 146
1718499195027 147.0 147
1718499559797 148.0 148
1718499912741 149.0 149
1718500256902 150.0 150
1718500600480 151.0 151
1718500940693 152.0 152
1718501286771 153.0 153
1718501632221 154.0 154
1718501976751 155.0 155
1718502317653 156.0 156
1718502758371 157.0 157
1718503323412 158.0 158
1718503909072 159.0 159
1718504478532 160.0 160
1718505024673 161.0 161
1718505583289 162.0 162
1718506181138 163.0 163
1718506729780 164.0 164
1718507274632 165.0 165
1718507825002 166.0 166
1718508329554 167.0 167
1718508895989 168.0 168
1718509498603 169.0 169
1718510064606 170.0 170
1718510619550 171.0 171
1718511131026 172.0 172
1718511681236 173.0 173
1718512258036 174.0 174
1718512877902 175.0 175
1718513514002 176.0 176
1718514147331 177.0 177
1718514754913 178.0 178
1718515323275 179.0 179
1718515844327 180.0 180
1718516388754 181.0 181
1718516941596 182.0 182
1718517537367 183.0 183
1718518153535 184.0 184
1718518782959 185.0 185
1718519405235 186.0 186
1718520005083 187.0 187
1718520521789 188.0 188
1718521052433 189.0 189
1718521586960 190.0 190
1718522178329 191.0 191
1718522771128 192.0 192
1718523340523 193.0 193
1718523869631 194.0 194
1718524417984 195.0 195
1718524964990 196.0 196
1718525502344 197.0 197
1718526109015 198.0 198
1718526721273 199.0 199
1718527328684 200.0 200
1718528140475 201.0 201
1718528989862 202.0 202
1718529848946 203.0 203
1718530743270 204.0 204
1718531607253 205.0 205
1718532518302 206.0 206
1718533378355 207.0 207
1718534253115 208.0 208
1718535146738 209.0 209
1718536016331 210.0 210
1718536933591 211.0 211
1718537786940 212.0 212
1718538659313 213.0 213
1718539542679 214.0 214
1718540421957 215.0 215
1718541315597 216.0 216
1718541950231 217.0 217
1718542575583 218.0 218
1718543165430 219.0 219
1718543714606 220.0 220
1718544251180 221.0 221
1718544649058 222.0 222
1718545023200 223.0 223
1718545372490 224.0 224
1718545759358 225.0 225
1718546121700 226.0 226
1718546467993 227.0 227
1718546856160 228.0 228
1718547213714 229.0 229
1718547572258 230.0 230
1718547920907 231.0 231
1718548272550 232.0 232
1718548671995 233.0 233
1718549017003 234.0 234
1718549366481 235.0 235
1718549752618 236.0 236
1718550105508 237.0 237
1718550488842 238.0 238
1718550839161 239.0 239
1718551189090 240.0 240
1718551580801 241.0 241
1718551926875 242.0 242
1718552276668 243.0 243
1718552640450 244.0 244
1718552998263 245.0 245
1718553378451 246.0 246
1718553731587 247.0 247
1718554092693 248.0 248
1718554484950 249.0 249
