1718414539597 7080504.0 0
1718415779096 7080504.0 1
1718417012897 7080504.0 2
1718418245143 7080504.0 3
1718419482066 7080504.0 4
1718420713294 7080504.0 5
1718421941021 7080504.0 6
1718422816279 7080504.0 7
1718423599698 7080504.0 8
1718424429634 7080504.0 9
1718425263404 7080504.0 10
1718426052842 7080504.0 11
1718426874519 7080504.0 12
1718427564522 7080504.0 13
1718428178084 7080504.0 14
1718428897646 7080504.0 15
1718429395936 7080504.0 16
1718429893662 7080504.0 17
1718430425458 7080504.0 18
1718430973931 7080504.0 19
1718431580487 7080504.0 20
1718432203704 7080504.0 21
1718432799788 7080504.0 22
1718433396580 7080504.0 23
1718433927944 7080504.0 24
1718434432051 7080504.0 25
1718434959405 7080504.0 26
1718435517426 7080504.0 27
1718436095364 7080504.0 28
1718436734638 7080504.0 29
1718437350307 7080504.0 30
1718437963790 7080504.0 31
1718438562046 7080504.0 32
1718439155571 7080504.0 33
1718439915183 7080504.0 34
1718440573817 7080504.0 35
1718441278076 7080504.0 36
1718441921728 7080504.0 37
1718442549223 7080504.0 38
1718443236829 7080504.0 39
1718443915910 7080504.0 40
1718444587989 7080504.0 41
1718445258686 7080504.0 42
1718445940651 7080504.0 43
1718446589847 7080504.0 44
1718447242842 7080504.0 45
1718447888886 7080504.0 46
1718448566893 7080504.0 47
1718449239981 7080504.0 48
1718449582642 7080504.0 49
1718449976873 7080504.0 50
1718450319850 7080504.0 51
1718450687727 7080504.0 52
1718451024936 7080504.0 53
1718451371404 7080504.0 54
1718451763179 7080504.0 55
1718452106301 7080504.0 56
1718452453426 7080504.0 57
1718452806292 7080504.0 58
1718453338327 7080504.0 59
1718453928722 7080504.0 60
1718454512242 7080504.0 61
1718454999293 7080504.0 62
1718455469510 7080504.0 63
1718455960016 7080504.0 64
1718456523881 7080504.0 65
1718457117205 7080504.0 66
1718457689851 7080504.0 67
1718458256282 7080504.0 68
1718458781553 7080504.0 69
1718459301842 7080504.0 70
1718459891302 7080504.0 71
1718460443751 7080504.0 72
1718461020538 7080504.0 73
1718461603641 7080504.0 74
1718462141918 7080504.0 75
1718462689223 7080504.0 76
1718463254342 7080504.0 77
1718463804352 7080504.0 78
1718464386599 7080504.0 79
1718464962559 7080504.0 80
1718465507796 7080504.0 81
1718466093949 7080504.0 82
1718466658344 7080504.0 83
1718467209656 7080504.0 84
1718467769941 7080504.0 85
1718468304534 7080504.0 86
1718468885484 7080504.0 87
1718469487916 7080504.0 88
1718470104456 7080504.0 89
1718470647767 7080504.0 90
1718471159367 7080504.0 91
1718471681517 7080504.0 92
1718472251268 7080504.0 93
1718472831568 7080504.0 94
1718473423517 7080504.0 95
1718474019522 7080504.0 96
1718474574451 7080504.0 97
1718475081370 7080504.0 98
1718475600237 7080504.0 99
1718476118623 7080504.0 100
1718476633431 7080504.0 101
1718477162184 7080504.0 102
1718477681782 7080504.0 103
1718478184741 7080504.0 104
1718478663382 7080504.0 105
1718479131719 7080504.0 106
1718479624387 7080504.0 107
1718480115476 7080504.0 108
1718480599422 7080504.0 109
1718481111030 7080504.0 110
1718481612404 7080504.0 111
1718482125312 7080504.0 112
1718482625174 7080504.0 113
1718483123326 7080504.0 114
1718483616340 7080504.0 115
1718484113281 7080504.0 116
1718484632061 7080504.0 117
1718485147740 7080504.0 118
1718485633440 7080504.0 119
1718486107488 7080504.0 120
1718486589135 7080504.0 121
1718487079069 7080504.0 122
1718487562560 7080504.0 123
1718488068369 7080504.0 124
1718488573691 7080504.0 125
1718489083169 7080504.0 126
1718489572301 7080504.0 127
1718490061690 7080504.0 128
1718490556016 7080504.0 129
1718491039510 7080504.0 130
1718491513962 7080504.0 131
1718492002055 7080504.0 132
1718492497587 7080504.0 133
1718493023009 7080504.0 134
1718493547286 7080504.0 135
1718494039750 7080504.0 136
1718494513486 7080504.0 137
1718494987632 7080504.0 138
1718495468621 7080504.0 139
1718495968201 7080504.0 140
1718496483184 7080504.0 141
1718497010933 7080504.0 142
1718497519794 7080504.0 143
1718498048231 7080504.0 144
1718498473447 7080504.0 145
1718498829937 7080504.0 146
1718499195028 7080504.0 147
1718499559799 7080504.0 148
1718499912742 7080504.0 149
1718500256904 7080504.0 150
1718500600482 7080504.0 151
1718500940694 7080504.0 152
1718501286772 7080504.0 153
1718501632223 7080504.0 154
1718501976752 7080504.0 155
1718502317654 7080504.0 156
1718502758372 7080504.0 157
1718503323413 7080504.0 158
1718503909074 7080504.0 159
1718504478534 7080504.0 160
1718505024673 7080504.0 161
1718505583291 7080504.0 162
1718506181139 7080504.0 163
1718506729781 7080504.0 164
1718507274633 7080504.0 165
1718507825003 7080504.0 166
1718508329556 7080504.0 167
1718508895991 7080504.0 168
1718509498605 7080504.0 169
1718510064608 7080504.0 170
1718510619552 7080504.0 171
1718511131027 7080504.0 172
1718511681237 7080504.0 173
1718512258037 7080504.0 174
1718512877904 7080504.0 175
1718513514003 7080504.0 176
1718514147332 7080504.0 177
1718514754915 7080504.0 178
1718515323278 7080504.0 179
1718515844329 7080504.0 180
1718516388756 7080504.0 181
1718516941598 7080504.0 182
1718517537369 7080504.0 183
1718518153536 7080504.0 184
1718518782961 7080504.0 185
1718519405237 7080504.0 186
1718520005085 7080504.0 187
1718520521790 7080504.0 188
1718521052435 7080504.0 189
1718521586962 7080504.0 190
1718522178331 7080504.0 191
1718522771128 7080504.0 192
1718523340525 7080504.0 193
1718523869631 7080504.0 194
1718524417986 7080504.0 195
1718524964991 7080504.0 196
1718525502345 7080504.0 197
1718526109016 7080504.0 198
1718526721275 7080504.0 199
1718527328686 7080504.0 200
1718528140476 7080504.0 201
1718528989864 7080504.0 202
1718529848948 7080504.0 203
1718530743272 7080504.0 204
1718531607255 7080504.0 205
1718532518304 7080504.0 206
1718533378356 7080504.0 207
1718534253116 7080504.0 208
1718535146739 7080504.0 209
1718536016332 7080504.0 210
1718536933592 7080504.0 211
1718537786942 7080504.0 212
1718538659314 7080504.0 213
1718539542681 7080504.0 214
1718540421959 7080504.0 215
1718541315598 7080504.0 216
1718541950233 7080504.0 217
1718542575585 7080504.0 218
1718543165431 7080504.0 219
1718543714607 7080504.0 220
1718544251181 7080504.0 221
1718544649059 7080504.0 222
1718545023201 7080504.0 223
1718545372493 7080504.0 224
1718545759362 7080504.0 225
1718546121702 7080504.0 226
1718546467995 7080504.0 227
1718546856162 7080504.0 228
1718547213715 7080504.0 229
1718547572260 7080504.0 230
1718547920909 7080504.0 231
1718548272552 7080504.0 232
1718548671996 7080504.0 233
1718549017005 7080504.0 234
1718549366482 7080504.0 235
1718549752620 7080504.0 236
1718550105510 7080504.0 237
1718550488844 7080504.0 238
1718550839162 7080504.0 239
1718551189091 7080504.0 240
1718551580802 7080504.0 241
1718551926877 7080504.0 242
1718552276669 7080504.0 243
1718552640451 7080504.0 244
1718552998265 7080504.0 245
1718553378452 7080504.0 246
1718553731589 7080504.0 247
1718554092695 7080504.0 248
1718554484952 7080504.0 249
