1718414539586 4.645260693262452 0
1718415779086 3.1651370782891046 1
1718417012887 2.5580228354943837 2
1718418245133 2.2869381800941797 3
1718419482055 2.145399221421584 4
1718420713284 2.066884283948204 5
1718421941010 2.0485456595602245 6
1718422816270 2.04572631418705 7
1718423599693 2.0629258314552517 8
1718424429623 2.0606589970057425 9
1718425263396 2.0417567245338275 10
1718426052831 2.0411684271758017 11
1718426874509 2.0314023151345877 12
1718427564510 2.0383530391947082 13
1718428178074 2.027176622463309 14
1718428897641 2.013735407234534 15
1718429395931 2.044287517828786 16
1718429893653 2.038867037905299 17
1718430425446 2.035068008238855 18
1718430973925 2.0048694046943085 19
1718431580475 2.0199004654651103 20
1718432203692 2.0211768979611606 21
1718432799778 1.999148492741844 22
1718433396569 2.008061540191588 23
1718433927933 1.9936663150463416 24
1718434432046 2.0017892381419307 25
1718434959400 1.9996437806150187 26
1718435517421 1.9972156049764676 27
1718436095354 1.9975305844260298 28
1718436734629 1.9810411455514638 29
1718437350296 1.983337613551513 30
1718437963781 1.9714952116103277 31
1718438562035 1.960144176269355 32
1718439155560 1.9487614244546578 33
1718439915175 1.933952142039071 34
1718440573808 1.967381917750058 35
1718441278068 1.935461869220371 36
1718441921719 1.9144957545010939 37
1718442549213 1.9501088564486608 38
1718443236819 1.905446011249138 39
1718443915904 1.909957524874936 40
1718444587981 1.9078007944576119 41
1718445258678 1.888278403683849 42
1718445940645 1.8926340432270714 43
1718446589838 1.8820245831233005 44
1718447242836 1.8743619530097297 45
1718447888876 1.8803783396015996 46
1718448566882 1.8909505317392556 47
1718449239970 1.8533179674135603 48
1718449582630 1.8488130600232144 49
1718449976862 1.8469492762309054 50
1718450319839 1.8434342869921871 51
1718450687717 1.8445041095433028 52
1718451024928 1.8367983164346737 53
1718451371398 1.8218098091690436 54
1718451763168 1.8218933364943317 55
1718452106291 1.793600487968196 56
1718452453419 1.7848860963207225 57
1718452806283 1.7977226985537487 58
1718453338318 1.7672517268877963 59
1718453928712 1.783333751656439 60
1718454512233 1.745814359706381 61
1718454999283 1.7679576528785022 62
1718455469501 1.7463163096943628 63
1718455960012 1.755254476128713 64
1718456523872 1.7513859736854616 65
1718457117200 1.7629614112817722 66
1718457689840 1.7493906353154909 67
1718458256272 1.728813540838335 68
1718458781547 1.7226318059408146 69
1718459301832 1.7254164473194142 70
1718459891290 1.694839114566212 71
1718460443745 1.6899718238931636 72
1718461020528 1.7072057310977709 73
1718461603632 1.682596785866696 74
1718462141908 1.6811296316268651 75
1718462689213 1.6595648695593295 76
1718463254331 1.6520382807306622 77
1718463804345 1.6629798467392507 78
1718464386587 1.660856682483269 79
1718464962550 1.647184292583362 80
1718465507785 1.6250348107322403 81
1718466093939 1.6358085580818031 82
1718466658338 1.6399763409534227 83
1718467209650 1.6245632233179135 84
1718467769929 1.6158992165456647 85
1718468304526 1.6182953320119693 86
1718468885479 1.5947404434175596 87
1718469487911 1.6033454143806645 88
1718470104450 1.614230636831211 89
1718470647757 1.5791979032042234 90
1718471159361 1.5980291920511618 91
1718471681507 1.5967274371372617 92
1718472251258 1.5825824724591298 93
1718472831556 1.5650591527962165 94
1718473423507 1.5675307311441586 95
1718474019510 1.5801744914573173 96
1718474574445 1.6040505136808623 97
1718475081365 1.5649994827968918 98
1718475600232 1.5469176030677299 99
1718476118612 1.5611227829333232 100
1718476633421 1.548048687369927 101
1718477162173 1.5445453178785418 102
1718477681775 1.5462761109937793 103
1718478184735 1.5356554021329984 104
1718478663370 1.540318940806648 105
1718479131709 1.539796312218127 106
1718479624376 1.525893568182769 107
1718480115466 1.5227161069279131 108
1718480599410 1.4906618828358857 109
1718481111024 1.5020615868270397 110
1718481612398 1.5006403882542383 111
1718482125305 1.4920969317950632 112
1718482625169 1.4925418053956137 113
1718483123315 1.503082671729119 114
1718483616330 1.4793688350397607 115
1718484113271 1.5061022276463716 116
1718484632053 1.507822713288276 117
1718485147730 1.4643452802430028 118
1718485633429 1.4776130064350108 119
1718486107482 1.4632965297154759 120
1718486589130 1.4814369945746402 121
1718487079058 1.4563055317039075 122
1718487562550 1.4566935781875383 123
1718488068358 1.4623165410821852 124
1718488573682 1.4784753733193097 125
1718489083159 1.448423680646912 126
1718489572296 1.4667930915627791 127
1718490061685 1.4614934918025266 128
1718490556004 1.4438474468238975 129
1718491039505 1.4378532353464677 130
1718491513950 1.433431671689386 131
1718492002049 1.4259904736410016 132
1718492497576 1.4271533447115317 133
1718493023004 1.430589657843761 134
1718493547280 1.4449567001960848 135
1718494039739 1.420037632484151 136
1718494513476 1.433000926171308 137
1718494987621 1.4367608557576719 138
1718495468610 1.4303678274964509 139
1718495968191 1.4311622950531866 140
1718496483172 1.3896993526622006 141
1718497010923 1.4020550745822813 142
1718497519783 1.4269974002533632 143
1718498048221 1.389463735177465 144
1718498473435 1.405253422001134 145
1718498829929 1.415651238725885 146
1718499195019 1.404383822708674 147
1718499559789 1.3941276343134434 148
1718499912737 1.3972171115810457 149
1718500256895 1.3872214054445857 150
1718500600470 1.4062558406073113 151
1718500940685 1.3830108825603258 152
1718501286761 1.3830423900938553 153
1718501632211 1.3873399830544773 154
1718501976746 1.3768609311917555 155
1718502317649 1.3677207728766876 156
1718502758364 1.387984374376095 157
1718503323408 1.3914684843595908 158
1718503909065 1.3749014680152354 159
1718504478522 1.3490342169028262 160
1718505024669 1.376778084055885 161
1718505583280 1.366219575719341 162
1718506181131 1.3726626014255958 163
1718506729772 1.3761235707965882 164
1718507274627 1.3502038207067095 165
1718507824999 1.3775808417602726 166
1718508329547 1.360517347879384 167
1718508895981 1.357652939937037 168
1718509498595 1.36062401217287 169
1718510064596 1.3617922042536994 170
1718510619542 1.3328388867008945 171
1718511131023 1.3429637782923554 172
1718511681232 1.3456673889380435 173
1718512258031 1.3308035506178504 174
1718512877895 1.342966544482371 175
1718513513995 1.3514388317809156 176
1718514147327 1.3404657086762397 177
1718514754905 1.322736214360465 178
1718515323267 1.3407954863556053 179
1718515844319 1.3224851542516896 180
1718516388747 1.3363332741124474 181
1718516941587 1.3448463171396567 182
1718517537359 1.325902280357221 183
1718518153529 1.3308289480274138 184
1718518782950 1.3154632696962876 185
1718519405227 1.3172213761540859 186
1718520005075 1.3194400512653848 187
1718520521785 1.3259403635950193 188
1718521052424 1.3224123666143937 189
1718521586951 1.3202858811001414 190
1718522178320 1.3106734128263982 191
1718522771124 1.311388005057107 192
1718523340515 1.3205431321554857 193
1718523869626 1.3134592004606258 194
1718524417977 1.3157462484162787 195
1718524964985 1.3069508948727795 196
1718525502339 1.3137867686379214 197
1718526109010 1.3213840138329112 198
1718526721264 1.3267344317358474 199
1718527328675 1.2985661769204813 200
1718528140469 1.2929519021316715 201
1718528989854 1.2993509409868198 202
1718529848938 1.3029164688094803 203
1718530743264 1.3164115669610708 204
1718531607248 1.2891316992109236 205
1718532518295 1.3054259405673847 206
1718533378348 1.2952204239757166 207
1718534253108 1.2803301138236471 208
1718535146735 1.2776397163777247 209
1718536016328 1.2876234546951626 210
1718536933584 1.2896475401585517 211
1718537786932 1.2799992277084484 212
1718538659306 1.2895896088979815 213
1718539542672 1.285046437755227 214
1718540421950 1.2757621328143969 215
1718541315590 1.2771793156052413 216
1718541950226 1.298999285487377 217
1718542575576 1.2772013857636764 218
1718543165422 1.2671222173325394 219
1718543714601 1.2726091809732758 220
1718544251175 1.2853100070648866 221
1718544649053 1.2913185479524343 222
1718545023196 1.2809190875648155 223
1718545372481 1.2768401787008927 224
1718545759347 1.260832730113812 225
1718546121692 1.2666617820606283 226
1718546467986 1.280394395975315 227
1718546856153 1.271883012888872 228
1718547213710 1.2849820284577815 229
1718547572250 1.2730394687665545 230
1718547920898 1.2650223964744287 231
1718548272544 1.277539882404001 232
1718548671990 1.277845850619285 233
1718549016998 1.2603790223922418 234
1718549366475 1.2690733735976012 235
1718549752610 1.2608159406353598 236
1718550105501 1.2512837963421708 237
1718550488835 1.2608088191760622 238
1718550839153 1.2562571885469167 239
1718551189082 1.2666597521823386 240
1718551580794 1.2574678629474796 241
1718551926865 1.2645108741100715 242
1718552276663 1.2673352892794039 243
1718552640445 1.2504225329536458 244
1718552998255 1.2644630249427713 245
1718553378445 1.259272883605698 246
1718553731578 1.249313634617821 247
1718554092685 1.2375098751129017 248
1718554484942 1.2397849856187468 249
