1718414539581 9.999999999999821e-06 0
1718415779078 9.999999999999821e-06 1
1718417012884 8.003125000000054e-06 2
1718418245128 6.006250000000084e-06 3
1718419482050 4.009374999999961e-06 4
1718420713279 2.0124999999999786e-06 5
1718421941005 2.547594167448766e-08 6
1718422816267 2.9808302605216855e-08 7
1718423599692 3.492674810556928e-08 8
1718424429617 4.0830469913665624e-08 9
1718425263393 4.751853576339509e-08 10
1718426052825 5.498988953162855e-08 11
1718426874504 6.324335140500137e-08 12
1718427564504 7.227761806619712e-08 13
1718428178069 8.209126289978645e-08 14
1718428897639 9.268273621748121e-08 15
1718429395928 1.0405036550287616e-07 16
1718429893648 1.1619235567551963e-07 17
1718430425441 1.2910678937440756e-07 18
1718430973923 1.4279162726075904e-07 19
1718431580470 1.5724470834002356e-07 20
1718432203687 1.7246375030316084e-07 21
1718432799773 1.884463498870155e-07 22
1718433396565 2.051899832538382e-07 23
1718433927929 2.2269200638982295e-07 24
1718434432044 2.409496555226157e-07 25
1718434959398 2.599600475577924e-07 26
1718435517420 2.797201805340524e-07 27
1718436095349 3.002269340973366e-07 28
1718436734625 3.214770699935485e-07 29
1718437350292 3.434672325798837e-07 30
1718437963777 3.6619394935474794e-07 31
1718438562030 3.8965363150610546e-07 32
1718439155556 4.138425744781937e-07 33
1718439915171 4.387569585565078e-07 34
1718440573804 4.643928494709907e-07 35
1718441278065 4.907461990173027e-07 36
1718441921715 5.17812845696017e-07 37
1718442549209 5.455885153698624e-07 38
1718443236813 5.740688219386374e-07 39
1718443915901 6.032492680317479e-07 40
1718444587978 6.331252457185202e-07 41
1718445258674 6.636920372357199e-07 42
1718445940644 6.949448157326387e-07 43
1718446589833 7.268786460332559e-07 44
1718447242834 7.594884854155556e-07 45
1718447888872 7.927691844079031e-07 46
1718448566878 8.267154876021116e-07 47
1718449239966 8.613220344833964e-07 48
1718449582625 8.965833602768404e-07 49
1718449976857 9.32493896810314e-07 50
1718450319834 9.690479733938117e-07 51
1718450687713 1.0062398177149302e-06 52
1718451024925 1.044063556750281e-06 53
1718451371396 1.0825132176929678e-06 54
1718451763163 1.1215827288958545e-06 55
1718452106286 1.1612659208302355e-06 56
1718452453417 1.2015565270600477e-06 57
1718452806280 1.2424481852314805e-06 58
1718453338315 1.2839344380777264e-06 59
1718453928708 1.3260087344384783e-06 60
1718454512228 1.3686644302946887e-06 61
1718454999278 1.4118947898174135e-06 62
1718455469498 1.4556929864317493e-06 63
1718455960010 1.5000521038948211e-06 64
1718456523867 1.5449651373876432e-06 65
1718457117199 1.5904249946216246e-06 66
1718457689836 1.6364244969583511e-06 67
1718458256268 1.6829563805430792e-06 68
1718458781545 1.7300132974520331e-06 69
1718459301827 1.777587816852539e-06 70
1718459891285 1.8256724261764502e-06 71
1718460443742 1.8742595323066096e-06 72
1718461020523 1.9233414627756142e-06 73
1718461603628 1.9729104669776914e-06 74
1718462141903 2.0229587173925443e-06 75
1718462689208 2.0734783108211434e-06 76
1718463254326 2.124461269634135e-06 77
1718463804342 2.1758995430312897e-06 78
1718464386583 2.227785008312895e-06 79
1718464962545 2.280109472162528e-06 80
1718465507780 2.3328646719408296e-06 81
1718466093934 2.3860422769901118e-06 82
1718466658335 2.439633889950162e-06 83
1718467209648 2.493631048083954e-06 84
1718467769924 2.5480252246143407e-06 85
1718468304522 2.60280783007036e-06 86
1718468885477 2.6579702136434156e-06 87
1718469487908 2.713503664553698e-06 88
1718470104448 2.7693994134255832e-06 89
1718470647752 2.825648633672287e-06 90
1718471159359 2.8822424428900285e-06 91
1718471681502 2.9391719042600903e-06 92
1718472251254 2.99642802796067e-06 93
1718472831551 3.054001772586149e-06 94
1718473423503 3.1118840465747476e-06 95
1718474019505 3.170065709644442e-06 96
1718474574443 3.228537574236213e-06 97
1718475081363 3.287290406964755e-06 98
1718475600230 3.3463149300766618e-06 99
1718476118608 3.405601822915578e-06 100
1718476633416 3.465141723393809e-06 101
1718477162168 3.5249252294708655e-06 102
1718477681773 3.584942900638223e-06 103
1718478184733 3.645185259409568e-06 104
1718478663366 3.705642792818367e-06 105
1718479131705 3.7663059539192643e-06 106
1718479624371 3.827165163295592e-06 107
1718480115461 3.88821081057305e-06 108
1718480599405 3.949433255935963e-06 109
1718481111022 4.010822831650801e-06 110
1718481612396 4.072369843591554e-06 111
1718482125302 4.1340645727718645e-06 112
1718482625167 4.195897276878607e-06 113
1718483123311 4.257858191811177e-06 114
1718483616325 4.319937533222829e-06 115
1718484113266 4.382125498065731e-06 116
1718484632050 4.444412266139371e-06 117
1718485147726 4.506788001641283e-06 118
1718485633423 4.5692428547192775e-06 119
1718486107480 4.631766963028503e-06 120
1718486589128 4.694350453287328e-06 121
1718487079053 4.7569834428369814e-06 122
1718487562545 4.819656041202381e-06 123
1718488068353 4.882358351653907e-06 124
1718488573677 4.945080472769744e-06 125
1718489083155 5.007812500000019e-06 126
1718489572293 5.07054452723009e-06 127
1718490061683 5.133266648346135e-06 128
1718490555999 5.195968958797602e-06 129
1718491039503 5.258641557163041e-06 130
1718491513945 5.321274546712681e-06 131
1718492002047 5.383858036971545e-06 132
1718492497571 5.446382145280713e-06 133
1718493023002 5.508836998358745e-06 134
1718493547278 5.5712127338605995e-06 135
1718494039734 5.6334995019342885e-06 136
1718494513471 5.695687466777165e-06 137
1718494987617 5.7577668081887825e-06 138
1718495468605 5.8197277231212335e-06 139
1718495968187 5.8815604272281715e-06 140
1718496483168 5.943255156408505e-06 141
1718497010919 6.004802168349239e-06 142
1718497519778 6.066191744064066e-06 143
1718498048217 6.1274141894270415e-06 144
1718498473430 6.188459836704437e-06 145
1718498829927 6.249319046080777e-06 146
1718499195016 6.3099822071814794e-06 147
1718499559784 6.370439740590357e-06 148
1718499912735 6.4306820993618725e-06 149
1718500256891 6.49069977052907e-06 150
1718500600465 6.550483276606282e-06 151
1718500940682 6.610023177084425e-06 152
1718501286756 6.669310069923353e-06 153
1718501632206 6.7283345930353476e-06 154
1718501976744 6.7870874257638935e-06 155
1718502317647 6.845559290355481e-06 156
1718502758361 6.90374095342529e-06 157
1718503323405 6.9616232274138875e-06 158
1718503909061 7.019196972039283e-06 159
1718504478517 7.076453095739786e-06 160
1718505024667 7.133382557110113e-06 161
1718505583274 7.189976366327601e-06 162
1718506181127 7.246225586574415e-06 163
1718506729768 7.302121335446418e-06 164
1718507274625 7.357654786356587e-06 165
1718507824997 7.412817169929781e-06 166
1718508329545 7.46759977538557e-06 167
1718508895976 7.5219939519161e-06 168
1718509498590 7.575991110049978e-06 169
1718510064591 7.629582723009917e-06 170
1718510619537 7.682760328059307e-06 171
1718511131022 7.735515527837468e-06 172
1718511681230 7.787839991687096e-06 173
1718512258030 7.839725456968738e-06 174
1718512877889 7.891163730365797e-06 175
1718513513992 7.942146689178765e-06 176
1718514147325 7.992666282607348e-06 177
1718514754901 8.042714533022203e-06 178
1718515323262 8.092283537224422e-06 179
1718515844315 8.141365467693364e-06 180
1718516388743 8.18995257382346e-06 181
1718516941583 8.238037183147598e-06 182
1718517537355 8.285611702548013e-06 183
1718518153526 8.332668619457054e-06 184
1718518782945 8.379200503041659e-06 185
1718519405223 8.425200005378253e-06 186
1718520005071 8.47065986261242e-06 187
1718520521783 8.515572896105276e-06 188
1718521052419 8.559932013568136e-06 189
1718521586945 8.603730210182524e-06 190
1718522178315 8.646960569705349e-06 191
1718522771121 8.689616265561447e-06 192
1718523340510 8.731690561922368e-06 193
1718523869624 8.773176814768617e-06 194
1718524417974 8.81406847294001e-06 195
1718524964983 8.854359079169824e-06 196
1718525502337 8.894042271104089e-06 197
1718526109008 8.933111782307154e-06 198
1718526721260 8.971561443249703e-06 199
1718527328670 9.009385182285108e-06 200
1718528140466 9.046577026606334e-06 201
1718528989849 9.08313110318975e-06 202
1718529848933 9.119041639723078e-06 203
1718530743260 9.154302965516523e-06 204
1718531607244 9.188909512397927e-06 205
1718532518292 9.222855815591953e-06 206
1718533378344 9.256136514584392e-06 207
1718534253105 9.288746353966814e-06 208
1718535146733 9.320680184267392e-06 209
1718536016326 9.351932962764418e-06 210
1718536933581 9.382499754281614e-06 211
1718537786927 9.41237573196836e-06 212
1718538659302 9.441556178061498e-06 213
1718539542669 9.470036484630317e-06 214
1718540421945 9.497812154303879e-06 215
1718541315586 9.524878800982796e-06 216
1718541950224 9.551232150528895e-06 217
1718542575572 9.576868041443447e-06 218
1718543165419 9.601782425521698e-06 219
1718543714598 9.625971368493765e-06 220
1718544251173 9.64943105064529e-06 221
1718544649051 9.672157767420232e-06 222
1718545023194 9.694147930006336e-06 223
1718545372476 9.715398065902702e-06 224
1718545759342 9.735904819466001e-06 225
1718546121687 9.755664952442244e-06 226
1718546467981 9.774675344477298e-06 227
1718546856150 9.79293299361012e-06 228
1718547213708 9.810435016746249e-06 229
1718547572246 9.827178650113148e-06 230
1718547920893 9.843161249696764e-06 231
1718548272541 9.858380291659897e-06 232
1718548671987 9.87283337273911e-06 233
1718549016996 9.886518210625432e-06 234
1718549366474 9.899432644324549e-06 235
1718549752606 9.911574634496937e-06 236
1718550105498 9.922942263782509e-06 237
1718550488831 9.933533737100049e-06 238
1718550839150 9.943347381933902e-06 239
1718551189079 9.952381648595069e-06 240
1718551580791 9.960635110468385e-06 241
1718551926860 9.968106464236675e-06 242
1718552276661 9.974794530086264e-06 243
1718552640442 9.980698251894387e-06 244
1718552998250 9.985816697394939e-06 245
1718553378442 9.990149058325415e-06 246
1718553731572 9.993694650556515e-06 247
1718554092679 9.996452914198078e-06 248
1718554484937 9.998423413687617e-06 249
