1711961814656 0.0 0
1711961947225 1.0 1
1711962074832 2.0 2
1711962211811 3.0 3
1711962338920 4.0 4
1711962467277 5.0 5
1711962592485 6.0 6
1711962748421 7.0 7
1711962955701 8.0 8
1711963161590 9.0 9
1711963368196 10.0 10
1711963576638 11.0 11
1711963788202 12.0 12
1711964005251 13.0 13
1711964424268 14.0 14
1711964935458 15.0 15
1711965448222 16.0 16
1711965959203 17.0 17
1711966473132 18.0 18
1711966987899 19.0 19
1711967501129 20.0 20
1711968013506 21.0 21
1711968526458 22.0 22
1711969040327 23.0 23
1711969553007 24.0 24
1711970065488 25.0 25
1711970579345 26.0 26
1711971093429 27.0 27
1711971608509 28.0 28
1711972124735 29.0 29
1711972645777 30.0 30
1711973166923 31.0 31
1711973684632 32.0 32
1711974200117 33.0 33
1711974717784 34.0 34
1711975234264 35.0 35
1711975746903 36.0 36
1711976260554 37.0 37
1711976775182 38.0 38
1711977288674 39.0 39
1711977798646 40.0 40
1711978309372 41.0 41
1711978818489 42.0 42
1711979325537 43.0 43
1711979832171 44.0 44
1711980337920 45.0 45
1711980844003 46.0 46
1711981347596 47.0 47
1711981854340 48.0 48
1711982357887 49.0 49
1711982866400 50.0 50
1711983371619 51.0 51
1711983877309 52.0 52
1711984383874 53.0 53
1711984887713 54.0 54
1711985386943 55.0 55
1711985887931 56.0 56
1711986390772 57.0 57
1711986892580 58.0 58
1711987394012 59.0 59
1711987893968 60.0 60
1711988394080 61.0 61
1711988894307 62.0 62
1711989393428 63.0 63
1711989891466 64.0 64
1711990390939 65.0 65
1711990888468 66.0 66
1711991386973 67.0 67
1711991885435 68.0 68
1711992384022 69.0 69
1711992879437 70.0 70
1711993371371 71.0 71
1711993862884 72.0 72
1711994357338 73.0 73
1711994847245 74.0 74
1711995337811 75.0 75
1711995830730 76.0 76
1711996322474 77.0 77
1711996813715 78.0 78
1711997303393 79.0 79
1711997794415 80.0 80
1711998284848 81.0 81
1711998774166 82.0 82
1711999264711 83.0 83
1711999755688 84.0 84
1712000245023 85.0 85
1712000734196 86.0 86
1712001221378 87.0 87
1712001713145 88.0 88
1712002200568 89.0 89
1712002691378 90.0 90
1712003182489 91.0 91
1712003673402 92.0 92
1712004161185 93.0 93
1712004651274 94.0 94
1712005142560 95.0 95
1712005632501 96.0 96
1712006121267 97.0 97
1712006606824 98.0 98
1712007098359 99.0 99
1712007588930 100.0 100
1712008081874 101.0 101
1712008570606 102.0 102
1712009061217 103.0 103
1712009550361 104.0 104
1712010042710 105.0 105
1712010534520 106.0 106
1712011025989 107.0 107
1712011515015 108.0 108
1712012002979 109.0 109
1712012493781 110.0 110
1712012984285 111.0 111
1712013474392 112.0 112
1712013964422 113.0 113
1712014454382 114.0 114
1712014943453 115.0 115
1712015432608 116.0 116
1712015924653 117.0 117
1712016376770 118.0 118
1712016892821 119.0 119
1712017483266 120.0 120
1712018073255 121.0 121
1712018666447 122.0 122
1712019258977 123.0 123
1712019846161 124.0 124
1712020433044 125.0 125
1712021020759 126.0 126
1712021615656 127.0 127
1712022208220 128.0 128
1712022803530 129.0 129
1712023401577 130.0 130
1712024001864 131.0 131
1712024599525 132.0 132
1712025202736 133.0 133
1712025806398 134.0 134
1712026412300 135.0 135
1712027015752 136.0 136
1712027620206 137.0 137
1712028231007 138.0 138
1712028839710 139.0 139
1712029445288 140.0 140
1712030057200 141.0 141
1712030660778 142.0 142
1712031260617 143.0 143
1712031858001 144.0 144
1712032457502 145.0 145
1712033058434 146.0 146
1712033659023 147.0 147
1712034262469 148.0 148
1712034863121 149.0 149
1712035464388 150.0 150
1712036058405 151.0 151
1712036655161 152.0 152
1712037253012 153.0 153
1712037853928 154.0 154
1712038453689 155.0 155
1712039059326 156.0 156
1712039664355 157.0 157
1712040268639 158.0 158
1712040875610 159.0 159
1712041486197 160.0 160
1712042105683 161.0 161
1712042721212 162.0 162
1712043336022 163.0 163
1712043953913 164.0 164
1712044573980 165.0 165
1712045189150 166.0 166
1712045805400 167.0 167
1712046420727 168.0 168
1712047037373 169.0 169
1712047651426 170.0 170
1712048269390 171.0 171
1712048886345 172.0 172
1712049500277 173.0 173
1712050106405 174.0 174
1712050713654 175.0 175
1712051321559 176.0 176
1712051926798 177.0 177
1712052530045 178.0 178
1712053130960 179.0 179
1712053732830 180.0 180
1712054335077 181.0 181
1712054933409 182.0 182
1712055532551 183.0 183
1712056126941 184.0 184
1712056723835 185.0 185
1712057322101 186.0 186
1712057926989 187.0 187
1712058534848 188.0 188
1712059141974 189.0 189
1712059753656 190.0 190
1712060369138 191.0 191
1712060985425 192.0 192
1712061601230 193.0 193
1712062220322 194.0 194
1712062841036 195.0 195
1712063463671 196.0 196
1712064082092 197.0 197
1712064703775 198.0 198
1712065331517 199.0 199
1712065961994 200.0 200
1712066591164 201.0 201
1712067220220 202.0 202
1712067847003 203.0 203
1712068471959 204.0 204
1712069094279 205.0 205
1712069720261 206.0 206
1712070345041 207.0 207
1712070965468 208.0 208
1712071588720 209.0 209
1712072209442 210.0 210
1712072832607 211.0 211
1712073450721 212.0 212
1712074071958 213.0 213
1712074693317 214.0 214
1712075313203 215.0 215
1712075932516 216.0 216
1712076554508 217.0 217
1712077175641 218.0 218
1712077795896 219.0 219
1712078412855 220.0 220
1712079030877 221.0 221
1712079651226 222.0 222
1712080271375 223.0 223
1712080887966 224.0 224
1712081505669 225.0 225
1712082123887 226.0 226
1712082738163 227.0 227
1712083355170 228.0 228
1712083974135 229.0 229
1712084593032 230.0 230
1712085207315 231.0 231
1712085826756 232.0 232
1712086444915 233.0 233
1712087059757 234.0 234
1712087681175 235.0 235
1712088296938 236.0 236
1712088912817 237.0 237
1712089527084 238.0 238
1712090139626 239.0 239
1712090756122 240.0 240
1712091370724 241.0 241
1712091983419 242.0 242
1712092596115 243.0 243
1712093212964 244.0 244
1712093826662 245.0 245
1712094438294 246.0 246
1712095049388 247.0 247
1712095661861 248.0 248
1712096275656 249.0 249
1712096884778 250.0 250
1712097494404 251.0 251
1712098104877 252.0 252
1712098715054 253.0 253
1712099323636 254.0 254
1712099933207 255.0 255
1712100543639 256.0 256
1712101149303 257.0 257
1712101756317 258.0 258
1712102366568 259.0 259
1712102982035 260.0 260
1712103592343 261.0 261
1712104199865 262.0 262
1712104807384 263.0 263
1712105416353 264.0 264
1712106025803 265.0 265
1712106637605 266.0 266
1712107249860 267.0 267
1712107863141 268.0 268
1712108478779 269.0 269
1712109096095 270.0 270
1712109714383 271.0 271
1712110335705 272.0 272
1712110945943 273.0 273
1712111560196 274.0 274
1712112178011 275.0 275
1712112794248 276.0 276
1712113408730 277.0 277
1712114026764 278.0 278
1712114645832 279.0 279
1712115264369 280.0 280
1712115879663 281.0 281
1712116491776 282.0 282
1712117099177 283.0 283
1712117701690 284.0 284
1712118301744 285.0 285
1712118900104 286.0 286
1712119497257 287.0 287
1712120097250 288.0 288
1712120700502 289.0 289
1712121299876 290.0 290
1712121901228 291.0 291
1712122497411 292.0 292
1712123097707 293.0 293
1712123692675 294.0 294
1712124290406 295.0 295
1712124884989 296.0 296
1712125481008 297.0 297
1712126080876 298.0 298
1712126679039 299.0 299
1712127272684 300.0 300
1712127867947 301.0 301
1712128464574 302.0 302
1712129062762 303.0 303
1712129658111 304.0 304
1712130257725 305.0 305
1712130860915 306.0 306
1712131461224 307.0 307
1712132063037 308.0 308
1712132669406 309.0 309
1712133271175 310.0 310
1712133865958 311.0 311
1712134461345 312.0 312
1712135056262 313.0 313
1712135652434 314.0 314
1712136243057 315.0 315
1712136835764 316.0 316
1712137427866 317.0 317
1712138018508 318.0 318
1712138608259 319.0 319
1712139199553 320.0 320
1712139791888 321.0 321
1712140382626 322.0 322
1712140971534 323.0 323
1712141561686 324.0 324
1712142089962 325.0 325
1712142568268 326.0 326
1712143049038 327.0 327
1712143529906 328.0 328
1712144010215 329.0 329
1712144485674 330.0 330
1712144963899 331.0 331
1712145444924 332.0 332
1712145922834 333.0 333
1712146401686 334.0 334
1712146888841 335.0 335
1712147379328 336.0 336
1712147868379 337.0 337
1712148355660 338.0 338
1712148842982 339.0 339
1712149328331 340.0 340
1712149807623 341.0 341
1712150287748 342.0 342
1712150769021 343.0 343
1712151247801 344.0 344
1712151724350 345.0 345
1712152197268 346.0 346
1712152672641 347.0 347
1712153148923 348.0 348
1712153622890 349.0 349
