1711961814657 7095944.0 0
1711961947227 7095944.0 1
1711962074833 7095944.0 2
1711962211811 7095944.0 3
1711962338922 7095944.0 4
1711962467278 7095944.0 5
1711962592487 7095944.0 6
1711962748422 7095944.0 7
1711962955702 7095944.0 8
1711963161591 7095944.0 9
1711963368197 7095944.0 10
1711963576639 7095944.0 11
1711963788203 7095944.0 12
1711964005252 7095944.0 13
1711964424270 7095944.0 14
1711964935459 7095944.0 15
1711965448223 7095944.0 16
1711965959204 7095944.0 17
1711966473134 7095944.0 18
1711966987900 7095944.0 19
1711967501131 7095944.0 20
1711968013507 7095944.0 21
1711968526458 7095944.0 22
1711969040329 7095944.0 23
1711969553007 7095944.0 24
1711970065490 7095944.0 25
1711970579346 7095944.0 26
1711971093430 7095944.0 27
1711971608509 7095944.0 28
1711972124736 7095944.0 29
1711972645777 7095944.0 30
1711973166923 7095944.0 31
1711973684632 7095944.0 32
1711974200117 7095944.0 33
1711974717784 7095944.0 34
1711975234265 7095944.0 35
1711975746904 7095944.0 36
1711976260554 7095944.0 37
1711976775183 7095944.0 38
1711977288675 7095944.0 39
1711977798647 7095944.0 40
1711978309374 7095944.0 41
1711978818490 7095944.0 42
1711979325539 7095944.0 43
1711979832173 7095944.0 44
1711980337921 7095944.0 45
1711980844004 7095944.0 46
1711981347597 7095944.0 47
1711981854342 7095944.0 48
1711982357889 7095944.0 49
1711982866402 7095944.0 50
1711983371620 7095944.0 51
1711983877309 7095944.0 52
1711984383875 7095944.0 53
1711984887713 7095944.0 54
1711985386944 7095944.0 55
1711985887933 7095944.0 56
1711986390774 7095944.0 57
1711986892581 7095944.0 58
1711987394014 7095944.0 59
1711987893970 7095944.0 60
1711988394081 7095944.0 61
1711988894308 7095944.0 62
1711989393430 7095944.0 63
1711989891467 7095944.0 64
1711990390940 7095944.0 65
1711990888469 7095944.0 66
1711991386975 7095944.0 67
1711991885437 7095944.0 68
1711992384024 7095944.0 69
1711992879439 7095944.0 70
1711993371373 7095944.0 71
1711993862884 7095944.0 72
1711994357340 7095944.0 73
1711994847245 7095944.0 74
1711995337813 7095944.0 75
1711995830732 7095944.0 76
1711996322476 7095944.0 77
1711996813717 7095944.0 78
1711997303395 7095944.0 79
1711997794416 7095944.0 80
1711998284848 7095944.0 81
1711998774168 7095944.0 82
1711999264712 7095944.0 83
1711999755690 7095944.0 84
1712000245024 7095944.0 85
1712000734198 7095944.0 86
1712001221379 7095944.0 87
1712001713147 7095944.0 88
1712002200568 7095944.0 89
1712002691380 7095944.0 90
1712003182489 7095944.0 91
1712003673404 7095944.0 92
1712004161187 7095944.0 93
1712004651276 7095944.0 94
1712005142561 7095944.0 95
1712005632503 7095944.0 96
1712006121269 7095944.0 97
1712006606824 7095944.0 98
1712007098361 7095944.0 99
1712007588931 7095944.0 100
1712008081875 7095944.0 101
1712008570607 7095944.0 102
1712009061218 7095944.0 103
1712009550363 7095944.0 104
1712010042712 7095944.0 105
1712010534520 7095944.0 106
1712011025990 7095944.0 107
1712011515017 7095944.0 108
1712012002980 7095944.0 109
1712012493781 7095944.0 110
1712012984287 7095944.0 111
1712013474394 7095944.0 112
1712013964424 7095944.0 113
1712014454383 7095944.0 114
1712014943454 7095944.0 115
1712015432609 7095944.0 116
1712015924654 7095944.0 117
1712016376771 7095944.0 118
1712016892822 7095944.0 119
1712017483268 7095944.0 120
1712018073257 7095944.0 121
1712018666449 7095944.0 122
1712019258978 7095944.0 123
1712019846163 7095944.0 124
1712020433045 7095944.0 125
1712021020760 7095944.0 126
1712021615657 7095944.0 127
1712022208221 7095944.0 128
1712022803531 7095944.0 129
1712023401578 7095944.0 130
1712024001865 7095944.0 131
1712024599527 7095944.0 132
1712025202737 7095944.0 133
1712025806399 7095944.0 134
1712026412302 7095944.0 135
1712027015753 7095944.0 136
1712027620208 7095944.0 137
1712028231009 7095944.0 138
1712028839712 7095944.0 139
1712029445290 7095944.0 140
1712030057202 7095944.0 141
1712030660780 7095944.0 142
1712031260618 7095944.0 143
1712031858002 7095944.0 144
1712032457503 7095944.0 145
1712033058435 7095944.0 146
1712033659024 7095944.0 147
1712034262470 7095944.0 148
1712034863121 7095944.0 149
1712035464389 7095944.0 150
1712036058406 7095944.0 151
1712036655162 7095944.0 152
1712037253014 7095944.0 153
1712037853930 7095944.0 154
1712038453690 7095944.0 155
1712039059327 7095944.0 156
1712039664357 7095944.0 157
1712040268640 7095944.0 158
1712040875611 7095944.0 159
1712041486199 7095944.0 160
1712042105683 7095944.0 161
1712042721212 7095944.0 162
1712043336023 7095944.0 163
1712043953915 7095944.0 164
1712044573982 7095944.0 165
1712045189150 7095944.0 166
1712045805401 7095944.0 167
1712046420728 7095944.0 168
1712047037374 7095944.0 169
1712047651427 7095944.0 170
1712048269392 7095944.0 171
1712048886345 7095944.0 172
1712049500279 7095944.0 173
1712050106406 7095944.0 174
1712050713655 7095944.0 175
1712051321560 7095944.0 176
1712051926800 7095944.0 177
1712052530046 7095944.0 178
1712053130961 7095944.0 179
1712053732831 7095944.0 180
1712054335079 7095944.0 181
1712054933410 7095944.0 182
1712055532553 7095944.0 183
1712056126941 7095944.0 184
1712056723836 7095944.0 185
1712057322101 7095944.0 186
1712057926991 7095944.0 187
1712058534850 7095944.0 188
1712059141975 7095944.0 189
1712059753656 7095944.0 190
1712060369139 7095944.0 191
1712060985426 7095944.0 192
1712061601232 7095944.0 193
1712062220324 7095944.0 194
1712062841037 7095944.0 195
1712063463672 7095944.0 196
1712064082093 7095944.0 197
1712064703776 7095944.0 198
1712065331519 7095944.0 199
1712065961996 7095944.0 200
1712066591164 7095944.0 201
1712067220221 7095944.0 202
1712067847004 7095944.0 203
1712068471960 7095944.0 204
1712069094281 7095944.0 205
1712069720261 7095944.0 206
1712070345042 7095944.0 207
1712070965469 7095944.0 208
1712071588721 7095944.0 209
1712072209442 7095944.0 210
1712072832609 7095944.0 211
1712073450722 7095944.0 212
1712074071959 7095944.0 213
1712074693318 7095944.0 214
1712075313204 7095944.0 215
1712075932517 7095944.0 216
1712076554508 7095944.0 217
1712077175642 7095944.0 218
1712077795898 7095944.0 219
1712078412857 7095944.0 220
1712079030878 7095944.0 221
1712079651226 7095944.0 222
1712080271377 7095944.0 223
1712080887967 7095944.0 224
1712081505670 7095944.0 225
1712082123889 7095944.0 226
1712082738164 7095944.0 227
1712083355170 7095944.0 228
1712083974136 7095944.0 229
1712084593033 7095944.0 230
1712085207316 7095944.0 231
1712085826756 7095944.0 232
1712086444916 7095944.0 233
1712087059757 7095944.0 234
1712087681177 7095944.0 235
1712088296938 7095944.0 236
1712088912818 7095944.0 237
1712089527084 7095944.0 238
1712090139627 7095944.0 239
1712090756124 7095944.0 240
1712091370724 7095944.0 241
1712091983420 7095944.0 242
1712092596116 7095944.0 243
1712093212966 7095944.0 244
1712093826663 7095944.0 245
1712094438295 7095944.0 246
1712095049389 7095944.0 247
1712095661861 7095944.0 248
1712096275657 7095944.0 249
1712096884778 7095944.0 250
1712097494405 7095944.0 251
1712098104879 7095944.0 252
1712098715055 7095944.0 253
1712099323636 7095944.0 254
1712099933207 7095944.0 255
1712100543640 7095944.0 256
1712101149304 7095944.0 257
1712101756318 7095944.0 258
1712102366569 7095944.0 259
1712102982037 7095944.0 260
1712103592345 7095944.0 261
1712104199866 7095944.0 262
1712104807385 7095944.0 263
1712105416354 7095944.0 264
1712106025804 7095944.0 265
1712106637606 7095944.0 266
1712107249861 7095944.0 267
1712107863141 7095944.0 268
1712108478780 7095944.0 269
1712109096096 7095944.0 270
1712109714384 7095944.0 271
1712110335706 7095944.0 272
1712110945944 7095944.0 273
1712111560197 7095944.0 274
1712112178011 7095944.0 275
1712112794249 7095944.0 276
1712113408730 7095944.0 277
1712114026764 7095944.0 278
1712114645832 7095944.0 279
1712115264371 7095944.0 280
1712115879665 7095944.0 281
1712116491777 7095944.0 282
1712117099178 7095944.0 283
1712117701691 7095944.0 284
1712118301745 7095944.0 285
1712118900105 7095944.0 286
1712119497258 7095944.0 287
1712120097251 7095944.0 288
1712120700503 7095944.0 289
1712121299876 7095944.0 290
1712121901229 7095944.0 291
1712122497412 7095944.0 292
1712123097708 7095944.0 293
1712123692675 7095944.0 294
1712124290406 7095944.0 295
1712124884990 7095944.0 296
1712125481009 7095944.0 297
1712126080877 7095944.0 298
1712126679039 7095944.0 299
1712127272684 7095944.0 300
1712127867947 7095944.0 301
1712128464574 7095944.0 302
1712129062763 7095944.0 303
1712129658112 7095944.0 304
1712130257726 7095944.0 305
1712130860916 7095944.0 306
1712131461225 7095944.0 307
1712132063038 7095944.0 308
1712132669406 7095944.0 309
1712133271176 7095944.0 310
1712133865959 7095944.0 311
1712134461347 7095944.0 312
1712135056263 7095944.0 313
1712135652435 7095944.0 314
1712136243057 7095944.0 315
1712136835765 7095944.0 316
1712137427867 7095944.0 317
1712138018509 7095944.0 318
1712138608259 7095944.0 319
1712139199553 7095944.0 320
1712139791890 7095944.0 321
1712140382627 7095944.0 322
1712140971535 7095944.0 323
1712141561686 7095944.0 324
1712142089963 7095944.0 325
1712142568269 7095944.0 326
1712143049038 7095944.0 327
1712143529907 7095944.0 328
1712144010215 7095944.0 329
1712144485674 7095944.0 330
1712144963900 7095944.0 331
1712145444925 7095944.0 332
1712145922835 7095944.0 333
1712146401687 7095944.0 334
1712146888841 7095944.0 335
1712147379329 7095944.0 336
1712147868379 7095944.0 337
1712148355660 7095944.0 338
1712148842983 7095944.0 339
1712149328332 7095944.0 340
1712149807624 7095944.0 341
1712150287749 7095944.0 342
1712150769022 7095944.0 343
1712151247801 7095944.0 344
1712151724351 7095944.0 345
1712152197269 7095944.0 346
1712152672642 7095944.0 347
1712153148923 7095944.0 348
1712153622891 7095944.0 349
