1711961814653 9.999999999999821e-06 0
1711961947215 9.999999999999821e-06 1
1711962074820 8.015624999999992e-06 2
1711962211806 6.031249999999966e-06 3
1711962338908 4.046875000000031e-06 4
1711962467270 2.0624999999999637e-06 5
1711962592473 8.31203339551953e-08 6
1711962748412 8.531774963946304e-08 7
1711962955696 8.79142769378714e-08 8
1711963161583 9.09097066543002e-08 9
1711963368190 9.430379745399144e-08 10
1711963576633 9.809627588299413e-08 11
1711963788195 1.0228683639020466e-07 12
1711964005243 1.0687514135197958e-07 13
1711964424255 1.118608210993249e-07 14
1711964935455 1.1724347394770785e-07 15
1711965448218 1.2302266622938823e-07 16
1711965959199 1.2919793232837586e-07 17
1711966473121 1.3576877471794153e-07 18
1711966987892 1.4273466400070784e-07 19
1711967501117 1.5009503895128023e-07 20
1711968013502 1.5784930656148578e-07 21
1711968526454 1.659968420881456e-07 22
1711969040316 1.745369891033992e-07 23
1711969553002 1.8346905954760179e-07 24
1711970065477 1.927923337847543e-07 25
1711970579335 2.0250606066048197e-07 26
1711971093422 2.1260945756256332e-07 27
1711971608505 2.2310171048396235e-07 28
1711972124729 2.339819740884315e-07 29
1711972645772 2.4524937177861354e-07 30
1711973166918 2.5690299576666714e-07 31
1711973684626 2.6894190714738363e-07 32
1711974200112 2.8136513597387917e-07 33
1711974717780 2.9417168133569827e-07 34
1711975234260 3.07360511439455e-07 35
1711975746896 3.209305636920163e-07 36
1711976260549 3.3488074478602285e-07 37
1711976775171 3.492099307880793e-07 38
1711977288661 3.639169672292018e-07 39
1711977798641 3.7900066919791786e-07 40
1711978309359 3.944598214356729e-07 41
1711978818485 4.10293178434788e-07 42
1711979325525 4.26499464538757e-07 43
1711979832160 4.4307737404504926e-07 44
1711980337908 4.600255713103424e-07 45
1711980843990 4.773426908580338e-07 46
1711981347591 4.950273374883849e-07 47
1711981854329 5.130780863908282e-07 48
1711982357881 5.314934832587848e-07 49
1711982866388 5.502720444068486e-07 50
1711983371606 5.694122568903536e-07 51
1711983877304 5.889125786271412e-07 52
1711984383870 6.087714385220218e-07 53
1711984887707 6.28987236593112e-07 54
1711985386928 6.495583441009072e-07 55
1711985887920 6.704831036794755e-07 56
1711986390760 6.917598294698896e-07 57
1711986892574 7.133868072562186e-07 58
1711987394000 7.35362294603515e-07 59
1711987893957 7.576845209981839e-07 60
1711988394074 7.803516879907283e-07 61
1711988894299 8.033619693406326e-07 62
1711989393416 8.267135111633416e-07 63
1711989891462 8.504044320798478e-07 64
1711990390933 8.744328233681367e-07 65
1711990888461 8.987967491169624e-07 66
1711991386962 9.234942463819266e-07 67
1711991885424 9.485233253434918e-07 68
1711992384010 9.738819694673344e-07 69
1711992879424 9.995681356669589e-07 70
1711993371359 1.0255797544680435e-06 71
1711993862880 1.0519147301753802e-06 72
1711994357325 1.0785709410416824e-06 73
1711994847241 1.105546239438415e-06 74
1711995337799 1.1328384520289922e-06 75
1711995830723 1.1604453799437748e-06 76
1711996322463 1.188364798957158e-06 77
1711996813703 1.2165944596669925e-06 78
1711997303381 1.2451320876756013e-06 79
1711997794411 1.2739753837730903e-06 80
1711998284841 1.3031220241227102e-06 81
1711998774153 1.3325696604478689e-06 82
1711999264699 1.3623159202214062e-06 83
1711999755677 1.3923584068569431e-06 84
1712000245011 1.422694699901604e-06 85
1712000734184 1.4533223552312868e-06 86
1712001221374 1.4842389052476029e-06 87
1712001713133 1.515441859076437e-06 88
1712002200563 1.5469287027689108e-06 89
1712002691367 1.5786968995037304e-06 90
1712003182485 1.6107438897917418e-06 91
1712003673389 1.643067091681907e-06 92
1712004161173 1.6756639009695836e-06 93
1712004651264 1.7085316914061687e-06 94
1712005142547 1.7416678149107583e-06 95
1712005632489 1.7750696017834253e-06 96
1712006121261 1.8087343609205798e-06 97
1712006606819 1.8426593800312093e-06 98
1712007098348 1.8768419258561186e-06 99
1712007588923 1.9112792443875785e-06 100
1712008081861 1.945968561091455e-06 101
1712008570594 1.980907081130789e-06 102
1712009061205 2.0160919895907387e-06 103
1712009550349 2.0515204517057503e-06 104
1712010042699 2.0871896130875582e-06 105
1712010534515 2.123096599955327e-06 106
1712011025985 2.1592385193672274e-06 107
1712011515002 2.1956124594533686e-06 108
1712012002966 2.232215489650713e-06 109
1712012493776 2.2690446609387997e-06 110
1712012984274 2.306097006077479e-06 111
1712013474380 2.3433695398461114e-06 112
1712013964416 2.3808592592839073e-06 113
1712014454369 2.4185631439319898e-06 114
1712014943443 2.456478156076651e-06 115
1712015432604 2.4946012409941216e-06 116
1712015924641 2.5329293271967765e-06 117
1712016376766 2.571459326680475e-06 118
1712016892817 2.6101881351733545e-06 119
1712017483254 2.6491126323860237e-06 120
1712018073243 2.688229682262838e-06 121
1712018666434 2.7275361332347495e-06 122
1712019258972 2.7670288184730858e-06 123
1712019846148 2.806704556144531e-06 124
1712020433040 2.846560149667942e-06 125
1712021020755 2.886592387971498e-06 126
1712021615645 2.926798045751367e-06 127
1712022208216 2.967173883732041e-06 128
1712022803525 3.0077166489265857e-06 129
1712023401563 3.0484230748995727e-06 130
1712024001851 3.0892898820293617e-06 131
1712024599513 3.1303137777731804e-06 132
1712025202723 3.171491456931736e-06 133
1712025806386 3.2128196019158512e-06 134
1712026412288 3.2542948830136848e-06 135
1712027015749 3.2959139586589714e-06 136
1712027620181 3.3376734757002106e-06 137
1712028230996 3.3795700696709568e-06 138
1712028839698 3.4216003650606073e-06 139
1712029445277 3.463760975586913e-06 140
1712030057187 3.5060485044680223e-06 141
1712030660773 3.5484595446968894e-06 142
1712031260613 3.5909906793151464e-06 143
1712031857988 3.6336384816891155e-06 144
1712032457490 3.6763995157849604e-06 145
1712033058431 3.7192703364465254e-06 146
1712033659018 3.7622474896721363e-06 147
1712034262455 3.805327512893071e-06 148
1712034863117 3.8485069352528765e-06 149
1712035464376 3.8917822778865036e-06 150
1712036058401 3.935150054201032e-06 151
1712036655148 3.9786067701562565e-06 152
1712037253007 4.022148924546398e-06 153
1712037853917 4.0657730092817654e-06 154
1712038453676 4.109475509672404e-06 155
1712039059322 4.153252904709956e-06 156
1712039664343 4.197101667352118e-06 157
1712040268635 4.241018264807075e-06 158
1712040875606 4.28499915881712e-06 159
1712041486186 4.329040805944859e-06 160
1712042105679 4.373139657857675e-06 161
1712042721206 4.417292161614524e-06 162
1712043336016 4.461494759951624e-06 163
1712043953900 4.505743891568824e-06 164
1712044573968 4.5500359914176045e-06 165
1712045189145 4.594367490986892e-06 166
1712045805396 4.638734818591751e-06 167
1712046420715 4.6831343996603546e-06 168
1712047037367 4.727562657022504e-06 169
1712047651423 4.772016011197679e-06 170
1712048269377 4.816490880682937e-06 171
1712048886341 4.8609836822425365e-06 172
1712049500264 4.905490831195398e-06 173
1712050106402 4.950008741704825e-06 174
1712050713651 4.9945338270669954e-06 175
1712051321546 5.039062500000045e-06 176
1712051926786 5.0835911729330225e-06 177
1712052530033 5.128116258295191e-06 178
1712053130956 5.172634168804618e-06 179
1712053732826 5.21714131775748e-06 180
1712054335064 5.261634119316935e-06 181
1712054933405 5.3061089888023984e-06 182
1712055532538 5.35056234297752e-06 183
1712056126937 5.394990600339717e-06 184
1712056723831 5.439390181408326e-06 185
1712057322097 5.483757509013133e-06 186
1712057926978 5.528089008582454e-06 187
1712058534837 5.572381108431051e-06 188
1712059141961 5.616630240048465e-06 189
1712059753652 5.660832838385357e-06 190
1712060369134 5.704985342142231e-06 191
1712060985420 5.749084194055181e-06 192
1712061601219 5.793125841182876e-06 193
1712062220310 5.837106735192965e-06 194
1712062841023 5.881023332647875e-06 195
1712063463659 5.924872095290113e-06 196
1712064082079 5.968649490327631e-06 197
1712064703763 6.012351990718279e-06 198
1712065331505 6.055976075453592e-06 199
1712065961984 6.099518229843735e-06 200
1712066591160 6.142974945798915e-06 201
1712067220208 6.186342722113447e-06 202
1712067846999 6.229618064746999e-06 203
1712068471953 6.272797487106902e-06 204
1712069094266 6.315877510327992e-06 205
1712069720256 6.358854663553458e-06 206
1712070345037 6.401725484214935e-06 207
1712070965455 6.4444865183109436e-06 208
1712071588707 6.487134320684829e-06 209
1712072209438 6.529665455303098e-06 210
1712072832595 6.57207649553196e-06 211
1712073450709 6.6143640244130544e-06 212
1712074071953 6.656524634939437e-06 213
1712074693304 6.69855493032909e-06 214
1712075313199 6.740451524299676e-06 215
1712075932512 6.782211041340985e-06 216
1712076554504 6.82383011698626e-06 217
1712077175637 6.865305398084154e-06 218
1712077795884 6.906633543068246e-06 219
1712078412843 6.947811222226769e-06 220
1712079030873 6.988835117970722e-06 221
1712079651222 7.0297019251003775e-06 222
1712080271363 7.070408351073352e-06 223
1712080887955 7.110951116267927e-06 224
1712081505666 7.1513269542487005e-06 225
1712082123875 7.191532612028428e-06 226
1712082738160 7.231564850332134e-06 227
1712083355166 7.271420443855538e-06 228
1712083974131 7.3110961815268805e-06 229
1712084593026 7.350588866765202e-06 230
1712085207311 7.3898953177371965e-06 231
1712085826752 7.429012367613936e-06 232
1712086444911 7.467936864826694e-06 233
1712087059753 7.50666567331944e-06 234
1712087681163 7.545195672803152e-06 235
1712088296933 7.5835237590059544e-06 236
1712088912813 7.621646843923293e-06 237
1712089527080 7.659561856067946e-06 238
1712090139614 7.697265740716036e-06 239
1712090756109 7.734755460153957e-06 240
1712091370720 7.772027993922565e-06 241
1712091983406 7.80908033906111e-06 242
1712092596110 7.845909510349231e-06 243
1712093212953 7.882512540546551e-06 244
1712093826658 7.91888648063281e-06 245
1712094438290 7.955028400044712e-06 246
1712095049384 7.990935386912345e-06 247
1712095661856 8.026604548294343e-06 248
1712096275653 8.06203301040918e-06 249
1712096884774 8.09721791886924e-06 250
1712097494400 8.132156438908591e-06 251
1712098104865 8.166845755612457e-06 252
1712098715051 8.201283074143974e-06 253
1712099323631 8.23546561996869e-06 254
1712099933203 8.269390639079437e-06 255
1712100543633 8.303055398216643e-06 256
1712101149300 8.336457185089326e-06 257
1712101756313 8.369593308593747e-06 258
1712102366564 8.402461099030503e-06 259
1712102982023 8.43505790831811e-06 260
1712103592324 8.467381110208332e-06 261
1712104199861 8.499428100496326e-06 262
1712104807380 8.531196297231067e-06 263
1712105416349 8.562683140923526e-06 264
1712106025800 8.593886094752511e-06 265
1712106637602 8.624802644768784e-06 266
1712107249857 8.655430300098329e-06 267
1712107863137 8.685766593142976e-06 268
1712108478765 8.715809079778498e-06 269
1712109096092 8.745555339552215e-06 270
1712109714372 8.775002975877287e-06 271
1712110335700 8.804149616226818e-06 272
1712110945939 8.832992912324486e-06 273
1712111560192 8.86153054033298e-06 274
1712112178005 8.889760201042755e-06 275
1712112794244 8.917679620056197e-06 276
1712113408726 8.945286547970918e-06 277
1712114026760 8.972578760561511e-06 278
1712114645827 8.999554058958404e-06 279
1712115264357 9.02621026982464e-06 280
1712115879650 9.05254524553192e-06 281
1712116491772 9.078556864333125e-06 282
1712117099173 9.104243030532576e-06 283
1712117701684 9.129601674656412e-06 284
1712118301740 9.15463075361792e-06 285
1712118900099 9.179328250882916e-06 286
1712119497254 9.203692176631946e-06 287
1712120097246 9.227720567920114e-06 288
1712120700488 9.251411488836777e-06 289
1712121299872 9.274763030659516e-06 290
1712121901224 9.297773312009186e-06 291
1712122497408 9.320440479001723e-06 292
1712123097694 9.342762705396335e-06 293
1712123692671 9.364738192743664e-06 294
1712124290402 9.38636517053017e-06 295
1712124884985 9.407641896320476e-06 296
1712125481005 9.428566655899026e-06 297
1712126080873 9.449137763406742e-06 298
1712126679034 9.469353561477864e-06 299
1712127272680 9.489212421372754e-06 300
1712127867943 9.508712743109594e-06 301
1712128464569 9.527852955592994e-06 302
1712129062758 9.546631516741075e-06 303
1712129658107 9.56504691360905e-06 304
1712130257720 9.583097662511458e-06 305
1712130860911 9.60078230914212e-06 306
1712131461218 9.618099428689586e-06 307
1712132063033 9.635047625955065e-06 308
1712132669402 9.651625535461335e-06 309
1712133271167 9.66783182156527e-06 310
1712133865955 9.683665178564236e-06 311
1712134461332 9.699124330801952e-06 312
1712135056259 9.714208032770776e-06 313
1712135652430 9.728915069211894e-06 314
1712136243053 9.74324425521389e-06 315
1712136835760 9.757194436308135e-06 316
1712137427862 9.770764488560413e-06 317
1712138018504 9.783953318664426e-06 318
1712138608254 9.796759864026148e-06 319
1712139199549 9.809183092852703e-06 320
1712139791876 9.821222004233486e-06 321
1712140382623 9.832875628221388e-06 322
1712140971529 9.844143025911596e-06 323
1712141561682 9.855023289515923e-06 324
1712142089958 9.865515542437316e-06 325
1712142568265 9.875618939339408e-06 326
1712143049034 9.885332666215177e-06 327
1712143529902 9.894655940452234e-06 328
1712144010211 9.90358801089645e-06 329
1712144485669 9.912128157911988e-06 330
1712144963895 9.920275693438588e-06 331
1712145444920 9.928029961048637e-06 332
1712145922828 9.935390335999424e-06 333
1712146401683 9.942356225281902e-06 334
1712146888837 9.948927067671779e-06 335
1712147379314 9.955102333770654e-06 336
1712147868374 9.960881526052447e-06 337
1712148355656 9.966264178900482e-06 338
1712148842978 9.971249858647949e-06 339
1712149328326 9.975838163609658e-06 340
1712149807616 9.980028724117183e-06 341
1712150287742 9.983821202545947e-06 342
1712150769018 9.987215293345827e-06 343
1712151247796 9.990210723061973e-06 344
1712151724346 9.992807250360628e-06 345
1712152197264 9.995004666044904e-06 346
1712152672638 9.996802793074212e-06 347
1712153148918 9.998201486578071e-06 348
1712153622886 9.999200633866638e-06 349
