1711961814654 5.361215176789657 0
1711961947219 5.311583645965742 1
1711962074824 5.3078003959811255 2
1711962211807 5.297536388687465 3
1711962338912 5.301581757224125 4
1711962467273 5.294801664741143 5
1711962592477 5.290536439289218 6
1711962748415 5.289873949859453 7
1711962955698 5.28837012467177 8
1711963161586 5.289571721268737 9
1711963368191 5.286125156542529 10
1711963576635 5.292083113089852 11
1711963788197 5.2891877092745 12
1711964005246 5.289104417614315 13
1711964424259 5.290358777279439 14
1711964935456 5.290970477720966 15
1711965448220 5.287134532047355 16
1711965959200 5.287790643780128 17
1711966473125 5.2834150000758795 18
1711966987894 5.288691559563512 19
1711967501121 5.285435016388479 20
1711968013504 5.281484197663224 21
1711968526455 5.279796804422918 22
1711969040319 5.283109006026517 23
1711969553004 5.2837379931107815 24
1711970065482 5.2825475497090295 25
1711970579339 5.280553970000018 26
1711971093425 5.27974306370901 27
1711971608506 5.277685939617779 28
1711972124731 5.277452157243438 29
1711972645774 5.274155986049901 30
1711973166920 5.276137684998305 31
1711973684628 5.273154852830845 32
1711974200114 5.274175583020501 33
1711974717781 5.2730152743018195 34
1711975234262 5.2633108269909155 35
1711975746898 5.269435765950576 36
1711976260550 5.262141039837962 37
1711976775175 5.261017581043036 38
1711977288665 5.2603636610767115 39
1711977798643 5.253505526677422 40
1711978309363 5.250178851511167 41
1711978818487 5.250454845635788 42
1711979325529 5.248760673015014 43
1711979832165 5.24292560763981 44
1711980337912 5.243917204115702 45
1711980843993 5.237513409360595 46
1711981347593 5.233238074442615 47
1711981854332 5.2334366900765374 48
1711982357883 5.226295830115028 49
1711982866392 5.219548512412154 50
1711983371610 5.21311728073203 51
1711983877306 5.214715761982876 52
1711984383871 5.205244577449301 53
1711984887709 5.198411866374638 54
1711985386936 5.178681084643239 55
1711985887924 5.17988433138184 56
1711986390764 5.182880539609038 57
1711986892576 5.165101197750672 58
1711987394004 5.160749325285787 59
1711987893962 5.157028961440791 60
1711988394076 5.152384890810303 61
1711988894301 5.137752604873284 62
1711989393420 5.143360630325649 63
1711989891464 5.12997417346291 64
1711990390936 5.112660880969918 65
1711990888464 5.1295353660117025 66
1711991386965 5.095602608893229 67
1711991885428 5.095530600327512 68
1711992384014 5.0958257375851925 69
1711992879428 5.075715670119161 70
1711993371363 5.064008982285209 71
1711993862881 5.057738342362901 72
1711994357330 5.056456063752589 73
1711994847242 5.021848413607349 74
1711995337803 5.024304176802221 75
1711995830725 5.010928086612536 76
1711996322467 5.021285611002342 77
1711996813707 5.015693128756855 78
1711997303386 5.003785855744196 79
1711997794412 4.992732953118241 80
1711998284844 4.966986754018327 81
1711998774158 4.9544728489025776 82
1711999264703 4.933973684583021 83
1711999755681 4.945867183415786 84
1712000245015 4.925579093396664 85
1712000734188 4.935018343446047 86
1712001221376 4.898151843768099 87
1712001713137 4.895958556753138 88
1712002200565 4.884090729705665 89
1712002691371 4.881395150137984 90
1712003182486 4.887720941201501 91
1712003673394 4.881502885533416 92
1712004161177 4.840563881980336 93
1712004651267 4.838978081293728 94
1712005142552 4.839889411693034 95
1712005632493 4.817701650054558 96
1712006121263 4.780962727316048 97
1712006606821 4.7584119413209995 98
1712007098351 4.781897492058899 99
1712007588925 4.766628186987794 100
1712008081865 4.75920227267172 101
1712008570598 4.763342375340669 102
1712009061209 4.755162035317524 103
1712009550353 4.725311956975771 104
1712010042703 4.726785940320595 105
1712010534517 4.730935801306496 106
1712011025986 4.70510091567817 107
1712011515007 4.6743844860921735 108
1712012002970 4.685115946375805 109
1712012493778 4.639533060076444 110
1712012984278 4.653052999273591 111
1712013474384 4.663684341246667 112
1712013964418 4.6362375911811124 113
1712014454372 4.606944785493871 114
1712014943445 4.616225700015607 115
1712015432605 4.624171566380107 116
1712015924646 4.568024414712968 117
1712016376767 4.569683382044667 118
1712016892819 4.572109398958475 119
1712017483257 4.537852554541567 120
1712018073247 4.543455203590185 121
1712018666438 4.50803185707849 122
1712019258974 4.511208153937174 123
1712019846152 4.460394100974435 124
1712020433041 4.461446952884612 125
1712021020756 4.49139809511278 126
1712021615649 4.477064640301725 127
1712022208217 4.462438673752805 128
1712022803527 4.426939707411372 129
1712023401568 4.4070064652225245 130
1712024001854 4.4183453007236775 131
1712024599517 4.398517147678396 132
1712025202727 4.388026645326096 133
1712025806391 4.390108641722928 134
1712026412292 4.371405707753223 135
1712027015750 4.36865209788084 136
1712027620196 4.349008781430514 137
1712028231000 4.342245520456977 138
1712028839702 4.346315937197727 139
1712029445281 4.302593131428179 140
1712030057192 4.322946073568386 141
1712030660775 4.296136438198712 142
1712031260614 4.2825550605421485 143
1712031857992 4.274974316358566 144
1712032457494 4.285770616129689 145
1712033058432 4.268751912142919 146
1712033659020 4.237859109821527 147
1712034262461 4.231561375700909 148
1712034863118 4.242068042573721 149
1712035464381 4.224599629640579 150
1712036058402 4.213670715689659 151
1712036655152 4.217274390808914 152
1712037253008 4.171748184963413 153
1712037853921 4.161343050715716 154
1712038453680 4.189188325210758 155
1712039059324 4.191092766173508 156
1712039664347 4.174192956932213 157
1712040268636 4.140851760040158 158
1712040875608 4.146571084856987 159
1712041486190 4.098268555882185 160
1712042105680 4.085436959629473 161
1712042721209 4.099495701815771 162
1712043336018 4.111969926111076 163
1712043953905 4.117067870238553 164
1712044573972 4.056428205059922 165
1712045189147 4.01545198229344 166
1712045805397 4.049528752656086 167
1712046420719 3.975137767908366 168
1712047037369 4.018775040364784 169
1712047651424 4.033196825372136 170
1712048269381 4.006699401723302 171
1712048886342 3.9951006235635798 172
1712049500268 3.966980999254662 173
1712050106403 3.9407989473446556 174
1712050713652 3.960115608313809 175
1712051321551 3.966819815337658 176
1712051926789 3.915386175169893 177
1712052530037 3.9057087551640426 178
1712053130957 3.8785826597848665 179
1712053732828 3.917788584433172 180
1712054335068 3.907418510026258 181
1712054933406 3.892562041140121 182
1712055532543 3.8835726945620515 183
1712056126938 3.904609702203585 184
1712056723833 3.8845693242290746 185
1712057322098 3.8614875596502554 186
1712057926982 3.843256325663432 187
1712058534841 3.83138301498864 188
1712059141965 3.831722086214501 189
1712059753653 3.7923397115715174 190
1712060369136 3.8092325676394547 191
1712060985422 3.752891317981741 192
1712061601223 3.816864679203085 193
1712062220314 3.780046616559443 194
1712062841027 3.782743918345026 195
1712063463662 3.771103416286085 196
1712064082084 3.786854381146638 197
1712064703767 3.746784983769707 198
1712065331509 3.7603115512301093 199
1712065961988 3.7691306786044785 200
1712066591161 3.7275588601503684 201
1712067220212 3.713663966273484 202
1712067847001 3.740965218809636 203
1712068471955 3.7252287372298865 204
1712069094270 3.7065742550336798 205
1712069720258 3.7116796984944656 206
1712070345039 3.6219779120191284 207
1712070965460 3.668595431453508 208
1712071588711 3.6623823822516464 209
1712072209439 3.6261905125625757 210
1712072832598 3.6716713634846 211
1712073450713 3.68647142742639 212
1712074071955 3.622809474720903 213
1712074693308 3.648122351454652 214
1712075313201 3.6013760929522305 215
1712075932514 3.593477476550185 216
1712076554505 3.5959169270227784 217
1712077175638 3.6076635556376497 218
1712077795888 3.601304788304412 219
1712078412847 3.5600614758289377 220
1712079030875 3.610232129531062 221
1712079651223 3.581333511873432 222
1712080271367 3.563115074582722 223
1712080887959 3.5812557702479153 224
1712081505667 3.5380702473871084 225
1712082123879 3.545791661609774 226
1712082738161 3.513009356577759 227
1712083355167 3.529273794235095 228
1712083974133 3.5332168941588504 229
1712084593027 3.514904058497885 230
1712085207313 3.5625100459741508 231
1712085826753 3.4889043551748213 232
1712086444913 3.4411341931832875 233
1712087059754 3.525171269379232 234
1712087681167 3.4707606946644574 235
1712088296935 3.4944253233463867 236
1712088912814 3.5058347726969616 237
1712089527081 3.480549345683792 238
1712090139618 3.4524439814621988 239
1712090756114 3.456489788449329 240
1712091370721 3.438024253786906 241
1712091983410 3.4503510490707727 242
1712092596112 3.4079560021991315 243
1712093212958 3.4002181194398715 244
1712093826659 3.3905634729434615 245
1712094438291 3.42664998607791 246
1712095049385 3.3651930058132047 247
1712095661858 3.3715525557813435 248
1712096275654 3.3914951835961444 249
1712096884775 3.394619406727345 250
1712097494401 3.3627174977699053 251
1712098104870 3.392023246249427 252
1712098715052 3.3630492614339227 253
1712099323633 3.3443970252638278 254
1712099933204 3.291744196544523 255
1712100543635 3.3679483518328355 256
1712101149301 3.3620999513760856 257
1712101756314 3.322134424810824 258
1712102366566 3.3093407860268718 259
1712102982027 3.3122470032261764 260
1712103592333 3.333447575893091 261
1712104199863 3.26544960167097 262
1712104807381 3.2874487099116263 263
1712105416351 3.278760438056096 264
1712106025801 3.2911516142928083 265
1712106637603 3.258127591046302 266
1712107249858 3.260653756396926 267
1712107863138 3.3066737587037296 268
1712108478770 3.2983516070829784 269
1712109096093 3.2591162790422854 270
1712109714376 3.2669649179215017 271
1712110335702 3.2271959167783675 272
1712110945941 3.212022843568221 273
1712111560194 3.275386524265227 274
1712112178007 3.2259344419707423 275
1712112794246 3.2525869944821233 276
1712113408727 3.251730009103599 277
1712114026761 3.2439181853247727 278
1712114645829 3.2288716613598494 279
1712115264360 3.2595806102389875 280
1712115879654 3.2101490230340026 281
1712116491773 3.2146476837603943 282
1712117099174 3.202392814114042 283
1712117701686 3.2389043501537778 284
1712118301741 3.210053781290417 285
1712118900101 3.20600902127183 286
1712119497255 3.1496831196481767 287
1712120097247 3.188616383496834 288
1712120700493 3.203645296232856 289
1712121299873 3.1396315489774165 290
1712121901225 3.160902173460826 291
1712122497409 3.096960564184448 292
1712123097698 3.1375950422623884 293
1712123692672 3.1404583157728547 294
1712124290403 3.160628783152155 295
1712124884987 3.157514751929304 296
1712125481006 3.130593354773262 297
1712126080874 3.1437533070211825 298
1712126679036 3.141278522008139 299
1712127272681 3.120945158050112 300
1712127867944 3.1506569098843182 301
1712128464571 3.1099757952210694 302
1712129062759 3.117402322428382 303
1712129658108 3.1238952305005943 304
1712130257721 3.09306856997959 305
1712130860912 3.1099039023013217 306
1712131461220 3.116664084889319 307
1712132063035 3.0510333274369654 308
1712132669403 3.119102059337108 309
1712133271170 3.0603155594157134 310
1712133865956 3.126445142147334 311
1712134461336 3.0421725691336654 312
1712135056260 3.099453290519507 313
1712135652432 3.0742657369245654 314
1712136243054 3.038531054783127 315
1712136835762 3.061919508744841 316
1712137427864 3.06010954114406 317
1712138018506 3.0397907889083675 318
1712138608256 3.0344588202626808 319
1712139199550 3.038134870807762 320
1712139791880 3.0297734583525555 321
1712140382624 3.0055523041797723 322
1712140971531 3.0311077569165956 323
1712141561683 3.0303338855181052 324
1712142089959 3.0145734482161375 325
1712142568266 3.0223471587118893 326
1712143049035 3.0572193618053976 327
1712143529903 2.984829874952202 328
1712144010212 2.9833295401995596 329
1712144485671 2.978649004807939 330
1712144963897 2.967480053396329 331
1712145444921 2.9855439376247968 332
1712145922830 2.949689774085646 333
1712146401684 2.97167783635466 334
1712146888838 2.9666862270754315 335
1712147379319 2.977125455827817 336
1712147868376 2.9595286096243756 337
1712148355657 2.9781195996734113 338
1712148842979 2.946234167108069 339
1712149328328 2.9501105261885603 340
1712149807618 2.948153135812153 341
1712150287744 2.9627911714108093 342
1712150769019 2.9441535470440336 343
1712151247798 2.9100327671546005 344
1712151724347 2.9830855204035407 345
1712152197266 2.97867136594394 346
1712152672639 2.9515009676308734 347
1712153148920 2.9786097590366136 348
1712153622888 2.9702503381539946 349
