1716978985507 0.0 0
1716979320607 1.0 1
1716979663847 2.0 2
1716980005513 3.0 3
1716980340851 4.0 4
1716980677817 5.0 5
1716981018070 6.0 6
1716981356985 7.0 7
1716981700478 8.0 8
1716982039560 9.0 9
1716982377215 10.0 10
1716982713546 11.0 11
1716983052935 12.0 12
1716983386143 13.0 13
1716983718602 14.0 14
1716984053252 15.0 15
1716984396114 16.0 16
1716984726720 17.0 17
1716985058513 18.0 18
1716985391041 19.0 19
1716985728472 20.0 20
1716986065622 21.0 21
1716986400796 22.0 22
1716986741826 23.0 23
1716987080052 24.0 24
1716987413146 25.0 25
1716987754294 26.0 26
1716988091996 27.0 27
1716988427420 28.0 28
1716988766280 29.0 29
1716989107133 30.0 30
1716989439605 31.0 31
1716989775911 32.0 32
1716990109045 33.0 33
1716990444400 34.0 34
1716990776998 35.0 35
1716991114672 36.0 36
1716991456076 37.0 37
1716991787402 38.0 38
1716992122249 39.0 39
1716992459569 40.0 40
1716992797100 41.0 41
1716993135879 42.0 42
1716993466117 43.0 43
1716993804782 44.0 44
1716994141623 45.0 45
1716994476301 46.0 46
1716994815282 47.0 47
1716995146406 48.0 48
1716995481907 49.0 49
1716995818798 50.0 50
1716996154259 51.0 51
1716996494063 52.0 52
1716996829844 53.0 53
1716997170260 54.0 54
1716997497102 55.0 55
1716997830537 56.0 56
1716998170943 57.0 57
1716998512776 58.0 58
1716998849675 59.0 59
1716999185127 60.0 60
1716999519748 61.0 61
1716999858674 62.0 62
1717000203367 63.0 63
1717000546071 64.0 64
1717000884388 65.0 65
1717001219436 66.0 66
1717001547529 67.0 67
1717001880532 68.0 68
1717002219051 69.0 69
1717002561852 70.0 70
1717002895057 71.0 71
1717003226692 72.0 72
1717003566517 73.0 73
1717003906279 74.0 74
1717004242658 75.0 75
1717004582819 76.0 76
1717004918181 77.0 77
1717005254117 78.0 78
1717005595267 79.0 79
1717005928237 80.0 80
1717006260170 81.0 81
1717006588404 82.0 82
1717006926387 83.0 83
1717007258618 84.0 84
1717007593281 85.0 85
1717007925992 86.0 86
1717008251697 87.0 87
1717008583323 88.0 88
1717008919943 89.0 89
1717009258546 90.0 90
1717009594669 91.0 91
1717009931327 92.0 92
1717010269564 93.0 93
1717010602537 94.0 94
1717010941233 95.0 95
1717011275058 96.0 96
1717011614264 97.0 97
1717011944382 98.0 98
1717012274747 99.0 99
1717012607120 100.0 100
1717012936825 101.0 101
1717013267636 102.0 102
1717013593422 103.0 103
1717013924636 104.0 104
1717014256325 105.0 105
1717014592217 106.0 106
1717014925540 107.0 107
1717015255904 108.0 108
1717015587874 109.0 109
1717015917959 110.0 110
1717016248838 111.0 111
1717016579101 112.0 112
1717016907035 113.0 113
1717017242421 114.0 114
1717017572351 115.0 115
1717017901164 116.0 116
1717018228141 117.0 117
1717018561295 118.0 118
1717018898036 119.0 119
1717019231716 120.0 120
1717019567761 121.0 121
1717019904114 122.0 122
1717020234344 123.0 123
1717020562659 124.0 124
1717020895558 125.0 125
1717021229943 126.0 126
1717021558679 127.0 127
1717021891296 128.0 128
1717022221490 129.0 129
1717022558836 130.0 130
1717022898211 131.0 131
1717023230845 132.0 132
1717023560402 133.0 133
1717023897529 134.0 134
1717024229917 135.0 135
1717024566551 136.0 136
1717024912101 137.0 137
1717025249418 138.0 138
1717025583669 139.0 139
1717025918863 140.0 140
1717026403796 141.0 141
1717027168062 142.0 142
1717027967578 143.0 143
1717028774247 144.0 144
1717029580744 145.0 145
1717030403804 146.0 146
1717031223998 147.0 147
1717032032225 148.0 148
1717032857225 149.0 149
1717033669418 150.0 150
1717034479753 151.0 151
1717035279188 152.0 152
1717036098104 153.0 153
1717036906726 154.0 154
1717037721414 155.0 155
1717038513264 156.0 156
1717039317871 157.0 157
1717040122819 158.0 158
1717040906402 159.0 159
1717041705360 160.0 160
1717042520273 161.0 161
1717043310134 162.0 162
1717044147392 163.0 163
1717044954113 164.0 164
1717045756220 165.0 165
1717046573517 166.0 166
1717047385099 167.0 167
1717048188167 168.0 168
1717048999962 169.0 169
1717049808044 170.0 170
1717050631843 171.0 171
1717051420748 172.0 172
1717052235363 173.0 173
1717053025024 174.0 174
1717053816039 175.0 175
1717054608799 176.0 176
1717055413443 177.0 177
1717056215575 178.0 178
