1716978985509 7095172.0 0
1716979320608 7095172.0 1
1716979663849 7095172.0 2
1716980005515 7095172.0 3
1716980340852 7095172.0 4
1716980677818 7095172.0 5
1716981018072 7095172.0 6
1716981356986 7095172.0 7
1716981700479 7095172.0 8
1716982039561 7095172.0 9
1716982377216 7095172.0 10
1716982713548 7095172.0 11
1716983052937 7095172.0 12
1716983386144 7095172.0 13
1716983718604 7095172.0 14
1716984053254 7095172.0 15
1716984396116 7095172.0 16
1716984726722 7095172.0 17
1716985058514 7095172.0 18
1716985391043 7095172.0 19
1716985728473 7095172.0 20
1716986065624 7095172.0 21
1716986400798 7095172.0 22
1716986741828 7095172.0 23
1716987080054 7095172.0 24
1716987413148 7095172.0 25
1716987754296 7095172.0 26
1716988091998 7095172.0 27
1716988427421 7095172.0 28
1716988766281 7095172.0 29
1716989107135 7095172.0 30
1716989439606 7095172.0 31
1716989775913 7095172.0 32
1716990109047 7095172.0 33
1716990444401 7095172.0 34
1716990776999 7095172.0 35
1716991114673 7095172.0 36
1716991456077 7095172.0 37
1716991787405 7095172.0 38
1716992122251 7095172.0 39
1716992459570 7095172.0 40
1716992797101 7095172.0 41
1716993135881 7095172.0 42
1716993466118 7095172.0 43
1716993804783 7095172.0 44
1716994141625 7095172.0 45
1716994476303 7095172.0 46
1716994815283 7095172.0 47
1716995146408 7095172.0 48
1716995481909 7095172.0 49
1716995818800 7095172.0 50
1716996154260 7095172.0 51
1716996494065 7095172.0 52
1716996829845 7095172.0 53
1716997170261 7095172.0 54
1716997497103 7095172.0 55
1716997830538 7095172.0 56
1716998170944 7095172.0 57
1716998512777 7095172.0 58
1716998849677 7095172.0 59
1716999185129 7095172.0 60
1716999519750 7095172.0 61
1716999858675 7095172.0 62
1717000203369 7095172.0 63
1717000546073 7095172.0 64
1717000884390 7095172.0 65
1717001219438 7095172.0 66
1717001547530 7095172.0 67
1717001880533 7095172.0 68
1717002219053 7095172.0 69
1717002561853 7095172.0 70
1717002895058 7095172.0 71
1717003226693 7095172.0 72
1717003566518 7095172.0 73
1717003906280 7095172.0 74
1717004242660 7095172.0 75
1717004582820 7095172.0 76
1717004918182 7095172.0 77
1717005254119 7095172.0 78
1717005595268 7095172.0 79
1717005928239 7095172.0 80
1717006260172 7095172.0 81
1717006588406 7095172.0 82
1717006926389 7095172.0 83
1717007258620 7095172.0 84
1717007593283 7095172.0 85
1717007925994 7095172.0 86
1717008251699 7095172.0 87
1717008583325 7095172.0 88
1717008919944 7095172.0 89
1717009258547 7095172.0 90
1717009594671 7095172.0 91
1717009931329 7095172.0 92
1717010269565 7095172.0 93
1717010602538 7095172.0 94
1717010941235 7095172.0 95
1717011275059 7095172.0 96
1717011614265 7095172.0 97
1717011944383 7095172.0 98
1717012274749 7095172.0 99
1717012607122 7095172.0 100
1717012936827 7095172.0 101
1717013267638 7095172.0 102
1717013593423 7095172.0 103
1717013924638 7095172.0 104
1717014256327 7095172.0 105
1717014592219 7095172.0 106
1717014925542 7095172.0 107
1717015255905 7095172.0 108
1717015587876 7095172.0 109
1717015917960 7095172.0 110
1717016248839 7095172.0 111
1717016579102 7095172.0 112
1717016907036 7095172.0 113
1717017242422 7095172.0 114
1717017572352 7095172.0 115
1717017901166 7095172.0 116
1717018228142 7095172.0 117
1717018561296 7095172.0 118
1717018898038 7095172.0 119
1717019231717 7095172.0 120
1717019567762 7095172.0 121
1717019904115 7095172.0 122
1717020234345 7095172.0 123
1717020562660 7095172.0 124
1717020895560 7095172.0 125
1717021229945 7095172.0 126
1717021558680 7095172.0 127
1717021891297 7095172.0 128
1717022221492 7095172.0 129
1717022558837 7095172.0 130
1717022898212 7095172.0 131
1717023230846 7095172.0 132
1717023560404 7095172.0 133
1717023897531 7095172.0 134
1717024229918 7095172.0 135
1717024566552 7095172.0 136
1717024912102 7095172.0 137
1717025249420 7095172.0 138
1717025583670 7095172.0 139
1717025918864 7095172.0 140
1717026403797 7095172.0 141
1717027168064 7095172.0 142
1717027967579 7095172.0 143
1717028774249 7095172.0 144
1717029580746 7095172.0 145
1717030403805 7095172.0 146
1717031224000 7095172.0 147
1717032032227 7095172.0 148
1717032857227 7095172.0 149
1717033669419 7095172.0 150
1717034479754 7095172.0 151
1717035279189 7095172.0 152
1717036098106 7095172.0 153
1717036906728 7095172.0 154
1717037721416 7095172.0 155
1717038513266 7095172.0 156
1717039317873 7095172.0 157
1717040122821 7095172.0 158
1717040906404 7095172.0 159
1717041705361 7095172.0 160
1717042520275 7095172.0 161
1717043310136 7095172.0 162
1717044147394 7095172.0 163
1717044954115 7095172.0 164
1717045756221 7095172.0 165
1717046573519 7095172.0 166
1717047385100 7095172.0 167
1717048188169 7095172.0 168
1717048999964 7095172.0 169
1717049808046 7095172.0 170
1717050631844 7095172.0 171
1717051420749 7095172.0 172
1717052235365 7095172.0 173
1717053025026 7095172.0 174
1717053816041 7095172.0 175
1717054608801 7095172.0 176
1717055413445 7095172.0 177
1717056215576 7095172.0 178
