1716978985500 1.3742281953173299 0
1716979320598 1.3008543075092378 1
1716979663840 1.262710452079773 2
1716980005504 1.2398569759341977 3
1716980340842 1.2284459750498495 4
1716980677810 1.2156626063008462 5
1716981018061 1.2123690175433313 6
1716981356981 1.2095542626996194 7
1716981700474 1.2102371995006838 8
1716982039556 1.207780125160371 9
1716982377212 1.210946338792001 10
1716982713537 1.2111083146545194 11
1716983052930 1.2083237440355363 12
1716983386133 1.2107330481371572 13
1716983718594 1.2064626745639309 14
1716984053243 1.207085756044234 15
1716984396105 1.2090335860848427 16
1716984726710 1.2063438166533746 17
1716985058503 1.2100981716667452 18
1716985391031 1.2080854417816285 19
1716985728466 1.2082749754190445 20
1716986065618 1.2083556183403539 21
1716986400786 1.204885008594682 22
1716986741815 1.208648013251443 23
1716987080045 1.2083055199153963 24
1716987413138 1.2031039393717242 25
1716987754285 1.2071452662348747 26
1716988091986 1.2057117168461122 27
1716988427414 1.203429024546377 28
1716988766277 1.2009657746361149 29
1716989107124 1.201285719150497 30
1716989439600 1.2009559362646072 31
1716989775904 1.199780973215257 32
1716990109036 1.1995843975774703 33
1716990444395 1.1980762868638961 34
1716990776993 1.2003020038527827 35
1716991114667 1.1957947366660642 36
1716991456071 1.199686483510079 37
1716991787391 1.198205236946383 38
1716992122245 1.1981609091162682 39
1716992459564 1.1972070124841505 40
1716992797090 1.1959478823888687 41
1716993135872 1.1952445648850933 42
1716993466112 1.1955433298022515 43
1716993804774 1.1921248137950897 44
1716994141619 1.1916783762074286 45
1716994476296 1.1905357015709723 46
1716994815277 1.191254365588388 47
1716995146396 1.1881136593799437 48
1716995481903 1.186726386508634 49
1716995818793 1.1892190940918461 50
1716996154254 1.1871534530674257 51
1716996494057 1.185072957027343 52
1716996829840 1.181031795999696 53
1716997170251 1.1840616017580032 54
1716997497098 1.1826476512416717 55
1716997830532 1.1795527879749574 56
1716998170940 1.1786076943239858 57
1716998512772 1.1791089705882534 58
1716998849666 1.1756450156531026 59
1716999185122 1.1747543001847882 60
1716999519740 1.1757837120563752 61
1716999858669 1.1739428824474734 62
1717000203357 1.172639615593418 63
1717000546059 1.1695872924981578 64
1717000884379 1.170619250064896 65
1717001219428 1.168052279180096 66
1717001547525 1.165721082158627 67
1717001880529 1.16651204564879 68
1717002219044 1.1630865945931403 69
1717002561847 1.1626895404150408 70
1717002895053 1.1624010354280472 71
1717003226688 1.1610660807740303 72
1717003566513 1.1608253412189022 73
1717003906276 1.155462655328935 74
1717004242651 1.1583332032445939 75
1717004582814 1.1545636406348598 76
1717004918171 1.1554427685276154 77
1717005254113 1.1543986787719112 78
1717005595261 1.1525570776674054 79
1717005928227 1.1482687731904369 80
1717006260165 1.149623875896777 81
1717006588396 1.1486059023487953 82
1717006926377 1.1497324702720488 83
1717007258610 1.147583015503422 84
1717007593273 1.1448850917720026 85
1717007925984 1.141021459093017 86
1717008251688 1.142729792864092 87
1717008583318 1.1394659199060932 88
1717008919939 1.1391028879630951 89
1717009258543 1.1375589289011494 90
1717009594662 1.135760196514668 91
1717009931317 1.1346607429365958 92
1717010269554 1.1339697818602286 93
1717010602531 1.1376633733030288 94
1717010941224 1.1312442941050376 95
1717011275053 1.1297320209203228 96
1717011614256 1.1325659237561687 97
1717011944377 1.1286297142505646 98
1717012274737 1.1261708796505006 99
1717012607112 1.1238751570063252 100
1717012936817 1.1228435558657492 101
1717013267626 1.123507553050595 102
1717013593418 1.1219600244395194 103
1717013924628 1.1244050790705988 104
1717014256316 1.119291831649119 105
1717014592208 1.1211775474009975 106
1717014925531 1.1167747854225096 107
1717015255900 1.1168181802476607 108
1717015587865 1.1164201822492383 109
1717015917954 1.1157464026924102 110
1717016248834 1.1133710881394725 111
1717016579097 1.1121460670425045 112
1717016907030 1.1104098039288675 113
1717017242416 1.1130123657564963 114
1717017572346 1.1142314333588845 115
1717017901157 1.108742821360788 116
1717018228137 1.112199307209061 117
1717018561291 1.1052096454847244 118
1717018898026 1.104765490178139 119
1717019231711 1.1024750074551952 120
1717019567753 1.1061478783526728 121
1717019904109 1.1029043781661219 122
1717020234339 1.1033245389980655 123
1717020562655 1.1046265159403124 124
1717020895554 1.100637788493787 125
1717021229939 1.0968563378818574 126
1717021558674 1.1032443130689282 127
1717021891292 1.1011053150699985 128
1717022221486 1.1031080378640084 129
1717022558832 1.0982156525696478 130
1717022898206 1.0954075381159782 131
1717023230842 1.0974961555292528 132
1717023560398 1.0984468015451585 133
1717023897521 1.0894954644383923 134
1717024229912 1.0922659154861205 135
1717024566546 1.0924339767905973 136
1717024912097 1.0918466744403685 137
1717025249413 1.0919629061414349 138
1717025583664 1.0916230959757682 139
1717025918859 1.0870539800774666 140
1717026403791 1.0894825564276787 141
1717027168053 1.0855540693286927 142
1717027967574 1.0901924249145292 143
1717028774238 1.0877019945652253 144
1717029580735 1.0866059644087669 145
1717030403798 1.0910178807473951 146
1717031223991 1.0824164781839616 147
1717032032219 1.0832746927776644 148
1717032857217 1.0851028568802341 149
1717033669414 1.0812211546205706 150
1717034479745 1.0853419537025113 151
1717035279184 1.0777805608607107 152
1717036098096 1.0798681652353657 153
1717036906721 1.0789383762786466 154
1717037721407 1.082360584889689 155
1717038513256 1.0849904144002545 156
1717039317864 1.0784479182574056 157
1717040122812 1.0782074159191501 158
1717040906394 1.075926626641904 159
1717041705350 1.0771183092747965 160
1717042520269 1.0828065725584184 161
1717043310126 1.0758516327027352 162
1717044147382 1.0780597872311068 163
1717044954106 1.0787355000934293 164
1717045756216 1.0777755624824954 165
1717046573509 1.077816302016858 166
1717047385093 1.0734413672358758 167
1717048188162 1.0733897186094714 168
1717048999955 1.0780710154964077 169
1717049808035 1.07090484951773 170
1717050631837 1.0680291042212517 171
1717051420744 1.075976406133944 172
1717052235354 1.073247523317414 173
1717053025017 1.0683486478463295 174
1717053816031 1.076694231840872 175
1717054608791 1.068440665160456 176
1717055413435 1.0661631865847496 177
1717056215571 1.0673372512382846 178
