1716978985494 9.999999999999931e-06 0
1716979320594 9.999999999999931e-06 1
1716979663836 8.003124999999944e-06 2
1716980005500 6.006250000000073e-06 3
1716980340839 4.009374999999975e-06 4
1716980677807 2.0124999999999807e-06 5
1716981018056 2.2466619467402448e-08 6
1716981356979 2.5475941674487975e-08 7
1716981700472 2.903163323102732e-08 8
1716982039554 3.313330421536614e-08 9
1716982377210 3.778050483306113e-08 10
1716982713532 4.297272546619879e-08 11
1716983052929 4.870939672927087e-08 12
1716983386128 5.4989889531628866e-08 13
1716983718589 6.181351514646638e-08 14
1716984053238 6.91795252863325e-08 15
1716984396101 7.70871121852124e-08 16
1716984726706 8.553540868708854e-08 17
1716985058499 9.452348834105094e-08 18
1716985391027 1.04050365502876e-07 19
1716985728464 1.1411499544312094e-07 20
1716986065616 1.2471627446170633e-07 21
1716986400782 1.3585304000890836e-07 22
1716986741811 1.4752407081289377e-07 23
1716987080041 1.597280870136136e-07 24
1716987413133 1.7246375030316232e-07 25
1716987754282 1.8572966407254309e-07 26
1716988091982 1.9952437356481828e-07 27
1716988427412 2.1384636603463626e-07 28
1716988766275 2.286940709141315e-07 29
1716989107119 2.4406585998515247e-07 30
1716989439598 2.5996004755779133e-07 31
1716989775900 2.763748906552698e-07 32
1716990109032 2.9330858920507376e-07 33
1716990444393 3.1075928623632755e-07 34
1716990776991 3.2872506808344445e-07 35
1716991114665 3.4720396459600533e-07 36
1716991456069 3.661939493547478e-07 37
1716991787387 3.85692939893851e-07 38
1716992122243 4.0569879792928e-07 39
1716992459562 4.2620932959324986e-07 40
1716992797086 4.4722228567482944e-07 41
1716993135868 4.687353618665839e-07 42
1716993466110 4.907461990173004e-07 43
1716993804771 5.132523833906084e-07 44
1716994141617 5.362514469298048e-07 45
1716994476295 5.597408675283759e-07 46
1716994815276 5.837180693066703e-07 47
1716995146392 6.081804228943003e-07 48
1716995481901 6.331252457185206e-07 49
1716995818792 6.585498022984252e-07 50
1716996154252 6.844513045448768e-07 51
1716996494055 7.108269120662482e-07 52
1716996829838 7.376737324799661e-07 53
1716997170245 7.649888217296376e-07 54
1716997497096 7.927691844079041e-07 55
1716997830530 8.21011774084948e-07 56
1716998170938 8.497134936425597e-07 57
1716998512770 8.788711956137088e-07 58
1716998849662 9.084816825278341e-07 59
1716999185119 9.385417072613635e-07 60
1716999519735 9.69047973393825e-07 61
1716999858667 9.999971355693673e-07 62
1717000203353 1.0313857998635942e-06 63
1717000546055 1.063210524155728e-06 64
1717000884374 1.0954678185061582e-06 65
1717001219423 1.1281541455390247e-06 66
1717001547523 1.1612659208302355e-06 67
1717001880527 1.1947995133005065e-06 68
1717002219039 1.228751245613497e-06 69
1717002561845 1.263117394579196e-06 70
1717002895051 1.29789419156208e-06 71
1717003226686 1.3330778228944588e-06 72
1717003566511 1.3686644302946784e-06 73
1717003906274 1.4046501112902029e-06 74
1717004242648 1.441030919645599e-06 75
1717004582812 1.4778028657952767e-06 76
1717004918167 1.514961917280942e-06 77
1717005254110 1.5525039991938426e-06 78
1717005595259 1.5904249946216246e-06 79
1717005928223 1.6287207450998312e-06 80
1717006260164 1.6673870510678796e-06 81
1717006588390 1.7064196723295992e-06 82
1717006926372 1.7458143285181575e-06 83
1717007258605 1.785566699565578e-06 84
1717007593268 1.8256724261764775e-06 85
1717007925979 1.8661271103058946e-06 86
1717008251684 1.9069263156418925e-06 87
1717008583316 1.9480655680917655e-06 88
1717008919937 1.9895403562729704e-06 89
1717009258541 2.031346132007598e-06 90
1717009594660 2.073478310821175e-06 91
1717009931312 2.1159322724455377e-06 92
1717010269549 2.1587033613253775e-06 93
1717010602529 2.2017868871288034e-06 94
1717010941220 2.2451781252617415e-06 95
1717011275051 2.288872317385907e-06 96
1717011614251 2.3328646719408e-06 97
1717011944375 2.377150364668939e-06 98
1717012274732 2.4217245391450906e-06 99
1717012607109 2.466582307308706e-06 100
1717012936813 2.511718750000014e-06 101
1717013267622 2.5571289174994045e-06 102
1717013593416 2.60280783007034e-06 103
1717013924623 2.6487504785052794e-06 104
1717014256311 2.694951824675058e-06 105
1717014592204 2.7414068020814973e-06 106
1717014925526 2.788110316412769e-06 107
1717015255898 2.835057246102232e-06 108
1717015587861 2.8822424428900225e-06 109
1717015917953 2.929660732387518e-06 110
1717016248833 2.9773069146450445e-06 111
1717016579095 3.0251757647216607e-06 112
1717016907028 3.0732620332586624e-06 113
1717017242415 3.1215604470546773e-06 114
1717017572344 3.1700657096444286e-06 115
1717017901154 3.2187725018792957e-06 116
1717018228136 3.267675482510594e-06 117
1717018561290 3.316769288775442e-06 118
1717018898022 3.3660485369846965e-06 119
1717019231709 3.415507823113527e-06 120
1717019567749 3.465141723393843e-06 121
1717019904107 3.514944794909055e-06 122
1717020234337 3.5649115761912368e-06 123
1717020562654 3.615036587819794e-06 124
1717020895552 3.6653143330222068e-06 125
1717021229936 3.7157392982772206e-06 126
1717021558672 3.7663059539192003e-06 127
1717021891291 3.8170087547444575e-06 128
1717022221484 3.867842140619456e-06 129
1717022558831 3.918800537090714e-06 130
1717022898204 3.969878355995725e-06 131
1717023230840 4.021069996076094e-06 132
1717023560396 4.072369843591606e-06 133
1717023897517 4.1237722729358465e-06 134
1717024229911 4.175271647253225e-06 135
1717024566544 4.226862319056996e-06 136
1717024912096 4.278538630848608e-06 137
1717025249411 4.33029491573813e-06 138
1717025583663 4.3821254980657195e-06 139
1717025918857 4.434024694023932e-06 140
1717026403789 4.485986812281013e-06 141
1717027168048 4.538006154605187e-06 142
1717027967571 4.5900770164894546e-06 143
1717028774234 4.6421936877769095e-06 144
1717029580730 4.69435045328727e-06 145
1717030403794 4.7465415934434436e-06 146
1717031223989 4.798761384898743e-06 147
1717032032217 4.851004101164623e-06 148
1717032857212 4.903264013238508e-06 149
1717033669412 4.955535390232203e-06 150
1717034479740 5.007812500000018e-06 151
1717035279183 5.060089609767829e-06 152
1717036098091 5.112360986761447e-06 153
1717036906717 5.164620898835318e-06 154
1717037721403 5.216863615101197e-06 155
1717038513252 5.2690834065565526e-06 156
1717039317860 5.321274546712723e-06 157
1717040122807 5.373431312223123e-06 158
1717040906389 5.425547983510478e-06 159
1717041705345 5.477618845394776e-06 160
1717042520267 5.52963818771902e-06 161
1717043310121 5.5816003059760985e-06 162
1717044147377 5.6334995019342885e-06 163
1717044954104 5.6853300842619245e-06 164
1717045756214 5.737086369151429e-06 165
1717046573504 5.788762680943062e-06 166
1717047385090 5.840353352746811e-06 167
1717048188159 5.891852727064221e-06 168
1717048999951 5.943255156408461e-06 169
1717049808030 5.994555003923944e-06 170
1717050631835 6.045746644004232e-06 171
1717051420741 6.096824462909246e-06 172
1717052235349 6.1477828593805e-06 173
1717053025014 6.1986162452555725e-06 174
1717053816026 6.249319046080754e-06 175
1717054608787 6.299885701722772e-06 176
1717055413431 6.350310666977813e-06 177
1717056215569 6.40058841218024e-06 178
