1719540011083 0.0 0
1719540520211 1.0 1
1719541068146 2.0 2
1719541686526 3.0 3
1719542294627 4.0 4
1719542826794 5.0 5
1719543357566 6.0 6
1719543875661 7.0 7
1719544436797 8.0 8
1719545043910 9.0 9
1719545679127 10.0 10
1719546280997 11.0 11
1719546793506 12.0 12
1719547309230 13.0 13
1719547863615 14.0 14
1719548446842 15.0 15
1719549011746 16.0 16
1719549548595 17.0 17
1719550077233 18.0 18
1719550642358 19.0 19
1719551150546 20.0 20
1719551658702 21.0 21
1719552192027 22.0 22
1719552812799 23.0 23
1719553366488 24.0 24
1719553922940 25.0 25
1719554471978 26.0 26
1719555009170 27.0 27
1719555606238 28.0 28
1719556137108 29.0 29
1719556723347 30.0 30
1719557271938 31.0 31
1719557812961 32.0 32
1719558375368 33.0 33
1719558872315 34.0 34
1719559470827 35.0 35
1719560062544 36.0 36
1719560620256 37.0 37
1719561135572 38.0 38
1719561721688 39.0 39
1719562244567 40.0 40
1719562839906 41.0 41
1719563385599 42.0 42
1719563873459 43.0 43
1719564436241 44.0 44
1719565074622 45.0 45
1719565693484 46.0 46
1719566221761 47.0 47
1719566767127 48.0 48
1719567353514 49.0 49
1719567887722 50.0 50
1719568461077 51.0 51
1719569025430 52.0 52
1719569584952 53.0 53
1719570136197 54.0 54
1719570632584 55.0 55
1719571237345 56.0 56
1719571863068 57.0 57
1719572323437 58.0 58
1719572633193 59.0 59
1719572969119 60.0 60
1719573530588 61.0 61
1719574336035 62.0 62
1719575125971 63.0 63
1719575919039 64.0 64
1719576700921 65.0 65
1719577475666 66.0 66
1719578242662 67.0 67
1719579031736 68.0 68
1719579834280 69.0 69
1719580435831 70.0 70
1719580986613 71.0 71
1719581567683 72.0 72
1719582144712 73.0 73
1719582685976 74.0 74
1719583215479 75.0 75
1719583537003 76.0 76
1719583866444 77.0 77
1719584171710 78.0 78
1719584493708 79.0 79
1719584798646 80.0 80
1719585116584 81.0 81
1719585462132 82.0 82
1719585756883 83.0 83
1719586073002 84.0 84
1719586419658 85.0 85
1719586749065 86.0 86
1719587056591 87.0 87
1719587375493 88.0 88
1719587715588 89.0 89
1719588068720 90.0 90
1719588420572 91.0 91
1719588771541 92.0 92
1719589124333 93.0 93
1719589476539 94.0 94
1719589785402 95.0 95
1719590092818 96.0 96
1719590398374 97.0 97
1719590698181 98.0 98
1719591001200 99.0 99
1719591304057 100.0 100
1719591611230 101.0 101
1719591917357 102.0 102
1719592223266 103.0 103
1719592526664 104.0 104
1719592828304 105.0 105
1719593125572 106.0 106
1719593429179 107.0 107
1719593735500 108.0 108
1719594044217 109.0 109
1719594325416 110.0 110
1719594604979 111.0 111
1719594884427 112.0 112
1719595164224 113.0 113
1719595443265 114.0 114
1719595724488 115.0 115
1719596004775 116.0 116
1719596284529 117.0 117
1719596564885 118.0 118
1719596844882 119.0 119
1719597125531 120.0 120
1719597405026 121.0 121
1719597685553 122.0 122
1719597966146 123.0 123
1719598245600 124.0 124
1719598524210 125.0 125
1719598803037 126.0 126
1719599082516 127.0 127
1719599362360 128.0 128
1719599642309 129.0 129
1719599921989 130.0 130
1719600200962 131.0 131
1719600479623 132.0 132
1719600759046 133.0 133
1719601038072 134.0 134
1719601319199 135.0 135
1719601600565 136.0 136
1719601882883 137.0 137
1719602164130 138.0 138
1719602445968 139.0 139
1719602727412 140.0 140
1719603008677 141.0 141
1719603290901 142.0 142
1719603573037 143.0 143
1719603854403 144.0 144
1719604136057 145.0 145
1719604417426 146.0 146
1719604699864 147.0 147
1719604981664 148.0 148
1719605263413 149.0 149
1719605545174 150.0 150
1719605826221 151.0 151
1719606107812 152.0 152
1719606390228 153.0 153
1719606671274 154.0 154
1719606952369 155.0 155
1719607232805 156.0 156
1719607513562 157.0 157
1719607795076 158.0 158
1719608075348 159.0 159
1719608355915 160.0 160
1719608637957 161.0 161
1719608919137 162.0 162
1719609200973 163.0 163
1719609483938 164.0 164
1719609766380 165.0 165
1719610047426 166.0 166
1719610330163 167.0 167
1719610612632 168.0 168
1719610892774 169.0 169
1719611172938 170.0 170
1719611453216 171.0 171
1719611733573 172.0 172
1719612013826 173.0 173
1719612293782 174.0 174
1719612573055 175.0 175
1719612852870 176.0 176
1719613133029 177.0 177
1719613412896 178.0 178
1719613692358 179.0 179
1719613972102 180.0 180
1719614251148 181.0 181
1719614530028 182.0 182
1719614809019 183.0 183
1719615088470 184.0 184
1719615368755 185.0 185
1719615649825 186.0 186
1719615929274 187.0 187
1719616209224 188.0 188
1719616489853 189.0 189
1719616770584 190.0 190
1719617051766 191.0 191
1719617332736 192.0 192
1719617613085 193.0 193
1719617894700 194.0 194
1719618175550 195.0 195
1719618455164 196.0 196
1719618736279 197.0 197
1719619018585 198.0 198
1719619299227 199.0 199
1719619583293 200.0 200
1719619864638 201.0 201
1719620146784 202.0 202
1719620427010 203.0 203
1719621056221 204.0 204
1719621838253 205.0 205
1719622614130 206.0 206
1719623371208 207.0 207
1719624114022 208.0 208
1719624877890 209.0 209
1719625652456 210.0 210
1719626401682 211.0 211
1719627162611 212.0 212
1719627918069 213.0 213
1719628688653 214.0 214
1719629444261 215.0 215
1719630165941 216.0 216
1719630912830 217.0 217
1719631628648 218.0 218
1719632322502 219.0 219
1719633033080 220.0 220
1719633764069 221.0 221
1719634398620 222.0 222
1719634973512 223.0 223
1719635559574 224.0 224
1719636126689 225.0 225
1719636712946 226.0 226
1719637299398 227.0 227
1719637872001 228.0 228
1719638454092 229.0 229
1719639037399 230.0 230
1719639601269 231.0 231
1719640154979 232.0 232
1719640712153 233.0 233
1719641284278 234.0 234
1719641877071 235.0 235
1719642462671 236.0 236
1719643024201 237.0 237
1719643569598 238.0 238
1719644136728 239.0 239
1719644739046 240.0 240
1719645321535 241.0 241
1719645904560 242.0 242
1719646470717 243.0 243
1719647039127 244.0 244
1719647623097 245.0 245
1719648219935 246.0 246
1719648796606 247.0 247
1719649354711 248.0 248
1719649923436 249.0 249
