1719540011084 7080504.0 0
1719540520213 7080504.0 1
1719541068148 7080504.0 2
1719541686528 7080504.0 3
1719542294628 7080504.0 4
1719542826796 7080504.0 5
1719543357568 7080504.0 6
1719543875663 7080504.0 7
1719544436798 7080504.0 8
1719545043911 7080504.0 9
1719545679129 7080504.0 10
1719546280999 7080504.0 11
1719546793508 7080504.0 12
1719547309232 7080504.0 13
1719547863616 7080504.0 14
1719548446844 7080504.0 15
1719549011748 7080504.0 16
1719549548597 7080504.0 17
1719550077235 7080504.0 18
1719550642359 7080504.0 19
1719551150548 7080504.0 20
1719551658703 7080504.0 21
1719552192028 7080504.0 22
1719552812801 7080504.0 23
1719553366489 7080504.0 24
1719553922942 7080504.0 25
1719554471979 7080504.0 26
1719555009171 7080504.0 27
1719555606240 7080504.0 28
1719556137110 7080504.0 29
1719556723349 7080504.0 30
1719557271940 7080504.0 31
1719557812962 7080504.0 32
1719558375369 7080504.0 33
1719558872316 7080504.0 34
1719559470828 7080504.0 35
1719560062545 7080504.0 36
1719560620257 7080504.0 37
1719561135573 7080504.0 38
1719561721690 7080504.0 39
1719562244569 7080504.0 40
1719562839908 7080504.0 41
1719563385600 7080504.0 42
1719563873461 7080504.0 43
1719564436243 7080504.0 44
1719565074623 7080504.0 45
1719565693486 7080504.0 46
1719566221763 7080504.0 47
1719566767129 7080504.0 48
1719567353516 7080504.0 49
1719567887724 7080504.0 50
1719568461079 7080504.0 51
1719569025432 7080504.0 52
1719569584954 7080504.0 53
1719570136199 7080504.0 54
1719570632585 7080504.0 55
1719571237347 7080504.0 56
1719571863069 7080504.0 57
1719572323438 7080504.0 58
1719572633194 7080504.0 59
1719572969122 7080504.0 60
1719573530590 7080504.0 61
1719574336036 7080504.0 62
1719575125972 7080504.0 63
1719575919040 7080504.0 64
1719576700923 7080504.0 65
1719577475667 7080504.0 66
1719578242663 7080504.0 67
1719579031737 7080504.0 68
1719579834282 7080504.0 69
1719580435833 7080504.0 70
1719580986615 7080504.0 71
1719581567684 7080504.0 72
1719582144714 7080504.0 73
1719582685978 7080504.0 74
1719583215481 7080504.0 75
1719583537005 7080504.0 76
1719583866446 7080504.0 77
1719584171712 7080504.0 78
1719584493710 7080504.0 79
1719584798647 7080504.0 80
1719585116586 7080504.0 81
1719585462134 7080504.0 82
1719585756886 7080504.0 83
1719586073003 7080504.0 84
1719586419659 7080504.0 85
1719586749067 7080504.0 86
1719587056593 7080504.0 87
1719587375495 7080504.0 88
1719587715589 7080504.0 89
1719588068721 7080504.0 90
1719588420573 7080504.0 91
1719588771543 7080504.0 92
1719589124334 7080504.0 93
1719589476541 7080504.0 94
1719589785403 7080504.0 95
1719590092819 7080504.0 96
1719590398376 7080504.0 97
1719590698183 7080504.0 98
1719591001203 7080504.0 99
1719591304058 7080504.0 100
1719591611232 7080504.0 101
1719591917359 7080504.0 102
1719592223268 7080504.0 103
1719592526666 7080504.0 104
1719592828306 7080504.0 105
1719593125574 7080504.0 106
1719593429180 7080504.0 107
1719593735501 7080504.0 108
1719594044218 7080504.0 109
1719594325418 7080504.0 110
1719594604981 7080504.0 111
1719594884429 7080504.0 112
1719595164226 7080504.0 113
1719595443267 7080504.0 114
1719595724490 7080504.0 115
1719596004776 7080504.0 116
1719596284531 7080504.0 117
1719596564887 7080504.0 118
1719596844884 7080504.0 119
1719597125533 7080504.0 120
1719597405027 7080504.0 121
1719597685555 7080504.0 122
1719597966148 7080504.0 123
1719598245602 7080504.0 124
1719598524212 7080504.0 125
1719598803039 7080504.0 126
1719599082518 7080504.0 127
1719599362362 7080504.0 128
1719599642310 7080504.0 129
1719599921991 7080504.0 130
1719600200964 7080504.0 131
1719600479625 7080504.0 132
1719600759048 7080504.0 133
1719601038074 7080504.0 134
1719601319200 7080504.0 135
1719601600566 7080504.0 136
1719601882885 7080504.0 137
1719602164132 7080504.0 138
1719602445970 7080504.0 139
1719602727414 7080504.0 140
1719603008678 7080504.0 141
1719603290903 7080504.0 142
1719603573039 7080504.0 143
1719603854405 7080504.0 144
1719604136059 7080504.0 145
1719604417428 7080504.0 146
1719604699866 7080504.0 147
1719604981666 7080504.0 148
1719605263415 7080504.0 149
1719605545175 7080504.0 150
1719605826222 7080504.0 151
1719606107814 7080504.0 152
1719606390230 7080504.0 153
1719606671276 7080504.0 154
1719606952371 7080504.0 155
1719607232807 7080504.0 156
1719607513564 7080504.0 157
1719607795078 7080504.0 158
1719608075350 7080504.0 159
1719608355917 7080504.0 160
1719608637958 7080504.0 161
1719608919139 7080504.0 162
1719609200974 7080504.0 163
1719609483940 7080504.0 164
1719609766382 7080504.0 165
1719610047428 7080504.0 166
1719610330165 7080504.0 167
1719610612633 7080504.0 168
1719610892775 7080504.0 169
1719611172940 7080504.0 170
1719611453218 7080504.0 171
1719611733575 7080504.0 172
1719612013828 7080504.0 173
1719612293784 7080504.0 174
1719612573057 7080504.0 175
1719612852872 7080504.0 176
1719613133030 7080504.0 177
1719613412899 7080504.0 178
1719613692360 7080504.0 179
1719613972104 7080504.0 180
1719614251150 7080504.0 181
1719614530029 7080504.0 182
1719614809020 7080504.0 183
1719615088471 7080504.0 184
1719615368757 7080504.0 185
1719615649827 7080504.0 186
1719615929276 7080504.0 187
1719616209226 7080504.0 188
1719616489854 7080504.0 189
1719616770586 7080504.0 190
1719617051768 7080504.0 191
1719617332738 7080504.0 192
1719617613087 7080504.0 193
1719617894702 7080504.0 194
1719618175552 7080504.0 195
1719618455165 7080504.0 196
1719618736281 7080504.0 197
1719619018587 7080504.0 198
1719619299228 7080504.0 199
1719619583295 7080504.0 200
1719619864640 7080504.0 201
1719620146786 7080504.0 202
1719620427012 7080504.0 203
1719621056222 7080504.0 204
1719621838254 7080504.0 205
1719622614131 7080504.0 206
1719623371210 7080504.0 207
1719624114023 7080504.0 208
1719624877892 7080504.0 209
1719625652458 7080504.0 210
1719626401684 7080504.0 211
1719627162612 7080504.0 212
1719627918070 7080504.0 213
1719628688654 7080504.0 214
1719629444262 7080504.0 215
1719630165942 7080504.0 216
1719630912831 7080504.0 217
1719631628650 7080504.0 218
1719632322504 7080504.0 219
1719633033081 7080504.0 220
1719633764071 7080504.0 221
1719634398622 7080504.0 222
1719634973512 7080504.0 223
1719635559575 7080504.0 224
1719636126690 7080504.0 225
1719636712947 7080504.0 226
1719637299399 7080504.0 227
1719637872002 7080504.0 228
1719638454093 7080504.0 229
1719639037400 7080504.0 230
1719639601271 7080504.0 231
1719640154980 7080504.0 232
1719640712154 7080504.0 233
1719641284280 7080504.0 234
1719641877072 7080504.0 235
1719642462672 7080504.0 236
1719643024201 7080504.0 237
1719643569599 7080504.0 238
1719644136729 7080504.0 239
1719644739047 7080504.0 240
1719645321537 7080504.0 241
1719645904561 7080504.0 242
1719646470719 7080504.0 243
1719647039128 7080504.0 244
1719647623098 7080504.0 245
1719648219937 7080504.0 246
1719648796607 7080504.0 247
1719649354712 7080504.0 248
1719649923437 7080504.0 249
