1719540011079 9.999999999999821e-06 0
1719540520198 9.999999999999821e-06 1
1719541068134 8.003125000000054e-06 2
1719541686515 6.006250000000084e-06 3
1719542294613 4.009374999999961e-06 4
1719542826781 2.0124999999999786e-06 5
1719543357553 2.547594167448766e-08 6
1719543875645 2.9808302605216855e-08 7
1719544436784 3.492674810556928e-08 8
1719545043899 4.0830469913665624e-08 9
1719545679113 4.751853576339509e-08 10
1719546280983 5.498988953162855e-08 11
1719546793493 6.324335140500137e-08 12
1719547309217 7.227761806619712e-08 13
1719547863608 8.209126289978645e-08 14
1719548446828 9.268273621748121e-08 15
1719549011732 1.0405036550287616e-07 16
1719549548583 1.1619235567551963e-07 17
1719550077220 1.2910678937440756e-07 18
1719550642351 1.4279162726075904e-07 19
1719551150530 1.5724470834002356e-07 20
1719551658691 1.7246375030316084e-07 21
1719552192013 1.884463498870155e-07 22
1719552812785 2.051899832538382e-07 23
1719553366482 2.2269200638982295e-07 24
1719553922927 2.409496555226157e-07 25
1719554471965 2.599600475577924e-07 26
1719555009156 2.797201805340524e-07 27
1719555606227 3.002269340973366e-07 28
1719556137094 3.214770699935485e-07 29
1719556723333 3.434672325798837e-07 30
1719557271931 3.6619394935474794e-07 31
1719557812956 3.8965363150610546e-07 32
1719558375357 4.138425744781937e-07 33
1719558872308 4.387569585565078e-07 34
1719559470820 4.643928494709907e-07 35
1719560062538 4.907461990173027e-07 36
1719560620250 5.17812845696017e-07 37
1719561135564 5.455885153698624e-07 38
1719561721673 5.740688219386374e-07 39
1719562244554 6.032492680317479e-07 40
1719562839893 6.331252457185202e-07 41
1719563385591 6.636920372357199e-07 42
1719563873448 6.949448157326387e-07 43
1719564436227 7.268786460332559e-07 44
1719565074615 7.594884854155556e-07 45
1719565693472 7.927691844079031e-07 46
1719566221746 8.267154876021116e-07 47
1719566767116 8.613220344833964e-07 48
1719567353502 8.965833602768404e-07 49
1719567887707 9.32493896810314e-07 50
1719568461065 9.690479733938117e-07 51
1719569025416 1.0062398177149302e-06 52
1719569584944 1.044063556750281e-06 53
1719570136183 1.0825132176929678e-06 54
1719570632578 1.1215827288958545e-06 55
1719571237331 1.1612659208302355e-06 56
1719571863064 1.2015565270600477e-06 57
1719572323425 1.2424481852314805e-06 58
1719572633186 1.2839344380777264e-06 59
1719572969106 1.3260087344384783e-06 60
1719573530577 1.3686644302946887e-06 61
1719574336024 1.4118947898174135e-06 62
1719575125960 1.4556929864317493e-06 63
1719575919029 1.5000521038948211e-06 64
1719576700908 1.5449651373876432e-06 65
1719577475655 1.5904249946216246e-06 66
1719578242656 1.6364244969583511e-06 67
1719579031730 1.6829563805430792e-06 68
1719579834268 1.7300132974520331e-06 69
1719580435825 1.777587816852539e-06 70
1719580986603 1.8256724261764502e-06 71
1719581567676 1.8742595323066096e-06 72
1719582144696 1.9233414627756142e-06 73
1719582685968 1.9729104669776914e-06 74
1719583215467 2.0229587173925443e-06 75
1719583536989 2.0734783108211434e-06 76
1719583866431 2.124461269634135e-06 77
1719584171696 2.1758995430312897e-06 78
1719584493698 2.227785008312895e-06 79
1719584798638 2.280109472162528e-06 80
1719585116570 2.3328646719408296e-06 81
1719585462119 2.3860422769901118e-06 82
1719585756870 2.439633889950162e-06 83
1719586072994 2.493631048083954e-06 84
1719586419644 2.5480252246143407e-06 85
1719586749051 2.60280783007036e-06 86
1719587056578 2.6579702136434156e-06 87
1719587375480 2.713503664553698e-06 88
1719587715580 2.7693994134255832e-06 89
1719588068713 2.825648633672287e-06 90
1719588420564 2.8822424428900285e-06 91
1719588771532 2.9391719042600903e-06 92
1719589124324 2.99642802796067e-06 93
1719589476525 3.054001772586149e-06 94
1719589785394 3.1118840465747476e-06 95
1719590092803 3.170065709644442e-06 96
1719590398361 3.228537574236213e-06 97
1719590698168 3.287290406964755e-06 98
1719591001187 3.3463149300766618e-06 99
1719591304050 3.405601822915578e-06 100
1719591611217 3.465141723393809e-06 101
1719591917343 3.5249252294708655e-06 102
1719592223252 3.584942900638223e-06 103
1719592526658 3.645185259409568e-06 104
1719592828290 3.705642792818367e-06 105
1719593125566 3.7663059539192643e-06 106
1719593429172 3.827165163295592e-06 107
1719593735493 3.88821081057305e-06 108
1719594044209 3.949433255935963e-06 109
1719594325402 4.010822831650801e-06 110
1719594604966 4.072369843591554e-06 111
1719594884414 4.1340645727718645e-06 112
1719595164210 4.195897276878607e-06 113
1719595443250 4.257858191811177e-06 114
1719595724475 4.319937533222829e-06 115
1719596004769 4.382125498065731e-06 116
1719596284515 4.444412266139371e-06 117
1719596564872 4.506788001641283e-06 118
1719596844869 4.5692428547192775e-06 119
1719597125517 4.631766963028503e-06 120
1719597405020 4.694350453287328e-06 121
1719597685539 4.7569834428369814e-06 122
1719597966133 4.819656041202381e-06 123
1719598245586 4.882358351653907e-06 124
1719598524196 4.945080472769744e-06 125
1719598803022 5.007812500000019e-06 126
1719599082501 5.07054452723009e-06 127
1719599362346 5.133266648346135e-06 128
1719599642296 5.195968958797602e-06 129
1719599921973 5.258641557163041e-06 130
1719600200947 5.321274546712681e-06 131
1719600479608 5.383858036971545e-06 132
1719600759033 5.446382145280713e-06 133
1719601038058 5.508836998358745e-06 134
1719601319193 5.5712127338605995e-06 135
1719601600551 5.6334995019342885e-06 136
1719601882869 5.695687466777165e-06 137
1719602164115 5.7577668081887825e-06 138
1719602445955 5.8197277231212335e-06 139
1719602727397 5.8815604272281715e-06 140
1719603008662 5.943255156408505e-06 141
1719603290888 6.004802168349239e-06 142
1719603573022 6.066191744064066e-06 143
1719603854389 6.1274141894270415e-06 144
1719604136042 6.188459836704437e-06 145
1719604417412 6.249319046080777e-06 146
1719604699848 6.3099822071814794e-06 147
1719604981651 6.370439740590357e-06 148
1719605263399 6.4306820993618725e-06 149
1719605545168 6.49069977052907e-06 150
1719605826216 6.550483276606282e-06 151
1719606107797 6.610023177084425e-06 152
1719606390214 6.669310069923353e-06 153
1719606671261 6.7283345930353476e-06 154
1719606952355 6.7870874257638935e-06 155
1719607232790 6.845559290355481e-06 156
1719607513549 6.90374095342529e-06 157
1719607795062 6.9616232274138875e-06 158
1719608075335 7.019196972039283e-06 159
1719608355901 7.076453095739786e-06 160
1719608637943 7.133382557110113e-06 161
1719608919123 7.189976366327601e-06 162
1719609200959 7.246225586574415e-06 163
1719609483923 7.302121335446418e-06 164
1719609766368 7.357654786356587e-06 165
1719610047413 7.412817169929781e-06 166
1719610330148 7.46759977538557e-06 167
1719610612626 7.5219939519161e-06 168
1719610892760 7.575991110049978e-06 169
1719611172924 7.629582723009917e-06 170
1719611453202 7.682760328059307e-06 171
1719611733559 7.735515527837468e-06 172
1719612013811 7.787839991687096e-06 173
1719612293767 7.839725456968738e-06 174
1719612573041 7.891163730365797e-06 175
1719612852857 7.942146689178765e-06 176
1719613133021 7.992666282607348e-06 177
1719613412882 8.042714533022203e-06 178
1719613692345 8.092283537224422e-06 179
1719613972087 8.141365467693364e-06 180
1719614251134 8.18995257382346e-06 181
1719614530023 8.238037183147598e-06 182
1719614809005 8.285611702548013e-06 183
1719615088463 8.332668619457054e-06 184
1719615368739 8.379200503041659e-06 185
1719615649811 8.425200005378253e-06 186
1719615929261 8.47065986261242e-06 187
1719616209210 8.515572896105276e-06 188
1719616489847 8.559932013568136e-06 189
1719616770569 8.603730210182524e-06 190
1719617051752 8.646960569705349e-06 191
1719617332722 8.689616265561447e-06 192
1719617613072 8.731690561922368e-06 193
1719617894687 8.773176814768617e-06 194
1719618175535 8.81406847294001e-06 195
1719618455155 8.854359079169824e-06 196
1719618736265 8.894042271104089e-06 197
1719619018572 8.933111782307154e-06 198
1719619299221 8.971561443249703e-06 199
1719619583280 9.009385182285108e-06 200
1719619864624 9.046577026606334e-06 201
1719620146771 9.08313110318975e-06 202
1719620426995 9.119041639723078e-06 203
1719621056213 9.154302965516523e-06 204
1719621838247 9.188909512397927e-06 205
1719622614122 9.222855815591953e-06 206
1719623371203 9.256136514584392e-06 207
1719624114016 9.288746353966814e-06 208
1719624877879 9.320680184267392e-06 209
1719625652445 9.351932962764418e-06 210
1719626401669 9.382499754281614e-06 211
1719627162605 9.41237573196836e-06 212
1719627918062 9.441556178061498e-06 213
1719628688647 9.470036484630317e-06 214
1719629444255 9.497812154303879e-06 215
1719630165935 9.524878800982796e-06 216
1719630912820 9.551232150528895e-06 217
1719631628635 9.576868041443447e-06 218
1719632322496 9.601782425521698e-06 219
1719633033069 9.625971368493765e-06 220
1719633764063 9.64943105064529e-06 221
1719634398614 9.672157767420232e-06 222
1719634973507 9.694147930006336e-06 223
1719635559567 9.715398065902702e-06 224
1719636126683 9.735904819466001e-06 225
1719636712936 9.755664952442244e-06 226
1719637299392 9.774675344477298e-06 227
1719637871995 9.79293299361012e-06 228
1719638454087 9.810435016746249e-06 229
1719639037390 9.827178650113148e-06 230
1719639601256 9.843161249696764e-06 231
1719640154975 9.858380291659897e-06 232
1719640712147 9.87283337273911e-06 233
1719641284266 9.886518210625432e-06 234
1719641877063 9.899432644324549e-06 235
1719642462664 9.911574634496937e-06 236
1719643024194 9.922942263782509e-06 237
1719643569586 9.933533737100049e-06 238
1719644136721 9.943347381933902e-06 239
1719644739038 9.952381648595069e-06 240
1719645321527 9.960635110468385e-06 241
1719645904553 9.968106464236675e-06 242
1719646470705 9.974794530086264e-06 243
1719647039121 9.980698251894387e-06 244
1719647623090 9.985816697394939e-06 245
1719648219923 9.990149058325415e-06 246
1719648796600 9.993694650556515e-06 247
1719649354705 9.996452914198078e-06 248
1719649923429 9.998423413687617e-06 249
