1719540011080 23.119451281817064 0
1719540520203 18.79362507229266 1
1719541068138 17.098182171583176 2
1719541686519 16.263206322555956 3
1719542294619 15.719218728335008 4
1719542826786 15.497368419947831 5
1719543357557 15.373963918374931 6
1719543875650 15.394526254871618 7
1719544436789 15.427044944918674 8
1719545043903 15.401582599981971 9
1719545679118 15.42697460366332 10
1719546280987 15.386312913635503 11
1719546793497 15.351391314164452 12
1719547309221 15.37182216151901 13
1719547863610 15.339744188215422 14
1719548446834 15.301849650300067 15
1719549011738 15.362726414981095 16
1719549548586 15.349109573208768 17
1719550077224 15.380166844181392 18
1719550642353 15.256814473349115 19
1719551150537 15.247591886831367 20
1719551658695 15.299794878648674 21
1719552192019 15.262125068384668 22
1719552812790 15.26106883779816 23
1719553366484 15.260821837445963 24
1719553922932 15.21593809646109 25
1719554471968 15.17339697609777 26
1719555009160 15.255489681078041 27
1719555606230 15.214565956074258 28
1719556137098 15.177557491737863 29
1719556723338 15.186003926007643 30
1719557271933 15.091712594032288 31
1719557812958 15.097875278929006 32
1719558375361 15.126059371492136 33
1719558872310 15.019070613643397 34
1719559470822 15.08453530461892 35
1719560062539 15.027030197174653 36
1719560620252 14.905537662298784 37
1719561135566 15.033107596894968 38
1719561721680 14.895940153495125 39
1719562244557 14.863996897054756 40
1719562839898 14.885539500609688 41
1719563385594 14.81272845035014 42
1719563873452 14.862724774557611 43
1719564436232 14.830553751924764 44
1719565074617 14.812135873929314 45
1719565693477 14.715040633211965 46
1719566221752 14.735362034776937 47
1719566767120 14.730387494615886 48
1719567353506 14.635219259106595 49
1719567887712 14.605015774136005 50
1719568461069 14.59452106900837 51
1719569025421 14.566547729398893 52
1719569584947 14.555030228003211 53
1719570136188 14.528224621130073 54
1719570632580 14.505831828583842 55
1719571237337 14.432573800501617 56
1719571863065 14.410202141689217 57
1719572323429 14.41637923795244 58
1719572633188 14.328546623820843 59
1719572969111 14.307021810956623 60
1719573530581 14.220016312340032 61
1719574336028 14.305876645057097 62
1719575125962 14.212389427682627 63
1719575919032 14.239100852738256 64
1719576700913 14.20070335139399 65
1719577475659 14.216307287630828 66
1719578242658 14.171500912179118 67
1719579031732 14.136041414478552 68
1719579834272 14.148033361072125 69
1719580435827 14.121797486491825 70
1719580986606 14.007968566987826 71
1719581567678 13.971637645493383 72
1719582144702 14.05164584128753 73
1719582685970 13.9452176845592 74
1719583215472 13.976838013400203 75
1719583536994 13.894613163626712 76
1719583866436 13.898304493530937 77
1719584171701 13.845787536838781 78
1719584493700 13.842015717340553 79
1719584798640 13.853596319323001 80
1719585116575 13.715035663998645 81
1719585462124 13.798580944538116 82
1719585756875 13.770923845146013 83
1719586072996 13.746571574522102 84
1719586419648 13.730630576610565 85
1719586749056 13.681508427080901 86
1719587056583 13.62593377413957 87
1719587375485 13.650314697752828 88
1719587715582 13.65448021111281 89
1719588068715 13.511745503415233 90
1719588420566 13.614600878694784 91
1719588771535 13.581849081360776 92
1719589124326 13.5104818460734 93
1719589476530 13.493282648532286 94
1719589785397 13.55454233288765 95
1719590092808 13.559714695681697 96
1719590398366 13.561880851569383 97
1719590698171 13.45203100727952 98
1719591001192 13.465674538975177 99
1719591304052 13.461736593557442 100
1719591611221 13.502173418584077 101
1719591917348 13.430104464292526 102
1719592223256 13.387717132983001 103
1719592526660 13.424393568349922 104
1719592828294 13.399883725073026 105
1719593125568 13.389991378006728 106
1719593429174 13.322016113478204 107
1719593735495 13.28998290196709 108
1719594044212 13.25465745381687 109
1719594325407 13.229986631351968 110
1719594604970 13.304525949384855 111
1719594884419 13.249769266532814 112
1719595164214 13.205745969129646 113
1719595443255 13.264193567244902 114
1719595724480 13.243505524552386 115
1719596004770 13.30509466710298 116
1719596284520 13.25746055919191 117
1719596564877 13.208824188812919 118
1719596844874 13.200429845115412 119
1719597125522 13.18004651432452 120
1719597405022 13.293172825937686 121
1719597685543 13.14398008455401 122
1719597966138 13.147584466830544 123
1719598245591 13.173269383285357 124
1719598524201 13.168890621351158 125
1719598803027 13.093003427204879 126
1719599082506 13.154033769731937 127
1719599362350 13.176343614640443 128
1719599642301 13.132809802241947 129
1719599921978 13.070392587910527 130
1719600200952 13.066132205983866 131
1719600479613 13.077357512453329 132
1719600759037 13.026980169441389 133
1719601038063 13.051378410795461 134
1719601319195 13.105466517417327 135
1719601600556 12.993462891682334 136
1719601882874 13.060523598090462 137
1719602164120 13.057585701994274 138
1719602445959 13.060800999403 139
1719602727402 13.039897589579873 140
1719603008667 12.986591217310533 141
1719603290893 12.959067047938056 142
1719603573027 12.991793328005334 143
1719603854394 12.98744072343992 144
1719604136047 12.962342083454132 145
1719604417417 12.94413834421531 146
1719604699853 12.964304035124572 147
1719604981656 12.936109996360281 148
1719605263404 12.931289114381956 149
1719605545170 12.987033586139264 150
1719605826217 13.011022172544314 151
1719606107802 12.90368782437366 152
1719606390219 12.92791475031687 153
1719606671265 12.943703311940897 154
1719606952360 12.978496366220972 155
1719607232795 12.94656150366949 156
1719607513554 12.94420704115992 157
1719607795067 12.903477379809255 158
1719608075339 12.869339073481767 159
1719608355906 12.873302941736968 160
1719608637948 12.854497174853863 161
1719608919128 12.879929037197776 162
1719609200964 12.856482219436895 163
1719609483928 12.85558835449426 164
1719609766373 12.835969918447992 165
1719610047418 12.883766211893247 166
1719610330153 12.834585639445677 167
1719610612628 12.830504109030185 168
1719610892764 12.829015700713448 169
1719611172929 12.892836128887923 170
1719611453207 12.76432472726573 171
1719611733564 12.79330081395481 172
1719612013816 12.806324927703194 173
1719612293772 12.767131969980571 174
1719612573045 12.812088199283766 175
1719612852862 12.802393433840379 176
1719613133023 12.774911976378897 177
1719613412887 12.79054788791615 178
1719613692349 12.783068240984626 179
1719613972092 12.775986826938132 180
1719614251138 12.800023932819782 181
1719614530024 12.742240864297617 182
1719614809009 12.714787472849308 183
1719615088465 12.745332720487013 184
1719615368744 12.716361771459164 185
1719615649815 12.745277745568234 186
1719615929265 12.763474174167799 187
1719616209214 12.75126590029053 188
1719616489849 12.74785471221675 189
1719616770574 12.73664864897728 190
1719617051757 12.75854336956273 191
1719617332726 12.68025557761607 192
1719617613076 12.754372857187105 193
1719617894692 12.667628114638122 194
1719618175540 12.74985671432122 195
1719618455158 12.688546232555224 196
1719618736270 12.735679049854694 197
1719619018576 12.740282776563063 198
1719619299223 12.739659081334652 199
1719619583285 12.67897396761438 200
1719619864629 12.680595544369325 201
1719620146776 12.689480784146681 202
1719620426999 12.666535788256189 203
1719621056216 12.757306518762007 204
1719621838249 12.685863540224407 205
1719622614125 12.66992841725764 206
1719623371205 12.688735797353413 207
1719624114018 12.7586128944936 208
1719624877882 12.624836904847104 209
1719625652448 12.615383575791897 210
1719626401673 12.650060889513597 211
1719627162607 12.609487838071326 212
1719627918064 12.628504303486451 213
1719628688649 12.667465279931607 214
1719629444257 12.605966435826343 215
1719630165936 12.658132247302843 216
1719630912823 12.60110010271487 217
1719631628640 12.568992018699646 218
1719632322499 12.613679907892061 219
1719633033073 12.590381058661833 220
1719633764065 12.63641775302265 221
1719634398616 12.651156457869902 222
1719634973508 12.678637973640276 223
1719635559569 12.652793688618619 224
1719636126685 12.608782300482625 225
1719636712939 12.57876606479935 226
1719637299394 12.589458315268807 227
1719637871997 12.608840885369673 228
1719638454088 12.628303574479144 229
1719639037393 12.595754248940427 230
1719639601261 12.602203546658806 231
1719640154976 12.599495188049648 232
1719640712149 12.633263893749403 233
1719641284270 12.568742713202601 234
1719641877065 12.594310741061749 235
1719642462666 12.574714698221372 236
1719643024196 12.530152659053387 237
1719643569591 12.551971062369969 238
1719644136723 12.546459473993467 239
1719644739041 12.591509037691614 240
1719645321529 12.587226399908895 241
1719645904555 12.533476588518724 242
1719646470710 12.554852376813473 243
1719647039123 12.54480911726537 244
1719647623092 12.657312537017075 245
1719648219928 12.62465844206188 246
1719648796602 12.592637584261272 247
1719649354707 12.498815982238106 248
1719649923431 12.516398520573325 249
