1717906554084 0.0 0
1717907105175 1.0 1
1717907642896 2.0 2
1717908202210 3.0 3
1717908737926 4.0 4
1717909276830 5.0 5
1717909841360 6.0 6
1717910401005 7.0 7
1717910943209 8.0 8
1717911477572 9.0 9
1717912036795 10.0 10
1717912559471 11.0 11
1717913087022 12.0 12
1717913644062 13.0 13
1717914194313 14.0 14
1717914732544 15.0 15
1717915267989 16.0 16
1717915811154 17.0 17
1717916347944 18.0 18
1717916874837 19.0 19
1717917429258 20.0 20
1717917957453 21.0 21
1717918492869 22.0 22
1717919053259 23.0 23
1717919586494 24.0 24
1717920111229 25.0 25
1717920636043 26.0 26
1717921196975 27.0 27
1717921748432 28.0 28
1717922287164 29.0 29
1717922835814 30.0 30
1717923390744 31.0 31
