1717906554086 7080504.0 0
1717907105177 7080504.0 1
1717907642898 7080504.0 2
1717908202212 7080504.0 3
1717908737928 7080504.0 4
1717909276832 7080504.0 5
1717909841362 7080504.0 6
1717910401007 7080504.0 7
1717910943211 7080504.0 8
1717911477575 7080504.0 9
1717912036797 7080504.0 10
1717912559473 7080504.0 11
1717913087024 7080504.0 12
1717913644063 7080504.0 13
1717914194315 7080504.0 14
1717914732546 7080504.0 15
1717915267991 7080504.0 16
1717915811156 7080504.0 17
1717916347946 7080504.0 18
1717916874838 7080504.0 19
1717917429259 7080504.0 20
1717917957455 7080504.0 21
1717918492870 7080504.0 22
1717919053261 7080504.0 23
1717919586495 7080504.0 24
1717920111231 7080504.0 25
1717920636044 7080504.0 26
1717921196976 7080504.0 27
1717921748433 7080504.0 28
1717922287165 7080504.0 29
1717922835815 7080504.0 30
1717923390746 7080504.0 31
