1717906554072 9.999999999999821e-06 0
1717907105161 9.999999999999821e-06 1
1717907642886 8.003125000000054e-06 2
1717908202197 6.006250000000084e-06 3
1717908737911 4.009374999999961e-06 4
1717909276819 2.0124999999999786e-06 5
1717909841347 3.101424800415069e-08 6
1717910400991 3.778050483306068e-08 7
1717910943195 4.577304268859532e-08 8
1717911477560 5.498988953162855e-08 9
1717912036782 6.542877124312479e-08 10
1717912559457 7.708711218521327e-08 11
1717913087009 8.99620358367144e-08 12
1717913644051 1.0405036550287616e-07 13
1717914194298 1.193486250991563e-07 14
1717914732530 1.3585304000890825e-07 15
1717915267975 1.535595380147265e-07 16
1717915811140 1.7246375030316084e-07 17
1717916347935 1.9256101254271226e-07 18
1717916874824 2.1384636603463928e-07 19
1717917429246 2.3631455893646363e-07 20
1717917957439 2.599600475577924e-07 21
1717918492862 2.847769977281182e-07 22
1717919053241 3.1075928623632427e-07 23
1717919586487 3.379005023415242e-07 24
1717920111216 3.6619394935474794e-07 25
1717920636037 3.956326462913136e-07 26
1717921196968 4.2620932959324986e-07 27
1717921748427 4.579164549214859e-07 28
1717922287159 4.907461990173027e-07 29
1717922835804 5.24690461632545e-07 30
1717923390729 5.597408675283739e-07 31
