1717906554077 1.4111672787238723 0
1717907105166 1.352756151281621 1
1717907642889 1.2881550001709356 2
1717908202202 1.2395183713701756 3
1717908737917 1.1987987299166296 4
1717909276822 1.1880571486671334 5
1717909841351 1.1721232977250349 6
1717910400995 1.1721097758930663 7
1717910943200 1.1748375133813724 8
1717911477565 1.1789335836858854 9
1717912036787 1.169184179490675 10
1717912559462 1.1704450014006833 11
1717913087013 1.1763116247628047 12
1717913644055 1.1794673078086064 13
1717914194304 1.172956108884967 14
1717914732535 1.161882355161335 15
1717915267980 1.1730889182375825 16
1717915811145 1.1626464109057966 17
1717916347938 1.1745042781467023 18
1717916874829 1.1470041901844998 19
1717917429250 1.1624774452622817 20
1717917957443 1.1630561387409335 21
1717918492865 1.1512843184982953 22
1717919053249 1.1553849627304336 23
1717919586489 1.1624645010932633 24
1717920111221 1.1597093214159426 25
1717920636038 1.1635614906478187 26
1717921196970 1.1598162783876709 27
1717921748429 1.1599627870094518 28
1717922287160 1.1430195084084636 29
1717922835807 1.146731158313544 30
1717923390734 1.1466173204876806 31
