1713315695491 0.0 0
1713316168029 1.0 1
1713316528382 2.0 2
1713316925356 3.0 3
1713317291290 4.0 4
1713317654328 5.0 5
1713318028541 6.0 6
1713318440627 7.0 7
1713318846667 8.0 8
1713319171794 9.0 9
1713319603828 10.0 10
1713320050092 11.0 11
1713320440092 12.0 12
1713320797427 13.0 13
1713321255281 14.0 14
1713321603481 15.0 15
1713322017881 16.0 16
1713322357275 17.0 17
1713322799801 18.0 18
1713323124946 19.0 19
1713323571600 20.0 20
1713323986978 21.0 21
1713324335240 22.0 22
1713324734305 23.0 23
1713325173415 24.0 24
1713325554651 25.0 25
1713325950045 26.0 26
1713326360195 27.0 27
1713326786096 28.0 28
1713327181925 29.0 29
1713327546350 30.0 30
1713328010482 31.0 31
1713328337273 32.0 32
1713328754962 33.0 33
1713329102525 34.0 34
1713329547377 35.0 35
1713329849616 36.0 36
1713330285493 37.0 37
1713330704636 38.0 38
1713331071699 39.0 39
1713331481474 40.0 40
1713331895680 41.0 41
1713332266402 42.0 42
1713332669513 43.0 43
1713333073490 44.0 44
1713333471679 45.0 45
1713333880200 46.0 46
1713334301157 47.0 47
1713334761013 48.0 48
1713335123440 49.0 49
1713335523369 50.0 50
1713335932939 51.0 51
1713336360344 52.0 52
1713336677406 53.0 53
1713337121952 54.0 54
1713337573352 55.0 55
1713337985712 56.0 56
1713338380326 57.0 57
1713338798308 58.0 58
1713339193312 59.0 59
1713339656965 60.0 60
1713340156062 61.0 61
1713340826824 62.0 62
1713341362750 63.0 63
1713341920340 64.0 64
1713342389439 65.0 65
1713342936063 66.0 66
1713343461375 67.0 67
1713343988709 68.0 68
1713344655690 69.0 69
1713345140795 70.0 70
1713345774488 71.0 71
1713346305975 72.0 72
1713346929537 73.0 73
1713347414968 74.0 74
1713347986898 75.0 75
1713348565288 76.0 76
1713349108432 77.0 77
1713349627048 78.0 78
1713350182476 79.0 79
1713350726056 80.0 80
1713351244341 81.0 81
1713351778920 82.0 82
1713352438687 83.0 83
1713352935691 84.0 84
1713353538138 85.0 85
1713354177439 86.0 86
1713354657793 87.0 87
1713355319076 88.0 88
1713355832158 89.0 89
1713356361628 90.0 90
1713356865377 91.0 91
1713357367750 92.0 92
1713357932785 93.0 93
1713358491048 94.0 94
1713359024829 95.0 95
1713359672873 96.0 96
1713360183347 97.0 97
1713360746274 98.0 98
1713361361585 99.0 99
1713361922684 100.0 100
1713362431846 101.0 101
1713363026974 102.0 102
1713363667310 103.0 103
1713364167406 104.0 104
1713364806508 105.0 105
1713365283196 106.0 106
1713365838838 107.0 107
1713366361246 108.0 108
1713366961289 109.0 109
1713367516713 110.0 110
1713368030945 111.0 111
1713368665929 112.0 112
1713369166155 113.0 113
1713369778020 114.0 114
1713370304211 115.0 115
1713370874995 116.0 116
1713371414749 117.0 117
1713371966126 118.0 118
1713372497668 119.0 119
1713373118172 120.0 120
1713373577124 121.0 121
1713374252339 122.0 122
1713374780033 123.0 123
1713375240923 124.0 124
1713375913507 125.0 125
1713376443180 126.0 126
1713376971459 127.0 127
1713377491771 128.0 128
1713378087278 129.0 129
1713378592424 130.0 130
1713379209845 131.0 131
1713379759981 132.0 132
1713380320347 133.0 133
1713380847358 134.0 134
1713381401948 135.0 135
1713382035620 136.0 136
1713382594367 137.0 137
1713383120973 138.0 138
1713383769614 139.0 139
1713384291182 140.0 140
1713384831409 141.0 141
1713385478115 142.0 142
1713385971269 143.0 143
1713386585542 144.0 144
1713387074260 145.0 145
1713387674974 146.0 146
1713388190075 147.0 147
1713388806733 148.0 148
1713389336988 149.0 149
1713389840596 150.0 150
1713390516510 151.0 151
1713391026610 152.0 152
1713391567986 153.0 153
1713392159203 154.0 154
1713392690709 155.0 155
1713393192461 156.0 156
1713393764898 157.0 157
1713394250055 158.0 158
1713394851146 159.0 159
1713395350213 160.0 160
1713395997642 161.0 161
1713396537742 162.0 162
1713397138541 163.0 163
1713397714874 164.0 164
1713398225510 165.0 165
1713398816085 166.0 166
1713399289118 167.0 167
1713399958140 168.0 168
1713400433057 169.0 169
1713400961517 170.0 170
1713401552839 171.0 171
1713402074560 172.0 172
1713402546394 173.0 173
1713403207087 174.0 174
1713403690651 175.0 175
1713404236462 176.0 176
1713404832097 177.0 177
1713405347074 178.0 178
1713405896484 179.0 179
1713406523595 180.0 180
1713407093233 181.0 181
1713407613485 182.0 182
1713408214309 183.0 183
1713408764858 184.0 184
1713409285351 185.0 185
1713409789040 186.0 186
1713410415536 187.0 187
1713410854106 188.0 188
1713411545983 189.0 189
1713412058815 190.0 190
1713412563661 191.0 191
1713413260329 192.0 192
1713413835707 193.0 193
1713414341916 194.0 194
1713414985098 195.0 195
1713415561204 196.0 196
1713416103950 197.0 197
1713416616887 198.0 198
1713417203317 199.0 199
1713417708328 200.0 200
1713418306399 201.0 201
1713418906660 202.0 202
1713419381929 203.0 203
1713419973185 204.0 204
1713420464609 205.0 205
1713421076144 206.0 206
1713421580694 207.0 207
1713422127709 208.0 208
1713422761924 209.0 209
1713423302056 210.0 210
1713423907475 211.0 211
1713424537107 212.0 212
1713425081988 213.0 213
1713425644104 214.0 214
1713426211023 215.0 215
1713426742306 216.0 216
1713427293450 217.0 217
1713427852278 218.0 218
1713428402502 219.0 219
1713428921454 220.0 220
1713429611314 221.0 221
1713430127965 222.0 222
1713430765252 223.0 223
1713431393599 224.0 224
1713431918187 225.0 225
1713432444873 226.0 226
1713433027998 227.0 227
1713433542988 228.0 228
1713434128496 229.0 229
1713434688837 230.0 230
1713435200855 231.0 231
1713435841201 232.0 232
1713436373488 233.0 233
1713436965263 234.0 234
1713437442481 235.0 235
1713438044366 236.0 236
1713438596655 237.0 237
1713439124040 238.0 238
1713439652359 239.0 239
1713440256132 240.0 240
1713440779892 241.0 241
1713441321140 242.0 242
1713441865509 243.0 243
1713442478506 244.0 244
1713442980505 245.0 245
1713443539726 246.0 246
1713444166308 247.0 247
1713444647969 248.0 248
1713445302368 249.0 249
1713445797840 250.0 250
1713446406377 251.0 251
1713446925658 252.0 252
1713447501693 253.0 253
1713448082729 254.0 254
1713448613595 255.0 255
1713449242549 256.0 256
1713449752155 257.0 257
1713450320466 258.0 258
1713450867835 259.0 259
1713451406932 260.0 260
1713451890983 261.0 261
1713452450303 262.0 262
1713452953468 263.0 263
1713453542560 264.0 264
1713453986592 265.0 265
1713454637361 266.0 266
1713455114785 267.0 267
1713455629282 268.0 268
1713456234547 269.0 269
1713456712661 270.0 270
1713457327936 271.0 271
1713457811466 272.0 272
1713458376199 273.0 273
1713458941824 274.0 274
1713459467140 275.0 275
1713459951987 276.0 276
1713460543871 277.0 277
1713461009666 278.0 278
1713461582213 279.0 279
1713462059535 280.0 280
1713462652464 281.0 281
1713463129716 282.0 282
1713463729155 283.0 283
1713464286039 284.0 284
1713464731528 285.0 285
1713465366832 286.0 286
1713465818841 287.0 287
1713466365871 288.0 288
1713466865981 289.0 289
1713467397906 290.0 290
1713467913324 291.0 291
1713468458065 292.0 292
1713468977815 293.0 293
1713469535297 294.0 294
1713470010116 295.0 295
1713470585540 296.0 296
1713471080425 297.0 297
1713471607234 298.0 298
1713472220262 299.0 299
1713472651920 300.0 300
1713473270806 301.0 301
1713473741163 302.0 302
1713474304889 303.0 303
1713474772597 304.0 304
1713475341147 305.0 305
1713475848685 306.0 306
1713476335564 307.0 307
1713476928688 308.0 308
1713477469651 309.0 309
1713477945325 310.0 310
1713478575656 311.0 311
1713479051469 312.0 312
1713479551659 313.0 313
1713480180635 314.0 314
1713480673406 315.0 315
1713481208122 316.0 316
1713481671147 317.0 317
1713482260501 318.0 318
1713482750834 319.0 319
1713483301074 320.0 320
1713483855089 321.0 321
1713484394373 322.0 322
1713484908933 323.0 323
1713485446758 324.0 324
1713485990922 325.0 325
1713486559113 326.0 326
1713487045772 327.0 327
1713487599758 328.0 328
1713488230856 329.0 329
1713488724528 330.0 330
1713489397300 331.0 331
1713489866392 332.0 332
1713490476040 333.0 333
1713490999393 334.0 334
1713491525223 335.0 335
1713492154104 336.0 336
1713492672426 337.0 337
1713493177927 338.0 338
1713493879185 339.0 339
1713494380835 340.0 340
1713494978221 341.0 341
1713495494508 342.0 342
1713496087556 343.0 343
1713496645590 344.0 344
1713497182997 345.0 345
1713497809552 346.0 346
1713498288532 347.0 347
1713498925145 348.0 348
1713499425388 349.0 349
