1713315695493 7095944.0 0
1713316168031 7095944.0 1
1713316528384 7095944.0 2
1713316925358 7095944.0 3
1713317291291 7095944.0 4
1713317654330 7095944.0 5
1713318028543 7095944.0 6
1713318440628 7095944.0 7
1713318846668 7095944.0 8
1713319171796 7095944.0 9
1713319603829 7095944.0 10
1713320050093 7095944.0 11
1713320440093 7095944.0 12
1713320797428 7095944.0 13
1713321255282 7095944.0 14
1713321603482 7095944.0 15
1713322017882 7095944.0 16
1713322357276 7095944.0 17
1713322799803 7095944.0 18
1713323124947 7095944.0 19
1713323571601 7095944.0 20
1713323986979 7095944.0 21
1713324335241 7095944.0 22
1713324734306 7095944.0 23
1713325173416 7095944.0 24
1713325554652 7095944.0 25
1713325950045 7095944.0 26
1713326360195 7095944.0 27
1713326786097 7095944.0 28
1713327181926 7095944.0 29
1713327546350 7095944.0 30
1713328010484 7095944.0 31
1713328337275 7095944.0 32
1713328754963 7095944.0 33
1713329102527 7095944.0 34
1713329547379 7095944.0 35
1713329849618 7095944.0 36
1713330285494 7095944.0 37
1713330704637 7095944.0 38
1713331071700 7095944.0 39
1713331481475 7095944.0 40
1713331895681 7095944.0 41
1713332266404 7095944.0 42
1713332669515 7095944.0 43
1713333073491 7095944.0 44
1713333471680 7095944.0 45
1713333880202 7095944.0 46
1713334301158 7095944.0 47
1713334761015 7095944.0 48
1713335123441 7095944.0 49
1713335523369 7095944.0 50
1713335932941 7095944.0 51
1713336360345 7095944.0 52
1713336677407 7095944.0 53
1713337121954 7095944.0 54
1713337573354 7095944.0 55
1713337985714 7095944.0 56
1713338380328 7095944.0 57
1713338798310 7095944.0 58
1713339193314 7095944.0 59
1713339656966 7095944.0 60
1713340156063 7095944.0 61
1713340826824 7095944.0 62
1713341362752 7095944.0 63
1713341920341 7095944.0 64
1713342389440 7095944.0 65
1713342936064 7095944.0 66
1713343461376 7095944.0 67
1713343988710 7095944.0 68
1713344655692 7095944.0 69
1713345140796 7095944.0 70
1713345774489 7095944.0 71
1713346305976 7095944.0 72
1713346929538 7095944.0 73
1713347414969 7095944.0 74
1713347986899 7095944.0 75
1713348565289 7095944.0 76
1713349108433 7095944.0 77
1713349627049 7095944.0 78
1713350182477 7095944.0 79
1713350726057 7095944.0 80
1713351244342 7095944.0 81
1713351778922 7095944.0 82
1713352438688 7095944.0 83
1713352935692 7095944.0 84
1713353538139 7095944.0 85
1713354177440 7095944.0 86
1713354657794 7095944.0 87
1713355319078 7095944.0 88
1713355832159 7095944.0 89
1713356361629 7095944.0 90
1713356865379 7095944.0 91
1713357367751 7095944.0 92
1713357932786 7095944.0 93
1713358491049 7095944.0 94
1713359024830 7095944.0 95
1713359672874 7095944.0 96
1713360183349 7095944.0 97
1713360746275 7095944.0 98
1713361361587 7095944.0 99
1713361922685 7095944.0 100
1713362431848 7095944.0 101
1713363026975 7095944.0 102
1713363667311 7095944.0 103
1713364167407 7095944.0 104
1713364806509 7095944.0 105
1713365283197 7095944.0 106
1713365838839 7095944.0 107
1713366361248 7095944.0 108
1713366961291 7095944.0 109
1713367516714 7095944.0 110
1713368030946 7095944.0 111
1713368665931 7095944.0 112
1713369166157 7095944.0 113
1713369778022 7095944.0 114
1713370304212 7095944.0 115
1713370874996 7095944.0 116
1713371414750 7095944.0 117
1713371966127 7095944.0 118
1713372497670 7095944.0 119
1713373118174 7095944.0 120
1713373577125 7095944.0 121
1713374252341 7095944.0 122
1713374780035 7095944.0 123
1713375240924 7095944.0 124
1713375913508 7095944.0 125
1713376443182 7095944.0 126
1713376971460 7095944.0 127
1713377491772 7095944.0 128
1713378087279 7095944.0 129
1713378592425 7095944.0 130
1713379209846 7095944.0 131
1713379759982 7095944.0 132
1713380320349 7095944.0 133
1713380847359 7095944.0 134
1713381401949 7095944.0 135
1713382035621 7095944.0 136
1713382594369 7095944.0 137
1713383120975 7095944.0 138
1713383769616 7095944.0 139
1713384291183 7095944.0 140
1713384831411 7095944.0 141
1713385478116 7095944.0 142
1713385971270 7095944.0 143
1713386585543 7095944.0 144
1713387074262 7095944.0 145
1713387674975 7095944.0 146
1713388190077 7095944.0 147
1713388806735 7095944.0 148
1713389336989 7095944.0 149
1713389840597 7095944.0 150
1713390516511 7095944.0 151
1713391026611 7095944.0 152
1713391567987 7095944.0 153
1713392159204 7095944.0 154
1713392690710 7095944.0 155
1713393192462 7095944.0 156
1713393764899 7095944.0 157
1713394250056 7095944.0 158
1713394851147 7095944.0 159
1713395350215 7095944.0 160
1713395997644 7095944.0 161
1713396537743 7095944.0 162
1713397138543 7095944.0 163
1713397714875 7095944.0 164
1713398225511 7095944.0 165
1713398816086 7095944.0 166
1713399289119 7095944.0 167
1713399958142 7095944.0 168
1713400433058 7095944.0 169
1713400961518 7095944.0 170
1713401552840 7095944.0 171
1713402074561 7095944.0 172
1713402546395 7095944.0 173
1713403207089 7095944.0 174
1713403690652 7095944.0 175
1713404236464 7095944.0 176
1713404832099 7095944.0 177
1713405347075 7095944.0 178
1713405896486 7095944.0 179
1713406523595 7095944.0 180
1713407093234 7095944.0 181
1713407613487 7095944.0 182
1713408214310 7095944.0 183
1713408764860 7095944.0 184
1713409285352 7095944.0 185
1713409789041 7095944.0 186
1713410415538 7095944.0 187
1713410854108 7095944.0 188
1713411545984 7095944.0 189
1713412058816 7095944.0 190
1713412563662 7095944.0 191
1713413260330 7095944.0 192
1713413835708 7095944.0 193
1713414341917 7095944.0 194
1713414985100 7095944.0 195
1713415561205 7095944.0 196
1713416103951 7095944.0 197
1713416616888 7095944.0 198
1713417203318 7095944.0 199
1713417708329 7095944.0 200
1713418306401 7095944.0 201
1713418906661 7095944.0 202
1713419381930 7095944.0 203
1713419973187 7095944.0 204
1713420464610 7095944.0 205
1713421076146 7095944.0 206
1713421580695 7095944.0 207
1713422127710 7095944.0 208
1713422761925 7095944.0 209
1713423302057 7095944.0 210
1713423907476 7095944.0 211
1713424537108 7095944.0 212
1713425081989 7095944.0 213
1713425644105 7095944.0 214
1713426211025 7095944.0 215
1713426742307 7095944.0 216
1713427293452 7095944.0 217
1713427852279 7095944.0 218
1713428402503 7095944.0 219
1713428921456 7095944.0 220
1713429611315 7095944.0 221
1713430127966 7095944.0 222
1713430765254 7095944.0 223
1713431393601 7095944.0 224
1713431918188 7095944.0 225
1713432444874 7095944.0 226
1713433028000 7095944.0 227
1713433542990 7095944.0 228
1713434128497 7095944.0 229
1713434688839 7095944.0 230
1713435200856 7095944.0 231
1713435841203 7095944.0 232
1713436373490 7095944.0 233
1713436965265 7095944.0 234
1713437442483 7095944.0 235
1713438044367 7095944.0 236
1713438596657 7095944.0 237
1713439124041 7095944.0 238
1713439652361 7095944.0 239
1713440256133 7095944.0 240
1713440779894 7095944.0 241
1713441321142 7095944.0 242
1713441865511 7095944.0 243
1713442478507 7095944.0 244
1713442980507 7095944.0 245
1713443539727 7095944.0 246
1713444166310 7095944.0 247
1713444647969 7095944.0 248
1713445302369 7095944.0 249
1713445797841 7095944.0 250
1713446406378 7095944.0 251
1713446925659 7095944.0 252
1713447501694 7095944.0 253
1713448082731 7095944.0 254
1713448613596 7095944.0 255
1713449242550 7095944.0 256
1713449752156 7095944.0 257
1713450320467 7095944.0 258
1713450867837 7095944.0 259
1713451406933 7095944.0 260
1713451890984 7095944.0 261
1713452450304 7095944.0 262
1713452953469 7095944.0 263
1713453542561 7095944.0 264
1713453986593 7095944.0 265
1713454637363 7095944.0 266
1713455114786 7095944.0 267
1713455629283 7095944.0 268
1713456234549 7095944.0 269
1713456712663 7095944.0 270
1713457327938 7095944.0 271
1713457811468 7095944.0 272
1713458376200 7095944.0 273
1713458941825 7095944.0 274
1713459467140 7095944.0 275
1713459951988 7095944.0 276
1713460543874 7095944.0 277
1713461009667 7095944.0 278
1713461582215 7095944.0 279
1713462059536 7095944.0 280
1713462652465 7095944.0 281
1713463129717 7095944.0 282
1713463729156 7095944.0 283
1713464286040 7095944.0 284
1713464731529 7095944.0 285
1713465366833 7095944.0 286
1713465818842 7095944.0 287
1713466365872 7095944.0 288
1713466865982 7095944.0 289
1713467397907 7095944.0 290
1713467913325 7095944.0 291
1713468458066 7095944.0 292
1713468977816 7095944.0 293
1713469535298 7095944.0 294
1713470010118 7095944.0 295
1713470585541 7095944.0 296
1713471080426 7095944.0 297
1713471607235 7095944.0 298
1713472220263 7095944.0 299
1713472651921 7095944.0 300
1713473270807 7095944.0 301
1713473741165 7095944.0 302
1713474304890 7095944.0 303
1713474772598 7095944.0 304
1713475341148 7095944.0 305
1713475848686 7095944.0 306
1713476335565 7095944.0 307
1713476928689 7095944.0 308
1713477469652 7095944.0 309
1713477945326 7095944.0 310
1713478575658 7095944.0 311
1713479051470 7095944.0 312
1713479551661 7095944.0 313
1713480180637 7095944.0 314
1713480673407 7095944.0 315
1713481208123 7095944.0 316
1713481671148 7095944.0 317
1713482260503 7095944.0 318
1713482750835 7095944.0 319
1713483301075 7095944.0 320
1713483855091 7095944.0 321
1713484394374 7095944.0 322
1713484908934 7095944.0 323
1713485446759 7095944.0 324
1713485990923 7095944.0 325
1713486559115 7095944.0 326
1713487045773 7095944.0 327
1713487599759 7095944.0 328
1713488230857 7095944.0 329
1713488724530 7095944.0 330
1713489397301 7095944.0 331
1713489866393 7095944.0 332
1713490476041 7095944.0 333
1713490999394 7095944.0 334
1713491525225 7095944.0 335
1713492154106 7095944.0 336
1713492672427 7095944.0 337
1713493177928 7095944.0 338
1713493879187 7095944.0 339
1713494380837 7095944.0 340
1713494978223 7095944.0 341
1713495494510 7095944.0 342
1713496087557 7095944.0 343
1713496645591 7095944.0 344
1713497182998 7095944.0 345
1713497809553 7095944.0 346
1713498288534 7095944.0 347
1713498925146 7095944.0 348
1713499425389 7095944.0 349
