1713315695484 5.317175935791886 0
1713316168022 5.3121842398591665 1
1713316528374 5.305463888722917 2
1713316925348 5.298053617062776 3
1713317291284 5.300752296395924 4
1713317654322 5.293535164516905 5
1713318028535 5.285825435882029 6
1713318440624 5.284550457544949 7
1713318846660 5.286025021387183 8
1713319171788 5.282981959374054 9
1713319603820 5.285996755180151 10
1713320050088 5.288037076592445 11
1713320440086 5.28547043580076 12
1713320797422 5.286006184375805 13
1713321255277 5.285827122304751 14
1713321603474 5.283838700341142 15
1713322017874 5.287233705105989 16
1713322357267 5.284539542120436 17
1713322799793 5.284977477529774 18
1713323124937 5.284914949018022 19
1713323571596 5.284932430023733 20
1713323986975 5.282635982269826 21
1713324335236 5.2823261275239615 22
1713324734301 5.277556964236757 23
1713325173409 5.281665905662205 24
1713325554644 5.282870108666628 25
1713325950042 5.284361896955448 26
1713326360191 5.280937575127767 27
1713326786092 5.278942640060964 28
1713327181919 5.281486912913945 29
1713327546346 5.276408264170522 30
1713328010475 5.280770867415097 31
1713328337266 5.2770727250887 32
1713328754959 5.2753826515830085 33
1713329102517 5.276737102995748 34
1713329547370 5.272924939575403 35
1713329849611 5.273961645753487 36
1713330285487 5.272579469110655 37
1713330704629 5.271086133692576 38
1713331071695 5.272287717332011 39
1713331481470 5.266030983432479 40
1713331895677 5.26301894304545 41
1713332266394 5.267393625300864 42
1713332669505 5.260702912574229 43
1713333073485 5.266528471656468 44
1713333471672 5.262351412488067 45
1713333880194 5.255632326006889 46
1713334301155 5.254212594550589 47
1713334761005 5.255887322451757 48
1713335123436 5.2510808732198635 49
1713335523366 5.249022797397945 50
1713335932932 5.24507059092107 51
1713336360341 5.243660496628803 52
1713336677402 5.240674359642941 53
1713337121944 5.237539676868397 54
1713337573345 5.229550018906593 55
1713337985704 5.229465660193692 56
1713338380321 5.22836653434712 57
1713338798301 5.223015429533047 58
1713339193304 5.218409105487492 59
1713339656961 5.22201077186543 60
1713340156058 5.220433441193207 61
1713340826821 5.219171116533487 62
1713341362746 5.215656049873518 63
1713341920336 5.201230828528819 64
1713342389434 5.189628319895786 65
1713342936059 5.199068017627882 66
1713343461371 5.1940664292677585 67
1713343988705 5.185172833178354 68
1713344655683 5.186448809245358 69
1713345140791 5.176941782236099 70
1713345774483 5.182290063604064 71
1713346305969 5.171913297280021 72
1713346929528 5.174837882104128 73
1713347414965 5.146215041046557 74
1713347986889 5.157511966383976 75
1713348565283 5.161295147693676 76
1713349108428 5.148345018210619 77
1713349627040 5.1506490292756455 78
1713350182468 5.135946902243988 79
1713350726051 5.142085053998491 80
1713351244336 5.137389010061389 81
1713351778910 5.1233741038519405 82
1713352438682 5.11692342032557 83
1713352935686 5.122652856552082 84
1713353538129 5.107597958134568 85
1713354177435 5.111004182178041 86
1713354657787 5.106979323470074 87
1713355319069 5.105032284622607 88
1713355832151 5.099113414468973 89
1713356361623 5.10599076618319 90
1713356865370 5.087892281620399 91
1713357367745 5.077583957625472 92
1713357932778 5.0740150550137395 93
1713358491044 5.06455785424813 94
1713359024824 5.056139849450277 95
1713359672869 5.06150636109321 96
1713360183340 5.046336862056152 97
1713360746267 5.048186183947584 98
1713361361577 5.04122759272223 99
1713361922679 5.04809347183808 100
1713362431838 5.025187687705392 101
1713363026971 5.035141494611035 102
1713363667305 5.047044945151909 103
1713364167404 5.016129588951236 104
1713364806503 5.018952728613563 105
1713365283186 5.0049445551374685 106
1713365838835 5.012411225101222 107
1713366361237 4.9891332063985905 108
1713366961282 4.994917222663112 109
1713367516708 4.983628790663636 110
1713368030941 4.983300453942755 111
1713368665922 4.990536118331163 112
1713369166148 4.965817601136539 113
1713369778015 4.976453818380833 114
1713370304206 4.9400424461649814 115
1713370874992 4.959580359899479 116
1713371414744 4.94471443347309 117
1713371966121 4.941263394835203 118
1713372497661 4.949350056440934 119
1713373118164 4.910208712777366 120
1713373577121 4.937617775538693 121
1713374252335 4.935608441738979 122
1713374780026 4.922610902591892 123
1713375240919 4.913016656494659 124
1713375913503 4.8999530180640845 125
1713376443176 4.90283673580574 126
1713376971455 4.904598880073299 127
1713377491768 4.872845004434171 128
1713378087273 4.876914059986239 129
1713378592419 4.876115299113419 130
1713379209841 4.859753476536793 131
1713379759972 4.854545149790204 132
1713380320339 4.843341717577499 133
1713380847354 4.855788176474364 134
1713381401943 4.833669547153556 135
1713382035616 4.814471848632978 136
1713382594363 4.840687340692334 137
1713383120964 4.8104214541938 138
1713383769609 4.817728346132713 139
1713384291175 4.799611464142799 140
1713384831400 4.790811152237913 141
1713385478108 4.7784324255974395 142
1713385971265 4.800123412647973 143
1713386585533 4.761293558970742 144
1713387074252 4.791875777361185 145
1713387674970 4.763001076877117 146
1713388190067 4.77684725302717 147
1713388806725 4.736905971946924 148
1713389336984 4.750179238293482 149
1713389840592 4.746834700846153 150
1713390516503 4.728364021881767 151
1713391026603 4.712021070977916 152
1713391567982 4.703660634872706 153
1713392159199 4.700843939962595 154
1713392690702 4.69073946935975 155
1713393192456 4.714510181351848 156
1713393764894 4.716957204691742 157
1713394250047 4.691275785798612 158
1713394851142 4.704555747949558 159
1713395350206 4.652955510046171 160
1713395997635 4.65398956446544 161
1713396537738 4.684736325041108 162
1713397138533 4.664066939898159 163
1713397714867 4.674558928803258 164
1713398225501 4.6544279073891435 165
1713398816081 4.621545993115591 166
1713399289113 4.60198040533325 167
1713399958132 4.594054938010547 168
1713400433053 4.587159210573072 169
1713400961513 4.621205678128677 170
1713401552835 4.615345811390358 171
1713402074555 4.5896420161361275 172
1713402546390 4.57377674009489 173
1713403207080 4.563309622523577 174
1713403690647 4.561934365202552 175
1713404236454 4.561591305162596 176
1713404832093 4.5432442031476805 177
1713405347070 4.548220256424469 178
1713405896479 4.545980278564536 179
1713406523592 4.528564588531204 180
1713407093229 4.519261063117048 181
1713407613477 4.534016977509727 182
1713408214300 4.5040861407051915 183
1713408764849 4.52454255229753 184
1713409285344 4.505686446052531 185
1713409789035 4.517165652111821 186
1713410415529 4.513992874842623 187
1713410854102 4.477301578158918 188
1713411545979 4.4794109275807505 189
1713412058811 4.474075763445834 190
1713412563656 4.4766906878870465 191
1713413260325 4.4385353132434515 192
1713413835702 4.4866048975483235 193
1713414341912 4.408781221055466 194
1713414985094 4.418216268977393 195
1713415561197 4.419572501402834 196
1713416103945 4.426831273604995 197
1713416616885 4.431091522393019 198
1713417203312 4.422248679658641 199
1713417708324 4.460674958060617 200
1713418306394 4.40665981983361 201
1713418906656 4.412209311581177 202
1713419381925 4.39389484051777 203
1713419973180 4.3676528561374415 204
1713420464602 4.362417262857375 205
1713421076138 4.369021896434867 206
1713421580690 4.356716212695059 207
1713422127705 4.345258955398331 208
1713422761920 4.339498072538687 209
1713423302051 4.355492691630903 210
1713423907472 4.376605931831443 211
1713424537103 4.33370132614737 212
1713425081986 4.35038076567909 213
1713425644100 4.33700200850549 214
1713426211016 4.336135786188685 215
1713426742302 4.330349519524885 216
1713427293441 4.295782667787178 217
1713427852274 4.31715763522231 218
1713428402498 4.342266245056754 219
1713428921447 4.30648219714994 220
1713429611309 4.299458210882933 221
1713430127961 4.257701911680076 222
1713430765245 4.291834076137646 223
1713431393591 4.276448745442473 224
1713431918181 4.278778480122918 225
1713432444871 4.266716557676378 226
1713433027994 4.2729990015859185 227
1713433542983 4.253063827105191 228
1713434128491 4.252572679973167 229
1713434688829 4.223902219987434 230
1713435200845 4.250969102201254 231
1713435841193 4.226793382154859 232
1713436373484 4.215690117653297 233
1713436965259 4.2143069321046704 234
1713437442475 4.200995553770791 235
1713438044361 4.239921008439167 236
1713438596651 4.192379384908987 237
1713439124032 4.224660686500695 238
1713439652354 4.1853674138369765 239
1713440256128 4.204209982377032 240
1713440779888 4.183879692593346 241
1713441321134 4.162664782903764 242
1713441865501 4.150213178733121 243
1713442478501 4.1717668075276455 244
1713442980501 4.196566457333772 245
1713443539718 4.167808539841486 246
1713444166300 4.138796408539233 247
1713444647965 4.118827836021133 248
1713445302363 4.141196341618247 249
1713445797836 4.118282370431268 250
1713446406370 4.150335550632166 251
1713446925654 4.1190167176334755 252
1713447501689 4.088607959449291 253
1713448082722 4.117623773281989 254
1713448613588 4.0427475377269415 255
1713449242542 4.139077006150847 256
1713449752146 4.132038877386114 257
1713450320458 4.082165815260099 258
1713450867829 4.0660812286255155 259
1713451406922 4.0806834513078565 260
1713451890979 4.081909278164739 261
1713452450299 4.067152934877769 262
1713452953465 4.0504098858522335 263
1713453542555 4.062752438952094 264
1713453986587 4.0398702514560325 265
1713454637355 4.061618323235408 266
1713455114781 4.048401791440404 267
1713455629278 4.03542281622472 268
1713456234540 4.049204655639503 269
1713456712654 4.0037246283305725 270
1713457327928 4.053106808953959 271
1713457811459 4.055274062830469 272
1713458376195 4.038679096199896 273
1713458941821 4.006736242252847 274
1713459467136 3.998608020336732 275
1713459951983 4.024586418562609 276
1713460543861 4.036377331484919 277
1713461009661 4.006705637211385 278
1713461582209 3.988984865338906 279
1713462059530 3.989855675107759 280
1713462652459 3.9818593116234178 281
1713463129712 3.996653330390868 282
1713463729151 3.9695545946774273 283
1713464286035 3.9659461884394935 284
1713464731519 3.945640810643849 285
1713465366827 3.963790378006904 286
1713465818837 3.949387533833151 287
1713466365863 3.9749907305383165 288
1713466865978 3.9836572360085403 289
1713467397901 3.9350010265150797 290
1713467913319 3.966543857980034 291
1713468458061 3.943793397396803 292
1713468977811 3.9144597476267298 293
1713469535292 3.9307302868236667 294
1713470010108 3.934567882962849 295
1713470585535 3.9179054532686006 296
1713471080421 3.914531895000002 297
1713471607230 3.915765681506499 298
1713472220257 3.9104955194760924 299
1713472651913 3.949051918218965 300
1713473270802 3.9224684892789177 301
1713473741155 3.9033842205029465 302
1713474304885 3.9159359948142716 303
1713474772593 3.9071241950859195 304
1713475341145 3.933041787665823 305
1713475848677 3.8753617493354757 306
1713476335560 3.9194792637034603 307
1713476928679 3.8759423274060953 308
1713477469647 3.905989921449319 309
1713477945320 3.836680801342363 310
1713478575649 3.8753279172207997 311
1713479051464 3.8745740354061127 312
1713479551655 3.86807765196199 313
1713480180627 3.8287580983470315 314
1713480673399 3.827638076213391 315
1713481208118 3.8457352457487066 316
1713481671142 3.823570361279923 317
1713482260494 3.8450103769807713 318
1713482750826 3.841593934951917 319
1713483301070 3.8281450485405712 320
1713483855078 3.812458081089932 321
1713484394369 3.8028453718061033 322
1713484908929 3.8289441072746464 323
1713485446752 3.795050290291724 324
1713485990919 3.807496066164711 325
1713486559105 3.8032091731286566 326
1713487045765 3.8371221764904 327
1713487599754 3.807892436404591 328
1713488230847 3.7628191225230694 329
1713488724524 3.808548997439768 330
1713489397295 3.7630273278640662 331
1713489866384 3.7829850711252377 332
1713490476036 3.8084985343334465 333
1713490999388 3.76247402102403 334
1713491525217 3.7743417021373045 335
1713492154097 3.7460420701814736 336
1713492672422 3.8143849069981473 337
1713493177922 3.8060503174429354 338
1713493879177 3.7538850911609503 339
1713494380827 3.7478482316693533 340
1713494978216 3.7408268148808377 341
1713495494504 3.71968459483722 342
1713496087549 3.7600260783472788 343
1713496645586 3.7254494598702244 344
1713497182993 3.7658331358562345 345
1713497809543 3.7023509735970395 346
1713498288528 3.717251221446887 347
1713498925140 3.702660708485738 348
1713499425384 3.7300295245064343 349
