1713315695480 9.999999999999821e-06 0
1713316168017 9.999999999999821e-06 1
1713316528370 8.001562500000023e-06 2
1713316925344 6.003125000000018e-06 3
1713317291281 4.004687499999941e-06 4
1713317654316 2.0062500000000102e-06 5
1713318028530 1.284323395960249e-08 6
1713318440621 1.5056221881001066e-08 7
1713318846656 1.7671149766564087e-08 8
1713319171785 2.0687806937676157e-08 9
1713319603817 2.4105950349332582e-08 10
1713320050085 2.7925304609722768e-08 11
1713320440084 3.21455620024191e-08 12
1713320797418 3.676638251116694e-08 13
1713321255275 4.178739384727485e-08 14
1713321603470 4.7208191479620554e-08 15
1713322017871 5.3028338667229953e-08 16
1713322357263 5.924736649448051e-08 17
1713322799788 6.586477390885416e-08 18
1713323124933 7.288002776133852e-08 19
1713323571594 8.029256284935911e-08 20
1713323986974 8.810178196231198e-08 21
1713324335235 9.630705592971541e-08 22
1713324734300 1.0490772367184719e-07 23
1713325173406 1.1390309225305615e-07 24
1713325554641 1.232924369375615e-07 25
1713325950040 1.3307500124784115e-07 26
1713326360190 1.4324999702560528e-07 27
1713326786090 1.5381660449526022e-07 28
1713327181916 1.6477397233000038e-07 29
1713327546345 1.761212177203559e-07 30
1713328010471 1.8785742644532728e-07 31
1713328337262 1.999816529460669e-07 32
1713328754958 2.124929204020389e-07 33
1713329102513 2.2539022080972905e-07 34
1713329547365 2.3867251506382734e-07 35
1713329849608 2.523387330410053e-07 36
1713330285485 2.663877736860865e-07 37
1713330704624 2.8081850510074475e-07 38
1713331071693 2.956297646347648e-07 39
1713331481468 3.1082035897963723e-07 40
1713331895675 3.263890642647546e-07 41
1713332266390 3.42334626155983e-07 42
1713332669500 3.5865575995674667e-07 43
1713333073483 3.753511507115088e-07 44
1713333471669 3.9241945331175147e-07 45
1713333880190 4.0985929260427454e-07 46
1713334301153 4.2766926350209375e-07 47
1713334761000 4.458479310975325e-07 48
1713335123434 4.643938307779415e-07 49
1713335523364 4.833054683436e-07 50
1713335932928 5.025813201281461e-07 51
1713336360339 5.222198331213576e-07 52
1713336677400 5.422194250942195e-07 53
1713337121940 5.625784847264422e-07 54
1713337573341 5.832953717362601e-07 55
1713337985699 6.043684170126315e-07 56
1713338380319 6.25795922749609e-07 57
1713338798296 6.475761625832424e-07 58
1713339193300 6.697073817306265e-07 59
1713339656959 6.921877971312471e-07 60
1713340156056 7.150155975906827e-07 61
1713340826820 7.381889439264962e-07 62
1713341362744 7.617059691164555e-07 63
1713341920334 7.855647784489317e-07 64
1713342389432 8.097634496754816e-07 65
1713342936057 8.343000331658489e-07 66
1713343461368 8.591725520649488e-07 67
1713343988702 8.843790024522151e-07 68
1713344655678 9.099173535029469e-07 69
1713345140789 9.357855476519781e-07 70
1713345774481 9.61981500759528e-07 71
1713346305967 9.885031022789737e-07 72
1713346929523 1.0153482154270206e-06 73
1713347414964 1.0425146773556996e-06 74
1713347986885 1.0700002993268283e-06 75
1713348565281 1.0978028668882402e-06 76
1713349108425 1.1259201400521134e-06 77
1713349627036 1.1543498534756567e-06 78
1713350182464 1.183089716643375e-06 79
1713350726049 1.2121374140518168e-06 80
1713351244334 1.2414906053960396e-06 81
1713351778906 1.2711469257581026e-06 82
1713352438680 1.3011039857978081e-06 83
1713352935684 1.3313593719448883e-06 84
1713353538126 1.361910646593795e-06 85
1713354177432 1.3927553482998694e-06 86
1713354657784 1.423890991977668e-06 87
1713355319065 1.4553150691013864e-06 88
1713355832146 1.4870250479066385e-06 89
1713356361621 1.519018373594704e-06 90
1713356865365 1.5512924685382753e-06 91
1713357367743 1.5838447324891112e-06 92
1713357932773 1.6166725427874607e-06 93
1713358491042 1.6497732545735747e-06 94
1713359024822 1.6831442010006695e-06 95
1713359672867 1.71678269344966e-06 96
1713360183335 1.7506860217459527e-06 97
1713360746264 1.7848514543778886e-06 98
1713361361572 1.819276238716493e-06 99
1713361922677 1.853957601237529e-06 100
1713362431834 1.8888927477448711e-06 101
1713363026970 1.9240788635954803e-06 102
1713363667302 1.9595131139264517e-06 103
1713364167402 1.9951926438831874e-06 104
1713364806501 2.0311145788496012e-06 105
1713365283182 2.0672760246793826e-06 106
1713365838834 2.1036740679296203e-06 107
1713366361233 2.140305776095218e-06 108
1713366961277 2.1771681978451003e-06 109
1713367516705 2.2142583632604177e-06 110
1713368030940 2.251573284073257e-06 111
1713368665917 2.289109953907954e-06 112
1713369166143 2.3268653485228656e-06 113
1713369778012 2.364836426054272e-06 114
1713370304204 2.4030201272614036e-06 115
1713370874990 2.441413375772807e-06 116
1713371414742 2.4800130783344384e-06 117
1713371966119 2.518816125058557e-06 118
1713372497656 2.5578193896746264e-06 119
1713373118159 2.597019729780923e-06 120
1713373577119 2.6364139870977704e-06 121
1713374252333 2.6759989877222965e-06 122
1713374780021 2.715771542383501e-06 123
1713375240917 2.75572844669994e-06 124
1713375913501 2.795866481437264e-06 125
1713376443174 2.8361824127680854e-06 126
1713376971453 2.876672992532308e-06 127
1713377491766 2.917334958498574e-06 128
1713378087271 2.958165034627653e-06 129
1713378592417 2.9991599313358355e-06 130
1713379209839 3.040316345760265e-06 131
1713379759967 3.0816309620250825e-06 132
1713380320335 3.123100451508454e-06 133
1713380847352 3.1647214731105363e-06 134
1713381401941 3.2064906735232127e-06 135
1713382035615 3.2484046874998806e-06 136
1713382594361 3.2904601381263965e-06 137
1713383120960 3.332653637093789e-06 138
1713383769607 3.3749817849705603e-06 139
1713384291170 3.4174411714768737e-06 140
1713384831395 3.460028375759508e-06 141
1713385478105 3.5027399666671815e-06 142
1713385971263 3.5455725030269156e-06 143
1713386585529 3.5885225339215913e-06 144
1713387074248 3.631586598967776e-06 145
1713387674967 3.6747612285945827e-06 146
1713388190063 3.71804294432334e-06 147
1713388806720 3.761428259047423e-06 148
1713389336982 3.804913677313691e-06 149
1713389840589 3.848495695603824e-06 150
1713390516499 3.89217080261666e-06 151
1713391026600 3.935935479551085e-06 152
1713391567980 3.979786200389532e-06 153
1713392159197 4.023719432182257e-06 154
1713392690698 4.067731635331412e-06 155
1713393192454 4.111819263877116e-06 156
1713393764892 4.155978765782145e-06 157
1713394250043 4.200206583219059e-06 158
1713394851140 4.244499152855939e-06 159
1713395350202 4.288852906144444e-06 160
1713395997632 4.333264269606259e-06 161
1713396537736 4.37772966512204e-06 162
1713397138528 4.422245510218946e-06 163
1713397714862 4.466808218359582e-06 164
1713398225497 4.5114141992308115e-06 165
1713398816079 4.556059859033266e-06 166
1713399289111 4.6007416007707195e-06 167
1713399958128 4.645455824539771e-06 168
1713400433051 4.690198927820307e-06 169
1713400961511 4.734967305765165e-06 170
1713401552832 4.779757351490907e-06 171
1713402074553 4.82456545636854e-06 172
1713402546388 4.869388010314114e-06 173
1713403207075 4.91422140207901e-06 174
1713403690645 4.959062019542291e-06 175
1713404236450 5.0039062499999366e-06 176
1713404832091 5.048750480457838e-06 177
1713405347067 5.093591097920917e-06 178
1713405896477 5.138424489686014e-06 179
1713406523591 5.183247043631394e-06 180
1713407093227 5.228055148508962e-06 181
1713407613473 5.2728451942347425e-06 182
1713408214295 5.317613572179605e-06 183
1713408764846 5.3623566754601025e-06 184
1713409285339 5.407070899229348e-06 185
1713409789033 5.451752640966872e-06 186
1713410415525 5.496398300769295e-06 187
1713410854100 5.541004281640525e-06 188
1713411545977 5.58556698978099e-06 189
1713412058809 5.630082834877855e-06 190
1713412563654 5.674548230393643e-06 191
1713413260323 5.7189595938555e-06 192
1713413835700 5.7633133471440115e-06 193
1713414341910 5.8076059167808915e-06 194
1713414985092 5.851833734217767e-06 195
1713415561194 5.89599323612287e-06 196
1713416103943 5.940080864668543e-06 197
1713416616883 5.98409306781781e-06 198
1713417203310 6.028026299610372e-06 199
1713417708322 6.07187702044887e-06 200
1713418306391 6.115641697383337e-06 201
1713418906654 6.159316804396107e-06 202
1713419381923 6.2028988226862116e-06 203
1713419973178 6.246384240952474e-06 204
1713420464600 6.2897695556766016e-06 205
1713421076133 6.333051271405383e-06 206
1713421580688 6.376225901032304e-06 207
1713422127703 6.419289966078549e-06 208
1713422761917 6.462239996973213e-06 209
1713423302049 6.505072533332951e-06 210
1713423907470 6.547784124240408e-06 211
1713424537100 6.590371328523112e-06 212
1713425081984 6.632830715029487e-06 213
1713425644098 6.675158862906254e-06 214
1713426211013 6.71735236187361e-06 215
1713426742299 6.759407812500188e-06 216
1713427293436 6.801321826476779e-06 217
1713427852272 6.843091026889452e-06 218
1713428402496 6.884712048491675e-06 219
1713428921444 6.926181537974805e-06 220
1713429611307 6.967496154239634e-06 221
1713430127959 7.008652568664218e-06 222
1713430765241 7.049647465372391e-06 223
1713431393587 7.090477541501464e-06 224
1713431918178 7.1311395074677075e-06 225
1713432444869 7.171630087231799e-06 226
1713433027992 7.211946018562744e-06 227
1713433542979 7.252084053300043e-06 228
1713434128488 7.292040957616522e-06 229
1713434688825 7.331813512277691e-06 230
1713435200839 7.371398512902285e-06 231
1713435841189 7.410792770219196e-06 232
1713436373482 7.4499931103253975e-06 233
1713436965257 7.488996374941459e-06 234
1713437442470 7.527799421665453e-06 235
1713438044359 7.566399124227225e-06 236
1713438596649 7.604792372738489e-06 237
1713439124027 7.642976073945753e-06 238
1713439652351 7.680947151477158e-06 239
1713440256126 7.718702546091941e-06 240
1713440779885 7.756239215926781e-06 241
1713441321130 7.793554136739607e-06 242
1713441865495 7.830644302154789e-06 243
1713442478499 7.867506723904908e-06 244
1713442980499 7.904138432070282e-06 245
1713443539713 7.940536475320507e-06 246
1713444166295 7.976697921150381e-06 247
1713444647964 8.012619856116851e-06 248
1713445302361 8.048299386073526e-06 249
1713445797832 8.08373363640439e-06 250
1713446406367 8.11891975225514e-06 251
1713446925647 8.153854898762368e-06 252
1713447501687 8.188536261283547e-06 253
1713448082717 8.22296104562201e-06 254
1713448613582 8.257126478254093e-06 255
1713449242539 8.291029806550346e-06 256
1713449752142 8.3246682989992e-06 257
1713450320454 8.358039245426343e-06 258
1713450867824 8.391139957212457e-06 259
1713451406916 8.42396776751089e-06 260
1713451890977 8.45652003146184e-06 261
1713452450297 8.488794126405326e-06 262
1713452953463 8.520787452093437e-06 263
1713453542554 8.552497430898713e-06 264
1713453986585 8.583921508022227e-06 265
1713454637351 8.615057151700068e-06 266
1713455114779 8.645901853406087e-06 267
1713455629275 8.676453128055053e-06 268
1713456234537 8.706708514202053e-06 269
1713456712650 8.736665574241999e-06 270
1713457327924 8.766321894604117e-06 271
1713457811456 8.795675085948102e-06 272
1713458376193 8.82472278335671e-06 273
1713458941819 8.853462646524272e-06 274
1713459467135 8.881892359947786e-06 275
1713459951980 8.910009633111814e-06 276
1713460543856 8.937812200673307e-06 277
1713461009659 8.965297822644433e-06 278
1713461582207 8.992464284572859e-06 279
1713462059528 9.019309397720905e-06 280
1713462652457 9.045830999240591e-06 281
1713463129709 9.072026952348052e-06 282
1713463729149 9.09789514649711e-06 283
1713464286033 9.123433497547717e-06 284
1713464731515 9.148639947935172e-06 285
1713465366825 9.173512466834081e-06 286
1713465818834 9.19804905032457e-06 287
1713466365860 9.22224772155112e-06 288
1713466865976 9.2461065308834e-06 289
1713467397898 9.269623556073413e-06 290
1713467913317 9.292796902409433e-06 291
1713468458059 9.315624702868668e-06 292
1713468977809 9.338105118269354e-06 293
1713469535290 9.360236337416634e-06 294
1713470010103 9.382016577250463e-06 295
1713470585533 9.403444082987286e-06 296
1713471080419 9.424517128263837e-06 297
1713471607228 9.445234015273588e-06 298
1713472220255 9.465593074905951e-06 299
1713472651910 9.485592666878525e-06 300
1713473270800 9.505231179871991e-06 301
1713473741150 9.524507031656524e-06 302
1713474304883 9.543418669222202e-06 303
1713474772591 9.561964568902353e-06 304
1713475341143 9.58014323649785e-06 305
1713475848673 9.597953207395848e-06 306
1713476335558 9.615393046688226e-06 307
1713476928675 9.632461349288501e-06 308
1713477469645 9.649156740043281e-06 309
1713477945318 9.665477873843876e-06 310
1713478575643 9.681423435735344e-06 311
1713479051462 9.69699214102039e-06 312
1713479551653 9.712182735365284e-06 313
1713480180623 9.726993994899244e-06 314
1713480673397 9.741424726313807e-06 315
1713481208116 9.755473766959002e-06 316
1713481671140 9.769139984936353e-06 317
1713482260489 9.782422279190404e-06 318
1713482750821 9.795319579597969e-06 319
1713483301068 9.807830847054004e-06 320
1713483855074 9.819955073554597e-06 321
1713484394367 9.831691282279715e-06 322
1713484908926 9.843038527669831e-06 323
1713485446748 9.853995895504725e-06 324
1713485990917 9.864562502974576e-06 325
1713486559101 9.874737498752164e-06 326
1713487045761 9.88452006306263e-06 327
1713487599751 9.893909407746787e-06 328
1713488230843 9.902904776328292e-06 329
1713488724522 9.91150544407011e-06 330
1713489397293 9.919710718037783e-06 331
1713489866380 9.927519937150532e-06 332
1713490476034 9.93493247223877e-06 333
1713490999386 9.941947726091254e-06 334
1713491525213 9.94856513350539e-06 335
1713492154093 9.954784161332656e-06 336
1713492672420 9.960604308520531e-06 337
1713493177920 9.966025106152597e-06 338
1713493879173 9.971046117488643e-06 339
1713494380823 9.975666937997622e-06 340
1713494978214 9.979887195390304e-06 341
1713495494502 9.983706549650481e-06 342
1713496087546 9.987124693062446e-06 343
1713496645585 9.990141350233309e-06 344
1713497182991 9.992756278118818e-06 345
1713497809539 9.994969266040205e-06 346
1713498288526 9.996780135702482e-06 347
1713498925138 9.998188741207349e-06 348
1713499425382 9.999194969067279e-06 349
