1717924184838 0.0 0
1717924736443 1.0 1
1717925278722 2.0 2
1717925836678 3.0 3
1717926369013 4.0 4
1717926917890 5.0 5
1717927478392 6.0 6
1717928007810 7.0 7
1717928539899 8.0 8
1717929105187 9.0 9
1717929661034 10.0 10
1717930199989 11.0 11
1717930738648 12.0 12
1717931286563 13.0 13
1717931846746 14.0 14
1717932394150 15.0 15
1717932963789 16.0 16
1717933507078 17.0 17
1717934076995 18.0 18
1717934607763 19.0 19
1717935170157 20.0 20
1717935723021 21.0 21
1717936259738 22.0 22
1717936791610 23.0 23
1717937337193 24.0 24
1717937882383 25.0 25
1717938421927 26.0 26
1717938970376 27.0 27
1717939527093 28.0 28
1717940057374 29.0 29
1717940612638 30.0 30
1717941146093 31.0 31
1717941698292 32.0 32
1717942250282 33.0 33
1717942771521 34.0 34
1717943313551 35.0 35
1717943870009 36.0 36
1717944403283 37.0 37
1717944922548 38.0 38
1717945444393 39.0 39
1717945989951 40.0 40
1717946536619 41.0 41
1717947067647 42.0 42
1717947596337 43.0 43
1717948138169 44.0 44
1717948668409 45.0 45
1717949202967 46.0 46
1717949750792 47.0 47
1717950267026 48.0 48
1717950812958 49.0 49
1717951360664 50.0 50
1717951793872 51.0 51
1717952345990 52.0 52
1717952656365 53.0 53
1717952944324 54.0 54
1717953231924 55.0 55
1717953518215 56.0 56
1717953804894 57.0 57
1717954091652 58.0 58
1717954378427 59.0 59
1717954665345 60.0 60
1717954951539 61.0 61
1717955238083 62.0 62
1717955525606 63.0 63
1717955812859 64.0 64
1717956101365 65.0 65
1717956390445 66.0 66
1717956677662 67.0 67
1717956965984 68.0 68
1717957254270 69.0 69
1717957541590 70.0 70
1717957828652 71.0 71
1717958116414 72.0 72
1717958402905 73.0 73
1717958689483 74.0 74
1717958975843 75.0 75
1717959263300 76.0 76
1717959550252 77.0 77
1717959835753 78.0 78
1717960122028 79.0 79
1717960410181 80.0 80
1717960700205 81.0 81
1717960990938 82.0 82
1717961283041 83.0 83
1717961576492 84.0 84
1717961870007 85.0 85
1717962164138 86.0 86
1717962458265 87.0 87
1717962754793 88.0 88
1717963051173 89.0 89
1717963349879 90.0 90
1717963646983 91.0 91
1717963947387 92.0 92
1717964246772 93.0 93
1717964545490 94.0 94
1717964843444 95.0 95
1717965142268 96.0 96
1717965440011 97.0 97
1717965739147 98.0 98
1717966038253 99.0 99
1717966337998 100.0 100
1717966635921 101.0 101
1717966934832 102.0 102
1717967234605 103.0 103
1717967535980 104.0 104
1717967837259 105.0 105
1717968138460 106.0 106
1717968440317 107.0 107
1717968740212 108.0 108
1717969039743 109.0 109
1717969338319 110.0 110
1717969637437 111.0 111
1717969935860 112.0 112
1717970235393 113.0 113
1717970536517 114.0 114
1717970837919 115.0 115
1717971137922 116.0 116
1717971437175 117.0 117
1717971738744 118.0 118
1717972040965 119.0 119
1717972343684 120.0 120
1717972646972 121.0 121
1717972949200 122.0 122
1717973253316 123.0 123
1717973556299 124.0 124
1717973860393 125.0 125
1717974163558 126.0 126
1717974468258 127.0 127
1717974771856 128.0 128
1717975074817 129.0 129
1717975377074 130.0 130
1717975682094 131.0 131
1717975986928 132.0 132
1717976291862 133.0 133
1717976596028 134.0 134
1717976900467 135.0 135
1717977204416 136.0 136
1717977510473 137.0 137
1717977815303 138.0 138
1717978120652 139.0 139
1717978424765 140.0 140
1717978727459 141.0 141
