1717924184840 7080504.0 0
1717924736445 7080504.0 1
1717925278724 7080504.0 2
1717925836680 7080504.0 3
1717926369015 7080504.0 4
1717926917892 7080504.0 5
1717927478392 7080504.0 6
1717928007812 7080504.0 7
1717928539901 7080504.0 8
1717929105188 7080504.0 9
1717929661036 7080504.0 10
1717930199991 7080504.0 11
1717930738650 7080504.0 12
1717931286565 7080504.0 13
1717931846749 7080504.0 14
1717932394152 7080504.0 15
1717932963790 7080504.0 16
1717933507080 7080504.0 17
1717934076996 7080504.0 18
1717934607765 7080504.0 19
1717935170159 7080504.0 20
1717935723022 7080504.0 21
1717936259740 7080504.0 22
1717936791612 7080504.0 23
1717937337195 7080504.0 24
1717937882385 7080504.0 25
1717938421929 7080504.0 26
1717938970378 7080504.0 27
1717939527095 7080504.0 28
1717940057376 7080504.0 29
1717940612640 7080504.0 30
1717941146095 7080504.0 31
1717941698294 7080504.0 32
1717942250284 7080504.0 33
1717942771523 7080504.0 34
1717943313553 7080504.0 35
1717943870012 7080504.0 36
1717944403285 7080504.0 37
1717944922550 7080504.0 38
1717945444394 7080504.0 39
1717945989954 7080504.0 40
1717946536621 7080504.0 41
1717947067649 7080504.0 42
1717947596339 7080504.0 43
1717948138171 7080504.0 44
1717948668410 7080504.0 45
1717949202968 7080504.0 46
1717949750793 7080504.0 47
1717950267027 7080504.0 48
1717950812959 7080504.0 49
1717951360666 7080504.0 50
1717951793873 7080504.0 51
1717952345991 7080504.0 52
1717952656367 7080504.0 53
1717952944326 7080504.0 54
1717953231925 7080504.0 55
1717953518216 7080504.0 56
1717953804896 7080504.0 57
1717954091654 7080504.0 58
1717954378429 7080504.0 59
1717954665347 7080504.0 60
1717954951541 7080504.0 61
1717955238084 7080504.0 62
1717955525607 7080504.0 63
1717955812860 7080504.0 64
1717956101366 7080504.0 65
1717956390446 7080504.0 66
1717956677663 7080504.0 67
1717956965985 7080504.0 68
1717957254271 7080504.0 69
1717957541591 7080504.0 70
1717957828653 7080504.0 71
1717958116415 7080504.0 72
1717958402907 7080504.0 73
1717958689484 7080504.0 74
1717958975845 7080504.0 75
1717959263301 7080504.0 76
1717959550254 7080504.0 77
1717959835754 7080504.0 78
1717960122029 7080504.0 79
1717960410182 7080504.0 80
1717960700206 7080504.0 81
1717960990939 7080504.0 82
1717961283042 7080504.0 83
1717961576494 7080504.0 84
1717961870008 7080504.0 85
1717962164139 7080504.0 86
1717962458266 7080504.0 87
1717962754794 7080504.0 88
1717963051174 7080504.0 89
1717963349880 7080504.0 90
1717963646984 7080504.0 91
1717963947389 7080504.0 92
1717964246773 7080504.0 93
1717964545491 7080504.0 94
1717964843445 7080504.0 95
1717965142270 7080504.0 96
1717965440012 7080504.0 97
1717965739149 7080504.0 98
1717966038255 7080504.0 99
1717966337999 7080504.0 100
1717966635922 7080504.0 101
1717966934834 7080504.0 102
1717967234607 7080504.0 103
1717967535982 7080504.0 104
1717967837261 7080504.0 105
1717968138462 7080504.0 106
1717968440318 7080504.0 107
1717968740214 7080504.0 108
1717969039745 7080504.0 109
1717969338321 7080504.0 110
1717969637438 7080504.0 111
1717969935861 7080504.0 112
1717970235394 7080504.0 113
1717970536519 7080504.0 114
1717970837920 7080504.0 115
1717971137923 7080504.0 116
1717971437176 7080504.0 117
1717971738745 7080504.0 118
1717972040966 7080504.0 119
1717972343685 7080504.0 120
1717972646973 7080504.0 121
1717972949201 7080504.0 122
1717973253317 7080504.0 123
1717973556300 7080504.0 124
1717973860395 7080504.0 125
1717974163559 7080504.0 126
1717974468260 7080504.0 127
1717974771857 7080504.0 128
1717975074819 7080504.0 129
1717975377075 7080504.0 130
1717975682095 7080504.0 131
1717975986929 7080504.0 132
1717976291863 7080504.0 133
1717976596030 7080504.0 134
1717976900468 7080504.0 135
1717977204417 7080504.0 136
1717977510474 7080504.0 137
1717977815304 7080504.0 138
1717978120653 7080504.0 139
1717978424766 7080504.0 140
1717978727460 7080504.0 141
