1717924184824 9.999999999999821e-06 0
1717924736430 9.999999999999821e-06 1
1717925278709 8.003125000000054e-06 2
1717925836666 6.006250000000084e-06 3
1717926368999 4.009374999999961e-06 4
1717926917877 2.0124999999999786e-06 5
1717927478385 3.101424800415069e-08 6
1717928007795 3.778050483306068e-08 7
1717928539886 4.577304268859532e-08 8
1717929105177 5.498988953162855e-08 9
1717929661021 6.542877124312479e-08 10
1717930199976 7.708711218521327e-08 11
1717930738634 8.99620358367144e-08 12
1717931286549 1.0405036550287616e-07 13
1717931846727 1.193486250991563e-07 14
1717932394136 1.3585304000890825e-07 15
1717932963780 1.535595380147265e-07 16
1717933507064 1.7246375030316084e-07 17
1717934076982 1.9256101254271226e-07 18
1717934607751 2.1384636603463928e-07 19
1717935170143 2.3631455893646363e-07 20
1717935723015 2.599600475577924e-07 21
1717936259724 2.847769977281182e-07 22
1717936791596 3.1075928623632427e-07 23
1717937337179 3.379005023415242e-07 24
1717937882369 3.6619394935474794e-07 25
1717938421919 3.956326462913136e-07 26
1717938970363 4.2620932959324986e-07 27
1717939527076 4.579164549214859e-07 28
1717940057360 4.907461990173027e-07 29
1717940612623 5.24690461632545e-07 30
1717941146080 5.597408675283739e-07 31
1717941698279 5.958887685416057e-07 32
1717942250269 6.331252457185202e-07 33
1717942771508 6.714411115155851e-07 34
1717943313538 7.108269120662461e-07 35
1717943869996 7.512729295135598e-07 36
1717944403270 7.927691844079031e-07 37
1717944922535 8.353054381693497e-07 38
1717945444381 8.788711956137184e-07 39
1717945989937 9.234557075422652e-07 40
1717946536606 9.690479733938117e-07 41
1717947067633 1.015636743958962e-06 42
1717947596330 1.0632105241557405e-06 43
1717948138155 1.1117575758656836e-06 44
1717948668402 1.1612659208302353e-06 45
1717949202953 1.2117233436061076e-06 46
1717949750787 1.2631173945792096e-06 47
1717950267010 1.3154353930364863e-06 48
1717950812942 1.3686644302946887e-06 49
1717951360653 1.4227913728853415e-06 50
1717951793866 1.4778028657952767e-06 51
1717952345985 1.533685335761823e-06 52
1717952656350 1.5904249946216246e-06 53
1717952944310 1.6480078427129462e-06 54
1717953231915 1.7064196723296092e-06 55
1717953518208 1.7656460712266292e-06 56
1717953804885 1.8256724261764502e-06 57
1717954091640 1.8864839265741295e-06 58
1717954378413 1.948065568091793e-06 59
1717954665332 2.010402156380903e-06 60
1717954951532 2.0734783108211434e-06 61
1717955238077 2.1372784683151794e-06 62
1717955525599 2.201786887128827e-06 63
1717955812853 2.266987650774926e-06 64
1717956101360 2.3328646719408296e-06 65
1717956390439 2.399401696457077e-06 66
1717956677657 2.466582307308711e-06 67
1717956965977 2.5343899286850575e-06 68
1717957254263 2.60280783007036e-06 69
1717957541582 2.671819130371049e-06 70
1717957828646 2.741406802081492e-06 71
1717958116405 2.811553675484932e-06 72
1717958402892 2.8822424428900285e-06 73
1717958689477 2.953455662901058e-06 74
1717958975833 3.0251757647216425e-06 75
1717959263294 3.097385052489938e-06 76
1717959550245 3.170065709644442e-06 77
1717959835748 3.2431998033207294e-06 78
1717960122023 3.3167692887754812e-06 79
1717960410174 3.39075601383898e-06 80
1717960700199 3.465141723393809e-06 81
1717960990932 3.539908063879337e-06 82
1717961283035 3.6150365878197944e-06 83
1717961576480 3.6905087583759457e-06 84
1717961870001 3.7663059539192643e-06 85
1717962164132 3.842409472625542e-06 86
1717962458257 3.918800537090645e-06 87
1717962754786 3.995460298962383e-06 88
1717963051164 4.0723698435915536e-06 89
1717963349873 4.1495101946988515e-06 90
1717963646977 4.2268623190569455e-06 91
1717963947378 4.3044071311865475e-06 92
1717964246767 4.382125498065731e-06 93
1717964545485 4.459998243850152e-06 94
1717964843438 4.5380061546051785e-06 95
1717965142255 4.616129983046188e-06 96
1717965440005 4.694350453287328e-06 97
1717965739133 4.772648265597989e-06 98
1717966038238 4.851004101164565e-06 99
1717966337984 4.929398626857433e-06 100
1717966635914 5.007812500000019e-06 101
1717966934820 5.086226373142546e-06 102
1717967234598 5.164620898835267e-06 103
1717967535967 5.242976734402045e-06 104
1717967837248 5.321274546712681e-06 105
1717968138446 5.3994950169537916e-06 106
1717968440310 5.477618845394801e-06 107
1717968740198 5.555626756149884e-06 108
1717969039730 5.6334995019342885e-06 109
1717969338306 5.7112178688134494e-06 110
1717969637432 5.7887626809431065e-06 111
1717969935854 5.866114805301182e-06 112
1717970235388 5.943255156408505e-06 113
1717970536505 6.020164701037632e-06 114
1717970837912 6.096824462909201e-06 115
1717971137915 6.173215527374464e-06 116
1717971437161 6.249319046080777e-06 117
1717971738737 6.3251162416239945e-06 118
1717972040959 6.400588412180242e-06 119
1717972343678 6.475716936120691e-06 120
1717972646963 6.550483276606282e-06 121
1717972949193 6.624868986161036e-06 122
1717973253310 6.698855711224465e-06 123
1717973556293 6.772425196679372e-06 124
1717973860381 6.845559290355481e-06 125
1717974163542 6.918239947510172e-06 126
1717974468243 6.990449235278376e-06 127
1717974771850 7.062169337098871e-06 128
1717975074806 7.133382557110113e-06 129
1717975377069 7.2040713245151035e-06 130
1717975682089 7.274218197918519e-06 131
1717975986918 7.343805869628848e-06 132
1717976291857 7.412817169929781e-06 133
1717976596023 7.48123507131498e-06 134
1717976900462 7.549042692691319e-06 135
1717977204409 7.61622330354283e-06 136
1717977510468 7.682760328059307e-06 137
1717977815298 7.748637349224983e-06 138
1717978120645 7.81383811287131e-06 139
1717978424756 7.878346531684708e-06 140
1717978727453 7.942146689178765e-06 141
