1717924184829 4.539770711051381 0
1717924736434 2.8728070095505402 1
1717925278714 2.2190420990404873 2
1717925836670 1.9055842742647813 3
1717926369004 1.736568090060483 4
1717926917880 1.659184647805017 5
1717927478387 1.631955558029206 6
1717928007800 1.6391078426462153 7
1717928539890 1.6379148169704105 8
1717929105180 1.6382552186108155 9
1717929661026 1.6224563721081484 10
1717930199980 1.6246877319138984 11
1717930738638 1.626715511245572 12
1717931286553 1.6347298894239508 13
1717931846732 1.615354358016149 14
1717932394141 1.60511556332526 15
1717932963782 1.6276677957047587 16
1717933507069 1.6068638798011385 17
1717934076986 1.6179978073291157 18
1717934607755 1.5758075769180837 19
1717935170148 1.6049740644900694 20
1717935723017 1.5966702089037583 21
1717936259729 1.5783600698670615 22
1717936791600 1.5776956795674304 23
1717937337184 1.5746983735133773 24
1717937882374 1.5725562682618266 25
1717938421922 1.5692903632703035 26
1717938970367 1.5648078541068926 27
1717939527082 1.5672482772041922 28
1717940057365 1.530854762248371 29
1717940612627 1.5384383395962093 30
1717941146084 1.5305839049751344 31
1717941698283 1.500290207888769 32
1717942250274 1.4982740229562572 33
1717942771512 1.4821256031484709 34
1717943313542 1.5018597125359203 35
1717943870001 1.4706687235637852 36
1717944403274 1.4411547527365063 37
1717944922539 1.4719475915898448 38
1717945444385 1.4446957406142484 39
1717945989941 1.447934166730746 40
1717946536611 1.4239948928032233 41
1717947067637 1.4112550175708274 42
1717947596332 1.4111690543915913 43
1717948138160 1.3978938636896403 44
1717948668404 1.3812315002407716 45
1717949202958 1.3742935999256114 46
1717949750789 1.3818991103250047 47
1717950267016 1.356099310938431 48
1717950812947 1.3458697143942118 49
1717951360657 1.333839990036643 50
1717951793867 1.3326344089987485 51
1717952345986 1.3187080769111281 52
1717952656355 1.3276107061816298 53
1717952944315 1.3025917089341774 54
1717953231918 1.2881748212258453 55
1717953518210 1.2826440473613532 56
1717953804887 1.2708967174200907 57
1717954091644 1.2580129929372799 58
1717954378418 1.2459737394490968 59
1717954665336 1.2466437884646913 60
1717954951534 1.2265030337578577 61
1717955238078 1.2269419813123734 62
1717955525601 1.2167344785740841 63
1717955812854 1.213882995688397 64
1717956101362 1.2041477128539397 65
1717956390440 1.2027727877316268 66
1717956677658 1.1788432896137238 67
1717956965979 1.181763162755448 68
1717957254265 1.1673116097631662 69
1717957541584 1.1674608134705087 70
1717957828647 1.1535022791637026 71
1717958116408 1.1522914906558783 72
1717958402896 1.1327295534150756 73
1717958689479 1.1253101646738208 74
1717958975836 1.1335020854907192 75
1717959263296 1.118482376732256 76
1717959550248 1.105820000819538 77
1717959835750 1.113615623715779 78
1717960122025 1.0986395412651093 79
1717960410176 1.090323625618349 80
1717960700201 1.0906031251601551 81
1717960990934 1.0850242996669335 82
1717961283037 1.078066039506508 83
1717961576483 1.0793364382470432 84
1717961870003 1.0759633828926345 85
1717962164133 1.063983820621734 86
1717962458260 1.0634408563213504 87
1717962754788 1.0622398291269075 88
1717963051166 1.062004179491297 89
1717963349875 1.0548752875107785 90
1717963646979 1.051608594296419 91
1717963947381 1.0405917663289153 92
1717964246769 1.0387129274237414 93
1717964545487 1.036637417567165 94
1717964843440 1.038748712481364 95
1717965142260 1.031883051214011 96
1717965440006 1.0435421968931737 97
1717965739137 1.0217283867785465 98
1717966038243 1.017934940998321 99
1717966337988 1.0248658355811369 100
1717966635916 1.0147078988020835 101
1717966934825 1.0178860354682673 102
1717967234600 1.0108687199004318 103
1717967535972 1.012564289343098 104
1717967837252 1.016711533960441 105
1717968138451 1.0099358280877704 106
1717968440312 1.005358517250937 107
1717968740202 1.0029358740734018 108
1717969039735 0.9934633749982585 109
1717969338310 1.0057249559980372 110
1717969637434 0.9993440693487292 111
1717969935856 1.0046790279448032 112
1717970235390 0.9939579689956229 113
1717970536508 1.0015040423073198 114
1717970837914 0.9969838164422823 115
1717971137917 0.9950197697819575 116
1717971437165 0.9923910426542811 117
1717971738739 0.9968477639815082 118
1717972040961 0.9989114520342454 119
1717972343680 0.9952933247322622 120
1717972646966 0.9879451014263474 121
1717972949195 0.9906650596986646 122
1717973253312 0.9908666479522767 123
1717973556295 0.9936239760693001 124
1717973860386 0.9901520805838315 125
1717974163547 0.9880705544644076 126
1717974468248 0.9899752970137026 127
1717974771852 0.9916888286724038 128
1717975074810 0.9898643501750801 129
1717975377070 0.9834276668565429 130
1717975682090 0.9819384260993936 131
1717975986921 0.9798820797030044 132
1717976291858 0.9899848962769561 133
1717976596024 0.9810753556211358 134
1717976900464 0.9916872077662012 135
1717977204411 0.9804193158026623 136
1717977510469 0.9832511511833771 137
1717977815300 0.9826020664818909 138
1717978120647 0.9854113337300394 139
1717978424759 0.9786965448571288 140
1717978727455 0.9874351242476184 141
