1716541956997 0.0 0
1716542302651 1.0 1
1716542620315 2.0 2
1716542885741 3.0 3
1716543141732 4.0 4
1716543440433 5.0 5
1716543767046 6.0 6
1716544094755 7.0 7
1716544396975 8.0 8
1716544661954 9.0 9
1716544919582 10.0 10
1716545220007 11.0 11
1716545546187 12.0 12
1716545873185 13.0 13
1716546199283 14.0 14
1716546481007 15.0 15
1716546740970 16.0 16
1716547014030 17.0 17
1716547329206 18.0 18
1716547659551 19.0 19
1716547951154 20.0 20
1716548216567 21.0 21
1716548477966 22.0 22
1716548789906 23.0 23
1716549107520 24.0 24
1716549376548 25.0 25
1716549639195 26.0 26
1716549921888 27.0 27
1716550242034 28.0 28
1716550569047 29.0 29
1716550875785 30.0 30
1716551143227 31.0 31
1716551397951 32.0 32
1716551690251 33.0 33
1716552004719 34.0 34
1716552315599 35.0 35
1716552596488 36.0 36
1716552862198 37.0 37
1716553167998 38.0 38
1716553496724 39.0 39
1716553826192 40.0 40
1716554153836 41.0 41
1716554475678 42.0 42
1716554776029 43.0 43
1716555034050 44.0 44
1716555287553 45.0 45
1716555596453 46.0 46
1716555905669 47.0 47
1716556182764 48.0 48
1716556440581 49.0 49
1716556722263 50.0 50
1716557039782 51.0 51
1716557356177 52.0 52
1716557638212 53.0 53
1716557898147 54.0 54
1716558190055 55.0 55
1716558515856 56.0 56
1716558814411 57.0 57
1716559075953 58.0 58
1716559335860 59.0 59
1716559647183 60.0 60
1716559971489 61.0 61
1716560276575 62.0 62
1716560553859 63.0 63
1716560861669 64.0 64
1716561188060 65.0 65
1716561515650 66.0 66
1716561814344 67.0 67
1716562078797 68.0 68
1716562337982 69.0 69
1716562653035 70.0 70
1716562983934 71.0 71
1716563317818 72.0 72
1716563649688 73.0 73
1716563947616 74.0 74
1716564214687 75.0 75
1716564476384 76.0 76
1716564789556 77.0 77
1716565123304 78.0 78
1716565460416 79.0 79
1716565768526 80.0 80
1716566041628 81.0 81
1716566308004 82.0 82
1716566605250 83.0 83
1716566943480 84.0 84
1716567255446 85.0 85
1716567528559 86.0 86
1716567797223 87.0 87
1716568096129 88.0 88
1716568433948 89.0 89
1716568750662 90.0 90
1716569023054 91.0 91
1716569288477 92.0 92
1716569577853 93.0 93
1716569904608 94.0 94
1716570190110 95.0 95
1716570456447 96.0 96
1716570731459 97.0 97
1716571050275 98.0 98
1716571361284 99.0 99
1716571634907 100.0 100
1716571896124 101.0 101
1716572207846 102.0 102
1716572527542 103.0 103
1716572807193 104.0 104
1716573067785 105.0 105
1716573351054 106.0 106
1716573671447 107.0 107
1716574000734 108.0 108
1716574317632 109.0 109
1716574622387 110.0 110
1716574919536 111.0 111
1716575243560 112.0 112
1716575571796 113.0 113
1716575895997 114.0 114
1716576198007 115.0 115
1716576462413 116.0 116
1716576717641 117.0 117
1716577026701 118.0 118
1716577355766 119.0 119
1716577685707 120.0 120
1716578015098 121.0 121
1716578336142 122.0 122
1716578612573 123.0 123
1716578877523 124.0 124
1716579160809 125.0 125
1716579488545 126.0 126
1716579797523 127.0 127
1716580071776 128.0 128
1716580337493 129.0 129
1716580629796 130.0 130
1716580964153 131.0 131
1716581273086 132.0 132
1716581546266 133.0 133
1716581805820 134.0 134
1716582099794 135.0 135
1716582419007 136.0 136
1716582698169 137.0 137
1716582948965 138.0 138
1716583250140 139.0 139
1716583571500 140.0 140
1716583861648 141.0 141
1716584120107 142.0 142
1716584395022 143.0 143
1716584714784 144.0 144
1716584997942 145.0 145
1716585261066 146.0 146
1716585537433 147.0 147
1716585846753 148.0 148
1716586147156 149.0 149
1716586418974 150.0 150
1716586712135 151.0 151
1716587033616 152.0 152
1716587358639 153.0 153
1716587640651 154.0 154
1716587898204 155.0 155
1716588175994 156.0 156
1716588490471 157.0 157
1716588816601 158.0 158
1716589139063 159.0 159
1716589460906 160.0 160
1716589739214 161.0 161
1716590003242 162.0 162
1716590282063 163.0 163
1716590609639 164.0 164
1716590919287 165.0 165
1716591192115 166.0 166
1716591456061 167.0 167
1716591756542 168.0 168
1716592086409 169.0 169
1716592414603 170.0 170
1716592702327 171.0 171
1716592966040 172.0 172
1716593232721 173.0 173
1716593547770 174.0 174
1716593872097 175.0 175
1716594175147 176.0 176
1716594437106 177.0 177
1716594723318 178.0 178
1716595039747 179.0 179
1716595326129 180.0 180
1716595585486 181.0 181
1716595868575 182.0 182
1716596181373 183.0 183
1716596449292 184.0 184
1716596701445 185.0 185
1716597005244 186.0 186
1716597331176 187.0 187
1716597653261 188.0 188
1716597974583 189.0 189
1716598293626 190.0 190
1716598613736 191.0 191
1716598922303 192.0 192
1716599193786 193.0 193
1716599453972 194.0 194
1716599747772 195.0 195
1716600074990 196.0 196
1716600400555 197.0 197
1716600702506 198.0 198
1716600979234 199.0 199
1716601289605 200.0 200
1716601596239 201.0 201
1716601864168 202.0 202
1716602120897 203.0 203
1716602428015 204.0 204
1716602757967 205.0 205
1716603080287 206.0 206
1716603358422 207.0 207
1716603621832 208.0 208
1716603906045 209.0 209
1716604238988 210.0 210
1716604572217 211.0 211
1716604875920 212.0 212
1716605145439 213.0 213
1716605407296 214.0 214
1716605719718 215.0 215
1716606053770 216.0 216
1716606344690 217.0 217
1716606610087 218.0 218
1716606882761 219.0 219
1716607211352 220.0 220
1716607521948 221.0 221
1716607793061 222.0 222
1716608055169 223.0 223
1716608360190 224.0 224
1716608693885 225.0 225
1716609026382 226.0 226
1716609341276 227.0 227
1716609617171 228.0 228
1716609875721 229.0 229
1716610166718 230.0 230
1716610491789 231.0 231
1716610775069 232.0 232
1716611032993 233.0 233
1716611318738 234.0 234
1716611638380 235.0 235
1716611934607 236.0 236
1716612196632 237.0 237
1716612467000 238.0 238
1716612776585 239.0 239
1716613095541 240.0 240
1716613367317 241.0 241
1716613624803 242.0 242
1716613922948 243.0 243
1716614246172 244.0 244
1716614567457 245.0 245
1716614847696 246.0 246
1716615101170 247.0 247
1716615394440 248.0 248
1716615708604 249.0 249
1716615989090 250.0 250
1716616247239 251.0 251
1716616530047 252.0 252
1716616842091 253.0 253
1716617169289 254.0 254
1716617492438 255.0 255
1716617816520 256.0 256
1716618140292 257.0 257
1716618444006 258.0 258
1716618735449 259.0 259
1716619033722 260.0 260
1716619348728 261.0 261
1716619670748 262.0 262
1716619976974 263.0 263
1716620245881 264.0 264
1716620497105 265.0 265
1716620785251 266.0 266
1716621106591 267.0 267
1716621435095 268.0 268
1716621756273 269.0 269
1716622079159 270.0 270
1716622356795 271.0 271
1716622619813 272.0 272
1716622894246 273.0 273
1716623209414 274.0 274
1716623535407 275.0 275
1716623850592 276.0 276
1716624116689 277.0 277
1716624377733 278.0 278
1716624663883 279.0 279
1716624983992 280.0 280
1716625312027 281.0 281
1716625625831 282.0 282
1716625897101 283.0 283
1716626155986 284.0 284
1716626437226 285.0 285
1716626758723 286.0 286
1716627088378 287.0 287
1716627399943 288.0 288
1716627672055 289.0 289
1716627934036 290.0 290
1716628220501 291.0 291
1716628544012 292.0 292
1716628851296 293.0 293
1716629116173 294.0 294
1716629375202 295.0 295
1716629666802 296.0 296
1716629988440 297.0 297
1716630311514 298.0 298
1716630624849 299.0 299
