1716541956999 7095944.0 0
1716542302653 7095944.0 1
1716542620317 7095944.0 2
1716542885742 7095944.0 3
1716543141734 7095944.0 4
1716543440435 7095944.0 5
1716543767047 7095944.0 6
1716544094757 7095944.0 7
1716544396977 7095944.0 8
1716544661956 7095944.0 9
1716544919583 7095944.0 10
1716545220008 7095944.0 11
1716545546188 7095944.0 12
1716545873186 7095944.0 13
1716546199284 7095944.0 14
1716546481009 7095944.0 15
1716546740972 7095944.0 16
1716547014030 7095944.0 17
1716547329207 7095944.0 18
1716547659552 7095944.0 19
1716547951155 7095944.0 20
1716548216568 7095944.0 21
1716548477967 7095944.0 22
1716548789907 7095944.0 23
1716549107521 7095944.0 24
1716549376549 7095944.0 25
1716549639196 7095944.0 26
1716549921889 7095944.0 27
1716550242035 7095944.0 28
1716550569049 7095944.0 29
1716550875787 7095944.0 30
1716551143229 7095944.0 31
1716551397952 7095944.0 32
1716551690252 7095944.0 33
1716552004720 7095944.0 34
1716552315601 7095944.0 35
1716552596489 7095944.0 36
1716552862199 7095944.0 37
1716553168000 7095944.0 38
1716553496726 7095944.0 39
1716553826194 7095944.0 40
1716554153837 7095944.0 41
1716554475679 7095944.0 42
1716554776030 7095944.0 43
1716555034051 7095944.0 44
1716555287555 7095944.0 45
1716555596454 7095944.0 46
1716555905670 7095944.0 47
1716556182765 7095944.0 48
1716556440583 7095944.0 49
1716556722264 7095944.0 50
1716557039783 7095944.0 51
1716557356179 7095944.0 52
1716557638213 7095944.0 53
1716557898148 7095944.0 54
1716558190057 7095944.0 55
1716558515857 7095944.0 56
1716558814413 7095944.0 57
1716559075955 7095944.0 58
1716559335861 7095944.0 59
1716559647184 7095944.0 60
1716559971491 7095944.0 61
1716560276576 7095944.0 62
1716560553861 7095944.0 63
1716560861670 7095944.0 64
1716561188061 7095944.0 65
1716561515651 7095944.0 66
1716561814346 7095944.0 67
1716562078798 7095944.0 68
1716562337983 7095944.0 69
1716562653035 7095944.0 70
1716562983935 7095944.0 71
1716563317820 7095944.0 72
1716563649689 7095944.0 73
1716563947618 7095944.0 74
1716564214688 7095944.0 75
1716564476385 7095944.0 76
1716564789557 7095944.0 77
1716565123305 7095944.0 78
1716565460418 7095944.0 79
1716565768528 7095944.0 80
1716566041628 7095944.0 81
1716566308005 7095944.0 82
1716566605251 7095944.0 83
1716566943481 7095944.0 84
1716567255447 7095944.0 85
1716567528560 7095944.0 86
1716567797225 7095944.0 87
1716568096130 7095944.0 88
1716568433949 7095944.0 89
1716568750663 7095944.0 90
1716569023055 7095944.0 91
1716569288479 7095944.0 92
1716569577854 7095944.0 93
1716569904609 7095944.0 94
1716570190111 7095944.0 95
1716570456448 7095944.0 96
1716570731460 7095944.0 97
1716571050276 7095944.0 98
1716571361285 7095944.0 99
1716571634908 7095944.0 100
1716571896125 7095944.0 101
1716572207846 7095944.0 102
1716572527543 7095944.0 103
1716572807193 7095944.0 104
1716573067786 7095944.0 105
1716573351055 7095944.0 106
1716573671448 7095944.0 107
1716574000735 7095944.0 108
1716574317634 7095944.0 109
1716574622389 7095944.0 110
1716574919536 7095944.0 111
1716575243562 7095944.0 112
1716575571797 7095944.0 113
1716575895999 7095944.0 114
1716576198008 7095944.0 115
1716576462415 7095944.0 116
1716576717642 7095944.0 117
1716577026702 7095944.0 118
1716577355767 7095944.0 119
1716577685708 7095944.0 120
1716578015100 7095944.0 121
1716578336142 7095944.0 122
1716578612575 7095944.0 123
1716578877523 7095944.0 124
1716579160811 7095944.0 125
1716579488546 7095944.0 126
1716579797525 7095944.0 127
1716580071776 7095944.0 128
1716580337494 7095944.0 129
1716580629797 7095944.0 130
1716580964153 7095944.0 131
1716581273087 7095944.0 132
1716581546267 7095944.0 133
1716581805821 7095944.0 134
1716582099795 7095944.0 135
1716582419008 7095944.0 136
1716582698170 7095944.0 137
1716582948966 7095944.0 138
1716583250141 7095944.0 139
1716583571502 7095944.0 140
1716583861650 7095944.0 141
1716584120108 7095944.0 142
1716584395024 7095944.0 143
1716584714785 7095944.0 144
1716584997943 7095944.0 145
1716585261068 7095944.0 146
1716585537434 7095944.0 147
1716585846754 7095944.0 148
1716586147157 7095944.0 149
1716586418975 7095944.0 150
1716586712136 7095944.0 151
1716587033617 7095944.0 152
1716587358641 7095944.0 153
1716587640653 7095944.0 154
1716587898205 7095944.0 155
1716588175995 7095944.0 156
1716588490472 7095944.0 157
1716588816602 7095944.0 158
1716589139064 7095944.0 159
1716589460909 7095944.0 160
1716589739215 7095944.0 161
1716590003243 7095944.0 162
1716590282064 7095944.0 163
1716590609641 7095944.0 164
1716590919288 7095944.0 165
1716591192117 7095944.0 166
1716591456062 7095944.0 167
1716591756543 7095944.0 168
1716592086411 7095944.0 169
1716592414604 7095944.0 170
1716592702328 7095944.0 171
1716592966041 7095944.0 172
1716593232722 7095944.0 173
1716593547771 7095944.0 174
1716593872098 7095944.0 175
1716594175148 7095944.0 176
1716594437108 7095944.0 177
1716594723320 7095944.0 178
1716595039748 7095944.0 179
1716595326130 7095944.0 180
1716595585487 7095944.0 181
1716595868576 7095944.0 182
1716596181374 7095944.0 183
1716596449293 7095944.0 184
1716596701446 7095944.0 185
1716597005245 7095944.0 186
1716597331177 7095944.0 187
1716597653262 7095944.0 188
1716597974585 7095944.0 189
1716598293627 7095944.0 190
1716598613737 7095944.0 191
1716598922305 7095944.0 192
1716599193787 7095944.0 193
1716599453973 7095944.0 194
1716599747773 7095944.0 195
1716600074991 7095944.0 196
1716600400556 7095944.0 197
1716600702507 7095944.0 198
1716600979235 7095944.0 199
1716601289606 7095944.0 200
1716601596241 7095944.0 201
1716601864169 7095944.0 202
1716602120898 7095944.0 203
1716602428016 7095944.0 204
1716602757968 7095944.0 205
1716603080290 7095944.0 206
1716603358423 7095944.0 207
1716603621833 7095944.0 208
1716603906046 7095944.0 209
1716604238989 7095944.0 210
1716604572218 7095944.0 211
1716604875921 7095944.0 212
1716605145440 7095944.0 213
1716605407297 7095944.0 214
1716605719719 7095944.0 215
1716606053772 7095944.0 216
1716606344692 7095944.0 217
1716606610088 7095944.0 218
1716606882762 7095944.0 219
1716607211353 7095944.0 220
1716607521949 7095944.0 221
1716607793063 7095944.0 222
1716608055170 7095944.0 223
1716608360192 7095944.0 224
1716608693886 7095944.0 225
1716609026383 7095944.0 226
1716609341277 7095944.0 227
1716609617171 7095944.0 228
1716609875722 7095944.0 229
1716610166719 7095944.0 230
1716610491790 7095944.0 231
1716610775071 7095944.0 232
1716611032994 7095944.0 233
1716611318739 7095944.0 234
1716611638381 7095944.0 235
1716611934609 7095944.0 236
1716612196634 7095944.0 237
1716612467001 7095944.0 238
1716612776586 7095944.0 239
1716613095542 7095944.0 240
1716613367318 7095944.0 241
1716613624805 7095944.0 242
1716613922950 7095944.0 243
1716614246174 7095944.0 244
1716614567459 7095944.0 245
1716614847697 7095944.0 246
1716615101171 7095944.0 247
1716615394441 7095944.0 248
1716615708605 7095944.0 249
1716615989091 7095944.0 250
1716616247240 7095944.0 251
1716616530048 7095944.0 252
1716616842093 7095944.0 253
1716617169290 7095944.0 254
1716617492439 7095944.0 255
1716617816521 7095944.0 256
1716618140292 7095944.0 257
1716618444007 7095944.0 258
1716618735450 7095944.0 259
1716619033724 7095944.0 260
1716619348729 7095944.0 261
1716619670750 7095944.0 262
1716619976976 7095944.0 263
1716620245882 7095944.0 264
1716620497107 7095944.0 265
1716620785252 7095944.0 266
1716621106592 7095944.0 267
1716621435096 7095944.0 268
1716621756274 7095944.0 269
1716622079159 7095944.0 270
1716622356796 7095944.0 271
1716622619814 7095944.0 272
1716622894247 7095944.0 273
1716623209415 7095944.0 274
1716623535408 7095944.0 275
1716623850593 7095944.0 276
1716624116690 7095944.0 277
1716624377734 7095944.0 278
1716624663884 7095944.0 279
1716624983993 7095944.0 280
1716625312028 7095944.0 281
1716625625832 7095944.0 282
1716625897102 7095944.0 283
1716626155987 7095944.0 284
1716626437228 7095944.0 285
1716626758724 7095944.0 286
1716627088380 7095944.0 287
1716627399945 7095944.0 288
1716627672056 7095944.0 289
1716627934037 7095944.0 290
1716628220502 7095944.0 291
1716628544013 7095944.0 292
1716628851296 7095944.0 293
1716629116175 7095944.0 294
1716629375204 7095944.0 295
1716629666803 7095944.0 296
1716629988441 7095944.0 297
1716630311516 7095944.0 298
1716630624850 7095944.0 299
