1716541956983 1.0000000000000025e-05 0
1716542302639 1.0000000000000025e-05 1
1716542620303 8.003124999999968e-06 2
1716542885728 6.0062500000000604e-06 3
1716543141719 4.009374999999988e-06 4
1716543440422 2.0124999999999833e-06 5
1716543767031 2.2466619467402448e-08 6
1716544094742 2.5475941674487975e-08 7
1716544396964 2.903163323102732e-08 8
1716544661948 3.3133304215366015e-08 9
1716544919578 3.778050483306144e-08 10
1716545220002 4.297272546619879e-08 11
1716545546182 4.870939672927125e-08 12
1716545873179 5.49898895316292e-08 13
1716546199277 6.181351514646609e-08 14
1716546480996 6.917952528633214e-08 15
1716546740960 7.708711218521171e-08 16
1716547014024 8.553540868708854e-08 17
1716547329200 9.452348834105113e-08 18
1716547659544 1.0405036550287583e-07 19
1716547951147 1.1411499544312158e-07 20
1716548216554 1.2471627446170628e-07 21
1716548477957 1.358530400089085e-07 22
1716548789900 1.475240708128939e-07 23
1716549107515 1.5972808701361503e-07 24
1716549376541 1.724637503031639e-07 25
1716549639188 1.8572966407254309e-07 26
1716549921881 1.9952437356481683e-07 27
1716550242028 2.1384636603463626e-07 28
1716550569033 2.286940709141318e-07 29
1716550875771 2.4406585998515125e-07 30
1716551143220 2.599600475577902e-07 31
1716551397944 2.7637489065527124e-07 32
1716551690245 2.933085892050718e-07 33
1716552004712 3.1075928623633015e-07 34
1716552315586 3.287250680834453e-07 35
1716552596483 3.47203964596002e-07 36
1716552862194 3.6619394935474757e-07 37
1716553167985 3.856929398938512e-07 38
1716553496712 4.056987979292807e-07 39
1716553826182 4.262093295932499e-07 40
1716554153829 4.4722228567482944e-07 41
1716554475671 4.687353618665841e-07 42
1716554776021 4.907461990172981e-07 43
1716555034040 5.132523833906086e-07 44
1716555287546 5.362514469298027e-07 45
1716555596447 5.59740867528378e-07 46
1716555905661 5.837180693066703e-07 47
1716556182754 6.081804228942952e-07 48
1716556440567 6.331252457185211e-07 49
1716556722256 6.585498022984265e-07 50
1716557039776 6.844513045448764e-07 51
1716557356165 7.108269120662543e-07 52
1716557638205 7.376737324799665e-07 53
1716557898143 7.649888217296421e-07 54
1716558190048 7.927691844079053e-07 55
1716558515842 8.210117740849533e-07 56
1716558814399 8.497134936425584e-07 57
1716559075946 8.788711956137128e-07 58
1716559335854 9.084816825278342e-07 59
1716559647178 9.385417072613598e-07 60
1716559971478 9.690479733938212e-07 61
1716560276569 9.999971355693637e-07 62
1716560553853 1.031385799863593e-06 63
1716560861665 1.0632105241557284e-06 64
1716561188053 1.0954678185061582e-06 65
1716561515644 1.1281541455390317e-06 66
1716561814331 1.1612659208302357e-06 67
1716562078791 1.194799513300497e-06 68
1716562337975 1.228751245613497e-06 69
1716562653030 1.2631173945791842e-06 70
1716562983923 1.297894191562077e-06 71
1716563317806 1.3330778228944585e-06 72
1716563649682 1.3686644302946676e-06 73
1716563947604 1.404650111290203e-06 74
1716564214683 1.441030919645612e-06 75
1716564476379 1.4778028657952769e-06 76
1716564789550 1.5149619172809396e-06 77
1716565123297 1.5525039991938312e-06 78
1716565460408 1.5904249946216246e-06 79
1716565768516 1.6287207450998334e-06 80
1716566041622 1.667387051067888e-06 81
1716566307998 1.7064196723295887e-06 82
1716566605244 1.745814328518149e-06 83
1716566943475 1.7855666995655862e-06 84
1716567255441 1.8256724261764752e-06 85
1716567528549 1.8661271103058944e-06 86
1716567797211 1.90692631564189e-06 87
1716568096123 1.948065568091773e-06 88
1716568433941 1.989540356272978e-06 89
1716568750656 2.0313461320075974e-06 90
1716569023049 2.0734783108211794e-06 91
1716569288465 2.1159322724455386e-06 92
1716569577846 2.1587033613253864e-06 93
1716569904603 2.2017868871288e-06 94
1716570190104 2.24517812526173e-06 95
1716570456441 2.288872317385913e-06 96
1716570731454 2.3328646719407834e-06 97
1716571050264 2.37715036466895e-06 98
1716571361278 2.4217245391450847e-06 99
1716571634900 2.4665823073087004e-06 100
1716571896117 2.5117187500000123e-06 101
1716572207839 2.557128917499428e-06 102
1716572527535 2.602807830070321e-06 103
1716572807188 2.648750478505253e-06 104
1716573067779 2.694951824675084e-06 105
1716573351043 2.7414068020814956e-06 106
1716573671442 2.7881103164127636e-06 107
1716574000728 2.8350572461022258e-06 108
1716574317618 2.882242442890016e-06 109
1716574622374 2.9296607323875374e-06 110
1716574919531 2.9773069146450246e-06 111
1716575243547 3.0251757647216806e-06 112
1716575571790 3.07326203325864e-06 113
1716575895987 3.1215604470546773e-06 114
1716576198001 3.1700657096444514e-06 115
1716576462399 3.2187725018793173e-06 116
1716576717635 3.2676754825105994e-06 117
1716577026693 3.316769288775446e-06 118
1716577355760 3.366048536984718e-06 119
1716577685701 3.415507823113528e-06 120
1716578015086 3.4651417233938258e-06 121
1716578336135 3.514944794909071e-06 122
1716578612566 3.564911576191242e-06 123
1716578877517 3.6150365878197936e-06 124
1716579160795 3.6653143330222084e-06 125
1716579488538 3.7157392982772397e-06 126
1716579797516 3.7663059539192003e-06 127
1716580071769 3.817008754744453e-06 128
1716580337488 3.867842140619456e-06 129
1716580629787 3.918800537090712e-06 130
1716580964146 3.9698783559957264e-06 131
1716581273077 4.021069996076094e-06 132
1716581546261 4.072369843591596e-06 133
1716581805813 4.123772272935842e-06 134
1716582099789 4.1752716472532246e-06 135
1716582419000 4.226862319056994e-06 136
1716582698160 4.278538630848607e-06 137
1716582948958 4.330294915738136e-06 138
1716583250134 4.382125498065707e-06 139
1716583571490 4.434024694023928e-06 140
1716583861636 4.485986812281013e-06 141
1716584120101 4.5380061546052005e-06 142
1716584395016 4.590077016489436e-06 143
1716584714777 4.642193687776927e-06 144
1716584997936 4.6943504532872365e-06 145
1716585261059 4.746541593443408e-06 146
1716585537427 4.798761384898779e-06 147
1716585846746 4.851004101164663e-06 148
1716586147149 4.903264013238522e-06 149
1716586418968 4.955535390232201e-06 150
1716586712128 5.0078125000000175e-06 151
1716587033611 5.060089609767829e-06 152
1716587358625 5.1123609867614116e-06 153
1716587640638 5.164620898835367e-06 154
1716587898197 5.216863615101251e-06 155
1716588175986 5.269083406556597e-06 156
1716588490467 5.321274546712768e-06 157
1716588816592 5.373431312223071e-06 158
1716589139053 5.4255479835104924e-06 159
1716589460895 5.4776188453947355e-06 160
1716589739205 5.529638187719017e-06 161
1716590003233 5.5816003059760985e-06 162
1716590282051 5.633499501934289e-06 163
1716590609626 5.685330084261873e-06 164
1716590919276 5.737086369151428e-06 165
1716591192103 5.788762680943013e-06 166
1716591456055 5.8403533527468105e-06 167
1716591756537 5.891852727064171e-06 168
1716592086393 5.943255156408415e-06 169
1716592414596 5.994555003923943e-06 170
1716592702321 6.045746644004279e-06 171
1716592966034 6.096824462909294e-06 172
1716593232716 6.147782859380545e-06 173
1716593547765 6.1986162452555725e-06 174
1716593872092 6.249319046080799e-06 175
1716594175142 6.299885701722735e-06 176
1716594437094 6.350310666977803e-06 177
1716594723306 6.400588412180238e-06 178
1716595039742 6.450713423808739e-06 179
1716595326124 6.5006802050909895e-06 180
1716595585480 6.550483276606198e-06 181
1716595868570 6.600117176886485e-06 182
1716596181367 6.64957646301527e-06 183
1716596449286 6.6988557112245335e-06 184
1716596701437 6.747949517489424e-06 185
1716597005239 6.796852498120632e-06 186
1716597331170 6.845559290355497e-06 187
1716597653255 6.894064552945354e-06 188
1716597974569 6.942362966741375e-06 189
1716598293620 6.990449235278315e-06 190
1716598613731 7.038318085354949e-06 191
1716598922289 7.0859642676124045e-06 192
1716599193778 7.133382557110002e-06 193
1716599453966 7.180567753897735e-06 194
1716599747767 7.227514683587256e-06 195
1716600074985 7.274218197918479e-06 196
1716600400550 7.320673175324879e-06 197
1716600702501 7.366874521494696e-06 198
1716600979228 7.412817169929704e-06 199
1716601289599 7.458496082500599e-06 200
1716601596224 7.5039062499999575e-06 201
1716601864161 7.549042692691319e-06 202
1716602120891 7.593900460854934e-06 203
1716602428009 7.638474635331067e-06 204
1716602757952 7.682760328059246e-06 205
1716603080270 7.726752682614122e-06 206
1716603358417 7.770446874738289e-06 207
1716603621825 7.813838112871237e-06 208
1716603906038 7.856921638674645e-06 209
1716604238982 7.899692727554476e-06 210
1716604572211 7.942146689178854e-06 211
1716604875909 7.984278867992436e-06 212
1716605145431 8.026084643726987e-06 213
1716605407291 8.067559431908271e-06 214
1716605719709 8.108698684358066e-06 215
1716606053758 8.14949788969414e-06 216
1716606344677 8.18995257382356e-06 217
1716606610082 8.23005830043446e-06 218
1716606882756 8.269810671481787e-06 219
1716607211347 8.309205327670413e-06 220
1716607521943 8.348237948932165e-06 221
1716607793053 8.386904254900119e-06 222
1716608055162 8.425200005378409e-06 223
1716608360177 8.463121000806248e-06 224
1716608693878 8.500663082719098e-06 225
1716609026374 8.537822134204757e-06 226
1716609341269 8.574594080354364e-06 227
1716609617164 8.610974888709757e-06 228
1716609875715 8.646960569705247e-06 229
1716610166712 8.682547177105576e-06 230
1716610491776 8.717730808437867e-06 231
1716610775057 8.752507605420794e-06 232
1716611032988 8.786873754386452e-06 233
1716611318733 8.820825486699492e-06 234
1716611638373 8.854359079169712e-06 235
1716611934593 8.887470854460946e-06 236
1716612196620 8.920157181493875e-06 237
1716612466994 8.952414475844274e-06 238
1716612776578 8.984239200136367e-06 239
1716613095537 9.015627864430702e-06 240
1716613367312 9.046577026606158e-06 241
1716613624793 9.077083292738696e-06 242
1716613922937 9.10714331747211e-06 243
1716614246158 9.136753804386367e-06 244
1716614567444 9.16591150635749e-06 245
1716614847691 9.194613225915053e-06 246
1716615101164 9.222855815592133e-06 247
1716615394434 9.250636178270362e-06 248
1716615708599 9.277951267519977e-06 249
1716615989081 9.304798087933755e-06 250
1716616247234 9.331173695455157e-06 251
1716616530042 9.357075197701568e-06 252
1716616842079 9.382499754281438e-06 253
1716617169282 9.407444577105623e-06 254
1716617492427 9.43190693069327e-06 255
1716617816513 9.455884132471569e-06 256
1716618140287 9.479373553070165e-06 257
1716618443998 9.50237261660933e-06 258
1716618735444 9.52487880098275e-06 259
1716619033706 9.54688963813348e-06 260
1716619348721 9.56840271432516e-06 261
1716619670736 9.589415670406804e-06 262
1716619976964 9.609926202070693e-06 263
1716620245874 9.629932060106213e-06 264
1716620497095 9.649431050645288e-06 265
1716620785242 9.668421035404025e-06 266
1716621106584 9.686899931916493e-06 267
1716621435089 9.704865713763736e-06 268
1716621756265 9.722316410794905e-06 269
1716622079153 9.73925010934465e-06 270
1716622356783 9.755664952442242e-06 271
1716622619806 9.771559140014781e-06 272
1716622894240 9.786930929085893e-06 273
1716623209407 9.801778633965312e-06 274
1716623535403 9.816100626435213e-06 275
1716623850587 9.829895335927526e-06 276
1716624116684 9.84316124969691e-06 277
1716624377727 9.855896912986293e-06 278
1716624663878 9.868100929187028e-06 279
1716624983985 9.879771959991115e-06 280
1716625312022 9.890908725538235e-06 281
1716625625820 9.901510004556904e-06 282
1716625897089 9.911574634497137e-06 283
1716626155979 9.92110151165889e-06 284
1716626437213 9.930089591312996e-06 285
1716626758717 9.938537887814742e-06 286
1716627088369 9.946445474713713e-06 287
1716627399931 9.953811484853636e-06 288
1716627672050 9.960635110468385e-06 289
1716627934030 9.966915603270772e-06 290
1716628220496 9.972652274533857e-06 291
1716628544007 9.97784449516693e-06 292
1716628851289 9.982491695784713e-06 293
1716629116163 9.986593366768942e-06 294
1716629375196 9.99014905832557e-06 295
1716629666793 9.993158380532546e-06 296
1716629988435 9.995621003384182e-06 297
1716630311502 9.99753665682573e-06 298
1716630624842 9.998905130784657e-06 299
