1716541956986 1.4746586709566738 0
1716542302643 1.3962017459713894 1
1716542620307 1.3629808319003687 2
1716542885733 1.3410742859477582 3
1716543141724 1.3248721131164094 4
1716543440426 1.319190772007341 5
1716543767037 1.3137706372400988 6
1716544094747 1.3155586427968482 7
1716544396968 1.3168796061173729 8
1716544661950 1.3106327925039374 9
1716544919579 1.3165578297946765 10
1716545220004 1.3155596690333409 11
1716545546184 1.314368247014025 12
1716545873181 1.3158216087714485 13
1716546199278 1.3123082910542903 14
1716546481000 1.3128404364637707 15
1716546740963 1.3114399122803106 16
1716547014026 1.3155328475910684 17
1716547329202 1.310473532780357 18
1716547659546 1.3115645028326823 19
1716547951149 1.3130718991160393 20
1716548216559 1.309222463356412 21
1716548477960 1.3076232159915178 22
1716548789902 1.3075642109565113 23
1716549107517 1.3098173326124316 24
1716549376543 1.3096687826125517 25
1716549639190 1.309605257342691 26
1716549921884 1.3055899088149485 27
1716550242030 1.3077349996437198 28
1716550569038 1.305226355791092 29
1716550875776 1.3065288439393044 30
1716551143222 1.3047946108424144 31
1716551397946 1.3057173616860225 32
1716551690247 1.3031114602218503 33
1716552004715 1.3035490324963694 34
1716552315591 1.3054031175763712 35
1716552596485 1.302377174405948 36
1716552862195 1.3032314187806586 37
1716553167989 1.301963484481625 38
1716553496717 1.3018441501518954 39
1716553826186 1.2953295808123506 40
1716554153832 1.296452913919221 41
1716554475673 1.296315403736156 42
1716554776024 1.2973880213887796 43
1716555034043 1.295306164285411 44
1716555287549 1.2974358557359031 45
1716555596448 1.2941526313838752 46
1716555905663 1.29346404257028 47
1716556182757 1.291649627296821 48
1716556440571 1.2900768016343531 49
1716556722258 1.2886875488835832 50
1716557039779 1.2908531906812086 51
1716557356169 1.286334217566511 52
1716557638207 1.287092176468476 53
1716557898145 1.2815556743222734 54
1716558190050 1.282407046660133 55
1716558515848 1.2822564862992452 56
1716558814404 1.28038357457389 57
1716559075949 1.279626078903675 58
1716559335856 1.2807532270317492 59
1716559647179 1.2752912527193194 60
1716559971482 1.2766549619643583 61
1716560276571 1.270507832908112 62
1716560553855 1.270914496610994 63
1716560861666 1.2694700674518296 64
1716561188056 1.269590117685173 65
1716561515646 1.2653915059307348 66
1716561814336 1.2666253155988196 67
1716562078793 1.2642090618610382 68
1716562337978 1.2618010138040003 69
1716562653031 1.2626807287983273 70
1716562983927 1.2587970119455587 71
1716563317811 1.2602597151113593 72
1716563649684 1.2590760468788769 73
1716563947609 1.2574554380515348 74
1716564214684 1.256076851616735 75
1716564476381 1.2572581839302313 76
1716564789552 1.252991071537785 77
1716565123299 1.249255468663962 78
1716565460411 1.2486796971896421 79
1716565768519 1.2428234342647635 80
1716566041624 1.2465067256404005 81
1716566308001 1.2433013598556104 82
1716566605246 1.2406636625528336 83
1716566943477 1.2393918215580608 84
1716567255443 1.2410485540395197 85
1716567528552 1.2396533602605695 86
1716567797216 1.2371782605414805 87
1716568096124 1.2316055210388226 88
1716568433944 1.2314186403932779 89
1716568750658 1.2333131001695343 90
1716569023051 1.2297560572624207 91
1716569288470 1.2296321055163508 92
1716569577848 1.2271712921235873 93
1716569904604 1.2254821638698163 94
1716570190106 1.2260329328153445 95
1716570456443 1.2213275257659995 96
1716570731456 1.2200621434527894 97
1716571050269 1.2210206279288167 98
1716571361280 1.216607414509939 99
1716571634902 1.214160718023777 100
1716571896119 1.2159048292947852 101
1716572207841 1.2138697560066762 102
1716572527538 1.2133801287930945 103
1716572807190 1.210432161455569 104
1716573067782 1.2099853614750116 105
1716573351047 1.206639440163322 106
1716573671444 1.2049331736305486 107
1716574000730 1.2053979667632475 108
1716574317623 1.2034533150170161 109
1716574622379 1.2026841990325763 110
1716574919532 1.1976005930615508 111
1716575243550 1.197256473419459 112
1716575571792 1.198319111181342 113
1716575895990 1.19792865411095 114
1716576198003 1.1946400374821995 115
1716576462404 1.194579956000266 116
1716576717637 1.1935847346549449 117
1716577026696 1.1924704494683638 118
1716577355763 1.192209266450094 119
1716577685703 1.18717923404082 120
1716578015091 1.1870522667532382 121
1716578336137 1.1850997957846392 122
1716578612569 1.1856636654423631 123
1716578877519 1.184645075512969 124
1716579160800 1.1824979921397956 125
1716579488540 1.1792076207373454 126
1716579797518 1.177647577031799 127
1716580071771 1.1776371711622113 128
1716580337490 1.1783218309283257 129
1716580629790 1.1743427583056947 130
1716580964149 1.175185306240683 131
1716581273080 1.174847356327202 132
1716581546263 1.1712058802013812 133
1716581805815 1.1723089344475581 134
1716582099790 1.1717743954580764 135
1716582419002 1.1698890872623608 136
1716582698163 1.1670661850467972 137
1716582948961 1.1664297250301943 138
1716583250136 1.1650986775108005 139
1716583571494 1.1654169494691102 140
1716583861640 1.1619947215785151 141
1716584120102 1.1619127473753432 142
1716584395018 1.1624347554600758 143
1716584714779 1.158646708921246 144
1716584997938 1.1620954109922699 145
1716585261062 1.161003961187342 146
1716585537429 1.1564803256288818 147
1716585846748 1.158104333864606 148
1716586147151 1.1556239863452704 149
1716586418970 1.156645168752774 150
1716586712130 1.1545887800014538 151
1716587033613 1.1568601941284926 152
1716587358630 1.1524770470417065 153
1716587640643 1.1520005555256554 154
1716587898199 1.1526771514959957 155
1716588175988 1.148807673998501 156
1716588490468 1.1507007291783458 157
1716588816595 1.1461558264234792 158
1716589139056 1.1483100409740987 159
1716589460899 1.14466905982598 160
1716589739208 1.144452078834824 161
1716590003237 1.1492949021251306 162
1716590282055 1.1468417113241942 163
1716590609631 1.143580472663693 164
1716590919279 1.1448482268530389 165
1716591192108 1.1422870301682015 166
1716591456057 1.1409509460563245 167
1716591756538 1.1389293554036513 168
1716592086399 1.1405428068145462 169
1716592414598 1.1408200992838196 170
1716592702322 1.136993147108866 171
1716592966036 1.138460316411827 172
1716593232718 1.1354423181518265 173
1716593547766 1.1369879968140437 174
1716593872093 1.1344560284329497 175
1716594175144 1.1338841523165288 176
1716594437098 1.1360438368890597 177
1716594723309 1.1338164829041646 178
1716595039744 1.13025540696538 179
1716595326126 1.1295476523430452 180
1716595585482 1.1338744008022805 181
1716595868572 1.1305488409555478 182
1716596181369 1.131408686871114 183
1716596449288 1.1297293567787046 184
1716596701439 1.127889655854391 185
1716597005241 1.133436298240786 186
1716597331172 1.1298865905922393 187
1716597653256 1.126645068111627 188
1716597974574 1.1267389059066772 189
1716598293622 1.1283565027558284 190
1716598613732 1.1358269316994625 191
1716598922294 1.1325666386148203 192
1716599193781 1.1251942758326945 193
1716599453968 1.1234771955920302 194
1716599747769 1.1231813858384672 195
1716600074987 1.1267485741687857 196
1716600400552 1.122226083084293 197
1716600702503 1.1250254537748254 198
1716600979230 1.1234370288641558 199
1716601289601 1.121495556248271 200
1716601596229 1.1217876698659814 201
1716601864163 1.1282578045907228 202
1716602120893 1.1227915536450304 203
1716602428012 1.118401400744915 204
1716602757957 1.1193539059680442 205
1716603080275 1.1257400969448297 206
1716603358418 1.11963120556396 207
1716603621827 1.1245377944863362 208
1716603906040 1.1151843113095865 209
1716604238985 1.11809877856918 210
1716604572213 1.1165540775527125 211
1716604875913 1.1159691431600114 212
1716605145434 1.1165210005381834 213
1716605407293 1.1185900484738143 214
1716605719712 1.1143606191743975 215
1716606053762 1.115316326527492 216
1716606344681 1.114268746388995 217
1716606610083 1.1331418292677922 218
1716606882757 1.1220108678807383 219
1716607211349 1.1140934650016867 220
1716607521945 1.1119389252170273 221
1716607793056 1.1126681660180506 222
1716608055164 1.110682557782401 223
1716608360182 1.1115165216767269 224
1716608693880 1.1115306518647983 225
1716609026377 1.1091037690639496 226
1716609341271 1.10906342935303 227
1716609617167 1.1096310861732648 228
1716609875717 1.1146415378088537 229
1716610166713 1.112380674675755 230
1716610491781 1.109532456683076 231
1716610775062 1.1131328114348908 232
1716611032989 1.1099175587296486 233
1716611318735 1.1091944189823193 234
1716611638375 1.1076738772832828 235
1716611934600 1.1083997109014054 236
1716612196625 1.1076566576957703 237
1716612466997 1.1070578004355016 238
1716612776581 1.1058170345166456 239
1716613095538 1.1095483325745747 240
1716613367314 1.118410464214242 241
1716613624797 1.1052222533718399 242
1716613922941 1.1053913582278334 243
1716614246162 1.1046009254844293 244
1716614567448 1.105905510161234 245
1716614847692 1.1050469742520996 246
1716615101166 1.10756474668565 247
1716615394436 1.106700243509334 248
1716615708601 1.105043686926365 249
1716615989084 1.1080924198031425 250
1716616247236 1.1052293570145317 251
1716616530044 1.1030433582870856 252
1716616842084 1.1024544345943823 253
1716617169284 1.1042905968168508 254
1716617492430 1.1099434323284938 255
1716617816515 1.1021061306414397 256
1716618140288 1.1022627998305403 257
1716618444001 1.1010746567145637 258
1716618735445 1.1029032151336255 259
1716619033713 1.0977941359514776 260
1716619348723 1.0996212881544363 261
1716619670740 1.1081309853040653 262
1716619976967 1.101196073319601 263
1716620245876 1.105700031246828 264
1716620497098 1.1045287899349048 265
1716620785245 1.097359534514987 266
1716621106586 1.097029316684474 267
1716621435091 1.101376894051614 268
1716621756268 1.0996858532661977 269
1716622079155 1.1002933046092158 270
1716622356787 1.0979228683787843 271
1716622619808 1.0985653167185576 272
1716622894242 1.106668020396129 273
1716623209409 1.1139166896109995 274
1716623535404 1.1060266342499983 275
1716623850588 1.0978870236355325 276
1716624116686 1.0960206865616466 277
1716624377729 1.0938295070891795 278
1716624663879 1.0928897857666016 279
1716624983987 1.095888488318609 280
1716625312024 1.0953398444082425 281
1716625625824 1.0993351388884627 282
1716625897093 1.097753744410432 283
1716626155982 1.0973125553649405 284
1716626437218 1.095259904537512 285
1716626758719 1.0932691324016321 286
1716627088372 1.0936718515079955 287
1716627399935 1.0951537765238597 288
1716627672052 1.0940121538613155 289
1716627934032 1.0967454806618069 290
1716628220498 1.0974707347543344 291
1716628544009 1.0914221859496573 292
1716628851291 1.094040315112342 293
1716629116166 1.0925621179782825 294
1716629375198 1.0907403036304142 295
1716629666796 1.0947956342412077 296
1716629988437 1.096875997989074 297
1716630311507 1.0937484208008517 298
1716630624844 1.0928788385961368 299
