1715387840453 0.0 0
1715388006052 1.0 1
1715388174176 2.0 2
1715388351648 3.0 3
1715388526758 4.0 4
1715388698679 5.0 5
1715388861004 6.0 6
1715389034135 7.0 7
1715389197242 8.0 8
1715389367883 9.0 9
1715389539576 10.0 10
1715389712755 11.0 11
1715389875666 12.0 12
1715390041151 13.0 13
1715390204412 14.0 14
1715390375709 15.0 15
1715390547172 16.0 16
1715390706144 17.0 17
1715390868640 18.0 18
1715391031766 19.0 19
1715391201981 20.0 20
1715391373033 21.0 21
1715391544778 22.0 22
1715391703976 23.0 23
1715391873364 24.0 24
1715392039324 25.0 25
1715392209512 26.0 26
1715392379341 27.0 27
1715392548828 28.0 28
1715392709614 29.0 29
1715392871557 30.0 30
1715393033190 31.0 31
1715393205464 32.0 32
1715393377103 33.0 33
1715393536998 34.0 34
1715393701402 35.0 35
1715393871601 36.0 36
1715394040112 37.0 37
1715394212739 38.0 38
1715394385874 39.0 39
1715394557563 40.0 40
1715394719738 41.0 41
1715394882572 42.0 42
1715395056169 43.0 43
1715395233262 44.0 44
1715395397178 45.0 45
1715395560004 46.0 46
1715395727711 47.0 47
1715395902547 48.0 48
1715396079243 49.0 49
1715396254101 50.0 50
1715396413676 51.0 51
1715396580822 52.0 52
1715396753687 53.0 53
1715396927064 54.0 54
1715397101479 55.0 55
1715397269294 56.0 56
1715397436166 57.0 57
1715397598609 58.0 58
1715397771087 59.0 59
1715397944027 60.0 60
1715398117989 61.0 61
1715398278370 62.0 62
1715398441096 63.0 63
1715398602985 64.0 64
1715398777800 65.0 65
1715398951335 66.0 66
1715399119596 67.0 67
1715399284128 68.0 68
1715399456707 69.0 69
1715399615858 70.0 70
1715399789439 71.0 71
1715399963248 72.0 72
1715400133855 73.0 73
1715400294418 74.0 74
1715400463011 75.0 75
1715400636222 76.0 76
1715400809546 77.0 77
1715400977336 78.0 78
1715401141199 79.0 79
1715401307088 80.0 80
1715401477798 81.0 81
1715401650662 82.0 82
1715401824108 83.0 83
1715401985242 84.0 84
1715402156992 85.0 85
1715402323767 86.0 86
1715402493753 87.0 87
1715402665265 88.0 88
1715402837482 89.0 89
1715403002025 90.0 90
1715403164937 91.0 91
1715403329468 92.0 92
1715403500722 93.0 93
1715403671284 94.0 94
1715403832638 95.0 95
1715403997456 96.0 96
1715404163736 97.0 97
1715404332986 98.0 98
1715404503346 99.0 99
1715404674183 100.0 100
1715404832946 101.0 101
1715405002233 102.0 102
1715405160838 103.0 103
1715405330525 104.0 104
1715405499974 105.0 105
1715405670021 106.0 106
1715405828614 107.0 107
1715405990177 108.0 108
1715406147630 109.0 109
1715406318940 110.0 110
1715406488748 111.0 111
1715406651813 112.0 112
1715406809083 113.0 113
1715406974709 114.0 114
1715407141804 115.0 115
1715407310602 116.0 116
1715407480705 117.0 117
1715407638589 118.0 118
1715407806679 119.0 119
1715407964137 120.0 120
1715408131219 121.0 121
1715408299187 122.0 122
1715408469870 123.0 123
1715408629174 124.0 124
1715408788835 125.0 125
1715408949016 126.0 126
1715409120089 127.0 127
1715409289052 128.0 128
1715409456412 129.0 129
1715409617558 130.0 130
1715409782278 131.0 131
1715409947136 132.0 132
1715410115938 133.0 133
1715410285610 134.0 134
1715410450608 135.0 135
1715410614555 136.0 136
1715410774092 137.0 137
1715410935092 138.0 138
1715411104771 139.0 139
1715411274883 140.0 140
1715411428540 141.0 141
1715411586399 142.0 142
1715411745648 143.0 143
1715411914905 144.0 144
1715412084018 145.0 145
1715412253419 146.0 146
1715412412589 147.0 147
1715412581091 148.0 148
1715412743249 149.0 149
1715412911676 150.0 150
1715413081035 151.0 151
1715413247854 152.0 152
1715413408554 153.0 153
1715413571149 154.0 154
1715413735772 155.0 155
1715413905555 156.0 156
1715414075757 157.0 157
1715414234074 158.0 158
1715414399069 159.0 159
1715414558575 160.0 160
1715414727396 161.0 161
1715414896766 162.0 162
1715415066383 163.0 163
1715415223467 164.0 164
1715415390456 165.0 165
1715415551709 166.0 166
1715415720412 167.0 167
1715415889257 168.0 168
1715416057816 169.0 169
1715416213700 170.0 170
1715416368248 171.0 171
1715416527474 172.0 172
1715416697072 173.0 173
1715416865246 174.0 174
1715417027319 175.0 175
1715417189147 176.0 176
1715417352276 177.0 177
1715417519220 178.0 178
1715417688335 179.0 179
1715417858983 180.0 180
1715418011846 181.0 181
1715418180073 182.0 182
1715418337481 183.0 183
1715418504675 184.0 184
1715418674069 185.0 185
1715418842195 186.0 186
1715419002333 187.0 187
1715419161810 188.0 188
1715419324745 189.0 189
1715419494247 190.0 190
1715419663543 191.0 191
1715419829404 192.0 192
1715419990544 193.0 193
1715420152925 194.0 194
1715420321948 195.0 195
1715420490396 196.0 196
1715420660457 197.0 197
1715420822679 198.0 198
1715420989570 199.0 199
1715421148827 200.0 200
1715421316945 201.0 201
1715421490274 202.0 202
1715421662440 203.0 203
1715421821982 204.0 204
1715421983370 205.0 205
1715422145012 206.0 206
1715422314386 207.0 207
1715422481650 208.0 208
1715422650596 209.0 209
1715422806083 210.0 210
1715422972542 211.0 211
1715423134918 212.0 212
1715423302173 213.0 213
1715423469859 214.0 214
1715423636810 215.0 215
1715423798212 216.0 216
1715423957242 217.0 217
1715424112083 218.0 218
1715424279776 219.0 219
1715424449722 220.0 220
1715424609516 221.0 221
1715424768156 222.0 222
1715424930939 223.0 223
1715425098459 224.0 224
1715425266934 225.0 225
1715425437668 226.0 226
1715425600312 227.0 227
1715425767389 228.0 228
1715425924589 229.0 229
1715426090005 230.0 230
1715426258365 231.0 231
1715426426011 232.0 232
1715426586273 233.0 233
1715426748102 234.0 234
1715426903387 235.0 235
1715427071585 236.0 236
1715427240905 237.0 237
1715427400881 238.0 238
1715427561418 239.0 239
1715427725051 240.0 240
1715427892340 241.0 241
1715428059962 242.0 242
1715428228428 243.0 243
1715428380737 244.0 244
1715428547277 245.0 245
1715428706083 246.0 246
1715428862631 247.0 247
1715429029634 248.0 248
1715429200020 249.0 249
1715429362442 250.0 250
1715429521994 251.0 251
1715429682719 252.0 252
1715429845054 253.0 253
1715430015023 254.0 254
1715430183340 255.0 255
1715430345693 256.0 256
1715430507671 257.0 257
1715430674952 258.0 258
1715430842116 259.0 259
1715431008887 260.0 260
1715431168612 261.0 261
1715431335649 262.0 262
1715431490537 263.0 263
1715431648726 264.0 264
1715431816423 265.0 265
1715431985367 266.0 266
1715432145919 267.0 267
1715432305753 268.0 268
1715432466121 269.0 269
1715432629795 270.0 270
1715432804642 271.0 271
1715432974312 272.0 272
1715433130000 273.0 273
1715433283717 274.0 274
1715433453773 275.0 275
1715433612699 276.0 276
1715433781584 277.0 277
1715433949144 278.0 278
1715434118783 279.0 279
1715434275954 280.0 280
1715434440242 281.0 281
1715434608722 282.0 282
1715434780496 283.0 283
1715434947064 284.0 284
1715435106088 285.0 285
1715435269368 286.0 286
1715435431097 287.0 287
1715435602573 288.0 288
1715435772335 289.0 289
1715435932533 290.0 290
1715436086933 291.0 291
1715436256208 292.0 292
1715436414068 293.0 293
1715436582140 294.0 294
1715436750349 295.0 295
1715436919954 296.0 296
1715437077546 297.0 297
1715437239980 298.0 298
1715437410172 299.0 299
1715437581165 300.0 300
1715437752045 301.0 301
1715437910688 302.0 302
1715438066586 303.0 303
1715438221939 304.0 304
1715438391967 305.0 305
1715438559445 306.0 306
1715438727184 307.0 307
1715438882914 308.0 308
1715439049513 309.0 309
1715439208114 310.0 310
1715439375544 311.0 311
1715439543804 312.0 312
1715439711571 313.0 313
1715439866644 314.0 314
1715440021597 315.0 315
1715440183892 316.0 316
1715440350602 317.0 317
1715440519809 318.0 318
1715440676617 319.0 319
1715440838013 320.0 320
1715440999964 321.0 321
1715441165723 322.0 322
1715441332780 323.0 323
1715441501439 324.0 324
1715441657456 325.0 325
1715441823592 326.0 326
1715441978439 327.0 327
1715442143531 328.0 328
1715442309798 329.0 329
1715442478408 330.0 330
1715442634282 331.0 331
1715442793527 332.0 332
1715442951666 333.0 333
1715443115140 334.0 334
1715443284482 335.0 335
1715443453145 336.0 336
1715443612461 337.0 337
1715443772127 338.0 338
1715443939940 339.0 339
1715444106965 340.0 340
1715444274388 341.0 341
1715444432423 342.0 342
1715444598093 343.0 343
1715444752291 344.0 344
1715444909070 345.0 345
1715445076383 346.0 346
1715445246124 347.0 347
1715445404106 348.0 348
1715445565491 349.0 349
