1715387840454 7095944.0 0
1715388006053 7095944.0 1
1715388174178 7095944.0 2
1715388351649 7095944.0 3
1715388526760 7095944.0 4
1715388698680 7095944.0 5
1715388861006 7095944.0 6
1715389034136 7095944.0 7
1715389197243 7095944.0 8
1715389367884 7095944.0 9
1715389539578 7095944.0 10
1715389712756 7095944.0 11
1715389875668 7095944.0 12
1715390041152 7095944.0 13
1715390204413 7095944.0 14
1715390375710 7095944.0 15
1715390547173 7095944.0 16
1715390706145 7095944.0 17
1715390868641 7095944.0 18
1715391031767 7095944.0 19
1715391201982 7095944.0 20
1715391373035 7095944.0 21
1715391544779 7095944.0 22
1715391703979 7095944.0 23
1715391873366 7095944.0 24
1715392039326 7095944.0 25
1715392209514 7095944.0 26
1715392379342 7095944.0 27
1715392548829 7095944.0 28
1715392709615 7095944.0 29
1715392871558 7095944.0 30
1715393033191 7095944.0 31
1715393205465 7095944.0 32
1715393377104 7095944.0 33
1715393536999 7095944.0 34
1715393701403 7095944.0 35
1715393871603 7095944.0 36
1715394040113 7095944.0 37
1715394212740 7095944.0 38
1715394385876 7095944.0 39
1715394557564 7095944.0 40
1715394719739 7095944.0 41
1715394882573 7095944.0 42
1715395056171 7095944.0 43
1715395233263 7095944.0 44
1715395397179 7095944.0 45
1715395560006 7095944.0 46
1715395727711 7095944.0 47
1715395902549 7095944.0 48
1715396079244 7095944.0 49
1715396254103 7095944.0 50
1715396413678 7095944.0 51
1715396580823 7095944.0 52
1715396753688 7095944.0 53
1715396927065 7095944.0 54
1715397101480 7095944.0 55
1715397269296 7095944.0 56
1715397436167 7095944.0 57
1715397598610 7095944.0 58
1715397771088 7095944.0 59
1715397944028 7095944.0 60
1715398117991 7095944.0 61
1715398278372 7095944.0 62
1715398441097 7095944.0 63
1715398602987 7095944.0 64
1715398777801 7095944.0 65
1715398951336 7095944.0 66
1715399119597 7095944.0 67
1715399284129 7095944.0 68
1715399456709 7095944.0 69
1715399615860 7095944.0 70
1715399789440 7095944.0 71
1715399963249 7095944.0 72
1715400133857 7095944.0 73
1715400294419 7095944.0 74
1715400463012 7095944.0 75
1715400636222 7095944.0 76
1715400809547 7095944.0 77
1715400977338 7095944.0 78
1715401141200 7095944.0 79
1715401307089 7095944.0 80
1715401477799 7095944.0 81
1715401650663 7095944.0 82
1715401824110 7095944.0 83
1715401985244 7095944.0 84
1715402156993 7095944.0 85
1715402323768 7095944.0 86
1715402493754 7095944.0 87
1715402665266 7095944.0 88
1715402837484 7095944.0 89
1715403002026 7095944.0 90
1715403164938 7095944.0 91
1715403329469 7095944.0 92
1715403500723 7095944.0 93
1715403671286 7095944.0 94
1715403832639 7095944.0 95
1715403997457 7095944.0 96
1715404163737 7095944.0 97
1715404332987 7095944.0 98
1715404503347 7095944.0 99
1715404674184 7095944.0 100
1715404832947 7095944.0 101
1715405002234 7095944.0 102
1715405160839 7095944.0 103
1715405330526 7095944.0 104
1715405499975 7095944.0 105
1715405670023 7095944.0 106
1715405828615 7095944.0 107
1715405990178 7095944.0 108
1715406147631 7095944.0 109
1715406318942 7095944.0 110
1715406488749 7095944.0 111
1715406651814 7095944.0 112
1715406809084 7095944.0 113
1715406974710 7095944.0 114
1715407141805 7095944.0 115
1715407310603 7095944.0 116
1715407480706 7095944.0 117
1715407638591 7095944.0 118
1715407806680 7095944.0 119
1715407964138 7095944.0 120
1715408131220 7095944.0 121
1715408299188 7095944.0 122
1715408469872 7095944.0 123
1715408629175 7095944.0 124
1715408788836 7095944.0 125
1715408949017 7095944.0 126
1715409120091 7095944.0 127
1715409289053 7095944.0 128
1715409456413 7095944.0 129
1715409617560 7095944.0 130
1715409782279 7095944.0 131
1715409947137 7095944.0 132
1715410115939 7095944.0 133
1715410285611 7095944.0 134
1715410450609 7095944.0 135
1715410614556 7095944.0 136
1715410774094 7095944.0 137
1715410935094 7095944.0 138
1715411104772 7095944.0 139
1715411274884 7095944.0 140
1715411428541 7095944.0 141
1715411586400 7095944.0 142
1715411745649 7095944.0 143
1715411914906 7095944.0 144
1715412084019 7095944.0 145
1715412253420 7095944.0 146
1715412412590 7095944.0 147
1715412581092 7095944.0 148
1715412743251 7095944.0 149
1715412911677 7095944.0 150
1715413081036 7095944.0 151
1715413247855 7095944.0 152
1715413408555 7095944.0 153
1715413571150 7095944.0 154
1715413735774 7095944.0 155
1715413905556 7095944.0 156
1715414075758 7095944.0 157
1715414234075 7095944.0 158
1715414399070 7095944.0 159
1715414558577 7095944.0 160
1715414727397 7095944.0 161
1715414896768 7095944.0 162
1715415066384 7095944.0 163
1715415223468 7095944.0 164
1715415390457 7095944.0 165
1715415551710 7095944.0 166
1715415720413 7095944.0 167
1715415889258 7095944.0 168
1715416057818 7095944.0 169
1715416213701 7095944.0 170
1715416368249 7095944.0 171
1715416527475 7095944.0 172
1715416697073 7095944.0 173
1715416865247 7095944.0 174
1715417027320 7095944.0 175
1715417189148 7095944.0 176
1715417352277 7095944.0 177
1715417519221 7095944.0 178
1715417688337 7095944.0 179
1715417858984 7095944.0 180
1715418011848 7095944.0 181
1715418180074 7095944.0 182
1715418337482 7095944.0 183
1715418504677 7095944.0 184
1715418674071 7095944.0 185
1715418842196 7095944.0 186
1715419002334 7095944.0 187
1715419161811 7095944.0 188
1715419324747 7095944.0 189
1715419494249 7095944.0 190
1715419663545 7095944.0 191
1715419829405 7095944.0 192
1715419990546 7095944.0 193
1715420152926 7095944.0 194
1715420321949 7095944.0 195
1715420490397 7095944.0 196
1715420660458 7095944.0 197
1715420822680 7095944.0 198
1715420989571 7095944.0 199
1715421148828 7095944.0 200
1715421316946 7095944.0 201
1715421490275 7095944.0 202
1715421662441 7095944.0 203
1715421821983 7095944.0 204
1715421983371 7095944.0 205
1715422145013 7095944.0 206
1715422314387 7095944.0 207
1715422481652 7095944.0 208
1715422650597 7095944.0 209
1715422806085 7095944.0 210
1715422972543 7095944.0 211
1715423134919 7095944.0 212
1715423302174 7095944.0 213
1715423469861 7095944.0 214
1715423636811 7095944.0 215
1715423798213 7095944.0 216
1715423957243 7095944.0 217
1715424112084 7095944.0 218
1715424279777 7095944.0 219
1715424449723 7095944.0 220
1715424609518 7095944.0 221
1715424768158 7095944.0 222
1715424930940 7095944.0 223
1715425098461 7095944.0 224
1715425266935 7095944.0 225
1715425437669 7095944.0 226
1715425600313 7095944.0 227
1715425767390 7095944.0 228
1715425924591 7095944.0 229
1715426090007 7095944.0 230
1715426258366 7095944.0 231
1715426426012 7095944.0 232
1715426586275 7095944.0 233
1715426748104 7095944.0 234
1715426903388 7095944.0 235
1715427071587 7095944.0 236
1715427240906 7095944.0 237
1715427400882 7095944.0 238
1715427561419 7095944.0 239
1715427725052 7095944.0 240
1715427892342 7095944.0 241
1715428059963 7095944.0 242
1715428228429 7095944.0 243
1715428380738 7095944.0 244
1715428547278 7095944.0 245
1715428706084 7095944.0 246
1715428862633 7095944.0 247
1715429029635 7095944.0 248
1715429200021 7095944.0 249
1715429362443 7095944.0 250
1715429521995 7095944.0 251
1715429682720 7095944.0 252
1715429845055 7095944.0 253
1715430015025 7095944.0 254
1715430183341 7095944.0 255
1715430345694 7095944.0 256
1715430507672 7095944.0 257
1715430674953 7095944.0 258
1715430842117 7095944.0 259
1715431008889 7095944.0 260
1715431168613 7095944.0 261
1715431335650 7095944.0 262
1715431490537 7095944.0 263
1715431648728 7095944.0 264
1715431816424 7095944.0 265
1715431985368 7095944.0 266
1715432145920 7095944.0 267
1715432305755 7095944.0 268
1715432466122 7095944.0 269
1715432629797 7095944.0 270
1715432804644 7095944.0 271
1715432974313 7095944.0 272
1715433130001 7095944.0 273
1715433283719 7095944.0 274
1715433453775 7095944.0 275
1715433612700 7095944.0 276
1715433781586 7095944.0 277
1715433949146 7095944.0 278
1715434118785 7095944.0 279
1715434275955 7095944.0 280
1715434440243 7095944.0 281
1715434608723 7095944.0 282
1715434780497 7095944.0 283
1715434947065 7095944.0 284
1715435106089 7095944.0 285
1715435269370 7095944.0 286
1715435431098 7095944.0 287
1715435602574 7095944.0 288
1715435772336 7095944.0 289
1715435932534 7095944.0 290
1715436086934 7095944.0 291
1715436256209 7095944.0 292
1715436414069 7095944.0 293
1715436582141 7095944.0 294
1715436750350 7095944.0 295
1715436919955 7095944.0 296
1715437077547 7095944.0 297
1715437239981 7095944.0 298
1715437410173 7095944.0 299
1715437581166 7095944.0 300
1715437752046 7095944.0 301
1715437910689 7095944.0 302
1715438066588 7095944.0 303
1715438221940 7095944.0 304
1715438391969 7095944.0 305
1715438559446 7095944.0 306
1715438727186 7095944.0 307
1715438882915 7095944.0 308
1715439049515 7095944.0 309
1715439208115 7095944.0 310
1715439375545 7095944.0 311
1715439543806 7095944.0 312
1715439711573 7095944.0 313
1715439866646 7095944.0 314
1715440021598 7095944.0 315
1715440183892 7095944.0 316
1715440350603 7095944.0 317
1715440519811 7095944.0 318
1715440676618 7095944.0 319
1715440838014 7095944.0 320
1715440999966 7095944.0 321
1715441165724 7095944.0 322
1715441332781 7095944.0 323
1715441501440 7095944.0 324
1715441657458 7095944.0 325
1715441823593 7095944.0 326
1715441978440 7095944.0 327
1715442143532 7095944.0 328
1715442309800 7095944.0 329
1715442478409 7095944.0 330
1715442634284 7095944.0 331
1715442793528 7095944.0 332
1715442951667 7095944.0 333
1715443115141 7095944.0 334
1715443284483 7095944.0 335
1715443453147 7095944.0 336
1715443612464 7095944.0 337
1715443772128 7095944.0 338
1715443939941 7095944.0 339
1715444106966 7095944.0 340
1715444274389 7095944.0 341
1715444432425 7095944.0 342
1715444598095 7095944.0 343
1715444752293 7095944.0 344
1715444909071 7095944.0 345
1715445076384 7095944.0 346
1715445246126 7095944.0 347
1715445404107 7095944.0 348
1715445565492 7095944.0 349
