1715387840448 4.391702460365061 0
1715388006047 4.29739214891305 1
1715388174169 4.338493312063393 2
1715388351644 4.353973925479351 3
1715388526752 4.323407300410826 4
1715388698671 4.308797924065151 5
1715388860996 4.33499443896709 6
1715389034130 4.319454936162094 7
1715389197238 4.300642370446328 8
1715389367879 4.282383939239876 9
1715389539567 4.292860478711274 10
1715389712750 4.33486832577758 11
1715389875660 4.291153638640796 12
1715390041146 4.32553038275315 13
1715390204408 4.342838066487224 14
1715390375704 4.27813060883364 15
1715390547168 4.355112745717991 16
1715390706139 4.289246784397429 17
1715390868631 4.247158797972041 18
1715391031759 4.348683077864852 19
1715391201976 4.3306494797665644 20
1715391373028 4.252332059883632 21
1715391544774 4.3078464993669945 22
1715391703966 4.261789892348775 23
1715391873357 4.35086086776359 24
1715392039315 4.284455302302823 25
1715392209504 4.314435503965506 26
1715392379338 4.303024455813542 27
1715392548822 4.353966171756112 28
1715392709609 4.332018821517383 29
1715392871553 4.325157822275454 30
1715393033185 4.311333577325739 31
1715393205459 4.3355624149182095 32
1715393377099 4.2966902563177 33
1715393536994 4.306678334628146 34
1715393701397 4.305695808738287 35
1715393871597 4.340759840479658 36
1715394040107 4.253285592319044 37
1715394212735 4.335781521592404 38
1715394385866 4.309983471419914 39
1715394557559 4.344874632139147 40
1715394719734 4.32384145771799 41
1715394882564 4.297812833376457 42
1715395056165 4.308189201940057 43
1715395233257 4.26305912023673 44
1715395397173 4.286535241121164 45
1715395560000 4.278280634090213 46
1715395727708 4.299612092094187 47
1715395902543 4.2771675264908495 48
1715396079239 4.322074489359475 49
1715396254094 4.284524108734599 50
1715396413671 4.317820224293902 51
1715396580817 4.262135763109828 52
1715396753678 4.310034226786139 53
1715396927060 4.249615117816106 54
1715397101473 4.272694672543579 55
1715397269288 4.345452247221777 56
1715397436162 4.344786918967779 57
1715397598604 4.29632284304847 58
1715397771077 4.297253607240923 59
1715397944023 4.297001992266602 60
1715398117985 4.319084828616651 61
1715398278361 4.299503212326144 62
1715398441091 4.250190015219472 63
1715398602977 4.287810527473871 64
1715398777791 4.284048057041285 65
1715398951331 4.346302687756123 66
1715399119591 4.31456044553979 67
1715399284123 4.284899484891833 68
1715399456700 4.287261725934736 69
1715399615852 4.29758943663053 70
1715399789435 4.25921748898512 71
1715399963244 4.274880302464304 72
1715400133849 4.294773265627995 73
1715400294414 4.329255224005577 74
1715400463006 4.2670328149034935 75
1715400636219 4.277569421229918 76
1715400809538 4.328963959875282 77
1715400977333 4.289022599261231 78
1715401141194 4.286529077342683 79
1715401307084 4.28560045306668 80
1715401477794 4.300371490373202 81
1715401650658 4.334051582710875 82
1715401824104 4.285492888257547 83
1715401985234 4.274676824639911 84
1715402156988 4.214479004678551 85
1715402323763 4.254697350636581 86
1715402493748 4.305199329107086 87
1715402665260 4.3085275222918735 88
1715402837473 4.2597157867408235 89
1715403002021 4.26903062071537 90
1715403164932 4.247957881974297 91
1715403329464 4.225128128484714 92
1715403500717 4.2876553608595955 93
1715403671275 4.240798875598088 94
1715403832634 4.269080592079397 95
1715403997452 4.290978418537444 96
1715404163731 4.229988016233854 97
1715404332981 4.258051421744692 98
1715404503341 4.25757146174191 99
1715404674178 4.303716162231071 100
1715404832941 4.292708585598717 101
1715405002228 4.2715241660369685 102
1715405160833 4.273587899705384 103
1715405330520 4.303184263545312 104
1715405499970 4.280969733840848 105
1715405670017 4.221199692392641 106
1715405828608 4.223530470959248 107
1715405990171 4.236699721564545 108
1715406147626 4.325579675428706 109
1715406318932 4.271580201716511 110
1715406488745 4.261376416024986 111
1715406651808 4.272008411723412 112
1715406809079 4.293665065355827 113
1715406974704 4.2564791228873595 114
1715407141800 4.246476976418056 115
1715407310593 4.213029549897083 116
1715407480701 4.219752852902091 117
1715407638585 4.277037112990771 118
1715407806675 4.316973542874576 119
1715407964133 4.226150816934972 120
1715408131215 4.260909933254031 121
1715408299182 4.319351129005292 122
1715408469862 4.219767057091181 123
1715408629170 4.26014055357389 124
1715408788829 4.312928248036859 125
1715408949011 4.318553709545019 126
1715409120080 4.27188402012082 127
1715409289047 4.239976662068279 128
1715409456407 4.2579371826780354 129
1715409617554 4.2614337666634405 130
1715409782273 4.281361059177141 131
1715409947131 4.210029742469086 132
1715410115933 4.2148757244180315 133
1715410285605 4.229590048819232 134
1715410450602 4.202639335503608 135
1715410614551 4.2227400343842305 136
1715410774084 4.259098300173239 137
1715410935086 4.218654777374736 138
1715411104767 4.240523964349477 139
1715411274878 4.252894724804931 140
1715411428535 4.2361415354020755 141
1715411586394 4.268763587518704 142
1715411745643 4.247895593292142 143
1715411914900 4.221715767690741 144
1715412084009 4.251944996827951 145
1715412253414 4.209296137277334 146
1715412412585 4.238106329748236 147
1715412581086 4.218020534222843 148
1715412743245 4.263218272683079 149
1715412911672 4.265242542957235 150
1715413081031 4.2556955902123015 151
1715413247849 4.262214229150784 152
1715413408545 4.288770953570407 153
1715413571142 4.209649845134993 154
1715413735763 4.242151413958497 155
1715413905551 4.244285343614824 156
1715414075752 4.236901116517424 157
1715414234072 4.2221612754774975 158
1715414399062 4.203003620077496 159
1715414558569 4.257087211667394 160
1715414727391 4.245399451694605 161
1715414896757 4.251182869168147 162
1715415066378 4.2074722307591355 163
1715415223463 4.27518166647367 164
1715415390450 4.280307015027005 165
1715415551704 4.1730766091610025 166
1715415720407 4.166217296401416 167
1715415889246 4.259823135071737 168
1715416057812 4.202914378394379 169
1715416213691 4.202713910787383 170
1715416368240 4.232126913187694 171
1715416527470 4.279900520125781 172
1715416697067 4.1939984187026695 173
1715416865241 4.151710811568184 174
1715417027315 4.194634895383214 175
1715417189136 4.138488074753182 176
1715417352268 4.246746070545875 177
1715417519215 4.28480037589746 178
1715417688330 4.259704794620443 179
1715417858976 4.231524240751208 180
1715418011842 4.202320539146845 181
1715418180069 4.254780099435818 182
1715418337478 4.170862720056546 183
1715418504667 4.235737048775141 184
1715418674065 4.271166135928382 185
1715418842190 4.1679432523762525 186
1715419002329 4.2512706159814 187
1715419161802 4.232548434310164 188
1715419324737 4.19349796640361 189
1715419494237 4.213347389654148 190
1715419663536 4.225154731902608 191
1715419829400 4.268111474674903 192
1715419990539 4.258883041838195 193
1715420152922 4.192418588451082 194
1715420321943 4.186086158810949 195
1715420490392 4.227938295142051 196
1715420660453 4.252365691530192 197
1715420822675 4.19841115460074 198
1715420989566 4.213285690436334 199
1715421148820 4.177908283069821 200
1715421316943 4.207009723581419 201
1715421490268 4.183923338088521 202
1715421662437 4.156260610358116 203
1715421821974 4.20148238228874 204
1715421983366 4.234874697550675 205
1715422145008 4.152198358547468 206
1715422314383 4.213120742809553 207
1715422481646 4.102165020316656 208
1715422650591 4.147545065616537 209
1715422806079 4.185506751932249 210
1715422972537 4.19429887584382 211
1715423134911 4.254655023293992 212
1715423302169 4.188346227985218 213
1715423469851 4.201606798757074 214
1715423636806 4.2394703663199955 215
1715423798209 4.184216892792404 216
1715423957237 4.148992029435796 217
1715424112079 4.218435192400692 218
1715424279772 4.201186548712795 219
1715424449717 4.113426384018974 220
1715424609508 4.201967862486108 221
1715424768151 4.17031229931884 222
1715424930934 4.173157506193851 223
1715425098451 4.087949274507769 224
1715425266929 4.18691838592108 225
1715425437663 4.120913818570003 226
1715425600308 4.1271795919336425 227
1715425767384 4.214202294320416 228
1715425924585 4.127830087041563 229
1715426089996 4.143881550595804 230
1715426258361 4.165012246991959 231
1715426426006 4.1457326134289705 232
1715426586266 4.0890066974733505 233
1715426748098 4.140876284406229 234
1715426903383 4.180523161507823 235
1715427071578 4.136248613427753 236
1715427240899 4.07924292862781 237
1715427400876 4.119877923485691 238
1715427561416 4.16972428011748 239
1715427725046 4.100451621541216 240
1715427892333 4.1708459810245255 241
1715428059957 4.117465791526747 242
1715428228424 4.226035619805927 243
1715428380733 4.127187995091537 244
1715428547268 4.114831811811295 245
1715428706075 4.099961327628855 246
1715428862624 4.1462124637299524 247
1715429029628 4.0925099367013 248
1715429200016 4.138466826245828 249
1715429362440 4.033309114491281 250
1715429521990 4.101604893163669 251
1715429682715 4.086303719713644 252
1715429845050 4.138901249762693 253
1715430015016 4.1202797246125575 254
1715430183336 4.050255648197572 255
1715430345688 4.153485377142035 256
1715430507667 4.142312880674023 257
1715430674948 4.026898382631548 258
1715430842112 4.028343210922428 259
1715431008883 4.128905982327607 260
1715431168607 4.134250569197298 261
1715431335645 4.110535136029764 262
1715431490533 4.11862428495489 263
1715431648722 4.128526684696689 264
1715431816417 4.070562582074499 265
1715431985363 4.079603119130515 266
1715432145911 4.0874235264362735 267
1715432305744 4.062568294490042 268
1715432466113 4.170260958876346 269
1715432629788 4.163567431865294 270
1715432804635 4.070069801588 271
1715432974303 4.0553908538233285 272
1715433129994 4.145070742975714 273
1715433283713 4.08420041294917 274
1715433453765 4.065661605881767 275
1715433612692 4.0888693391179745 276
1715433781577 4.092653976627654 277
1715433949134 4.127198960883486 278
1715434118779 4.0624103955695965 279
1715434275948 4.137957227742014 280
1715434440238 4.131931168901408 281
1715434608717 4.17158337165973 282
1715434780489 4.171762486908333 283
1715434947060 4.028261464066301 284
1715435106085 4.043114353542679 285
1715435269360 4.081793690020321 286
1715435431093 4.104565648213486 287
1715435602568 4.028139798919116 288
1715435772331 4.0637621718681665 289
1715435932529 4.088832319879824 290
1715436086927 4.069280883285897 291
1715436256204 4.008258218414213 292
1715436414064 4.111226235430665 293
1715436582135 4.089770862661257 294
1715436750345 4.126793780941173 295
1715436919949 4.068951110898351 296
1715437077541 4.034565821747107 297
1715437239976 4.058006852682383 298
1715437410166 4.067857854936752 299
1715437581161 4.058754644510937 300
1715437752041 4.0959066262274435 301
1715437910684 4.082892641699387 302
1715438066577 4.090978075390213 303
1715438221934 4.04545218081562 304
1715438391957 4.13828125321792 305
1715438559441 3.972822082554636 306
1715438727180 4.010754373175966 307
1715438882909 4.060416973441656 308
1715439049507 4.045817487810287 309
1715439208110 4.034525657724018 310
1715439375540 4.049530336461916 311
1715439543800 4.012491126733323 312
1715439711567 4.063951136875738 313
1715439866640 3.9915154155778008 314
1715440021593 4.050623130213263 315
1715440183889 4.018790645833396 316
1715440350593 4.068602187501872 317
1715440519800 4.00689513697946 318
1715440676612 4.026441201110559 319
1715440838009 4.01010941435223 320
1715440999960 4.117491647509709 321
1715441165718 4.106388261713133 322
1715441332770 3.9580851946871705 323
1715441501435 3.9860814334424726 324
1715441657450 4.012495769313508 325
1715441823587 3.9942903138377184 326
1715441978435 4.069041198016675 327
1715442143523 4.065971449108943 328
1715442309790 3.9724770528407185 329
1715442478403 3.9558003577717975 330
1715442634278 3.97503666497447 331
1715442793523 3.995098807329049 332
1715442951662 4.021147204323049 333
1715443115135 3.9751435964385426 334
1715443284478 3.959091683838265 335
1715443453141 3.9665734533883312 336
1715443612449 4.021097415795356 337
1715443772123 4.02775408153885 338
1715443939934 3.9717037078061717 339
1715444106961 4.002019823694521 340
1715444274379 3.9297337400401298 341
1715444432414 4.016151615447062 342
1715444598088 3.98018888023002 343
1715444752282 4.016170332036867 344
1715444909066 3.889754675648695 345
1715445076379 4.036315347519389 346
1715445246117 4.041649114866198 347
1715445404101 4.048861158406076 348
1715445565486 3.9546065184236303 349
