1715387840446 1.0000000000000023e-05 0
1715388006045 1.0000000000000023e-05 1
1715388174165 8.070312500000028e-06 2
1715388351641 6.140624999999984e-06 3
1715388526748 4.2109374999999905e-06 4
1715388698665 2.2812500000000038e-06 5
1715388860992 3.5642016727139193e-07 6
1715389034128 3.585570242556973e-07 7
1715389197235 3.6108199371517404e-07 8
1715389367877 3.639948722189451e-07 9
1715389539563 3.672954250832117e-07 10
1715389712748 3.709833863901532e-07 11
1715389875658 3.7505845900937135e-07 12
1715390041144 3.795203146218079e-07 13
1715390204406 3.8436859374619624e-07 14
1715390375702 3.896029057680458e-07 15
1715390547166 3.952228289710943e-07 16
1715390706137 4.012279105712927e-07 17
1715390868627 4.076176667532728e-07 18
1715391031754 4.14391582709346e-07 19
1715391201973 4.2154911268096496e-07 20
1715391373023 4.2908968000270234e-07 21
1715391544772 4.3701267714870896e-07 22
1715391703961 4.45317465781651e-07 23
1715391873353 4.5400337680416454e-07 24
1715392039310 4.6306971041273405e-07 25
1715392209498 4.7251573615409217e-07 26
1715392379336 4.823406929840648e-07 27
1715392548820 4.925437893288907e-07 28
1715392709606 5.031242031489868e-07 29
1715392871551 5.140810820051891e-07 30
1715393033183 5.254135431274259e-07 31
1715393205456 5.371206734858459e-07 32
1715393377097 5.492015298643668e-07 33
1715393536992 5.616551389366806e-07 34
1715393701395 5.744804973446693e-07 35
1715393871595 5.876765717792367e-07 36
1715394040105 6.012422990635749e-07 37
1715394212733 6.151765862388013e-07 38
1715394385862 6.294783106520155e-07 39
1715394557556 6.441463200467933e-07 40
1715394719732 6.591794326559568e-07 41
1715394882561 6.745764372968218e-07 42
1715395056163 6.90336093468789e-07 43
1715395233255 7.064571314532585e-07 44
1715395397171 7.229382524159563e-07 45
1715395559997 7.397781285115564e-07 46
1715395727707 7.569754029906809e-07 47
1715395902541 7.745286903091961e-07 48
1715396079237 7.924365762398424e-07 49
1715396254089 8.10697617986194e-07 50
1715396413662 8.293103442988744e-07 51
1715396580815 8.482732555941132e-07 52
1715396753674 8.675848240745563e-07 53
1715396927058 8.872434938523483e-07 54
1715397101470 9.072476810745042e-07 55
1715397269286 9.275957740504982e-07 56
1715397436161 9.482861333821432e-07 57
1715397598602 9.693170920956253e-07 58
1715397771072 9.906869557758516e-07 59
1715397944020 1.0123940027029618e-06 60
1715398117983 1.0344364839910015e-06 61
1715398278356 1.0568126237288714e-06 62
1715398441089 1.079520619123406e-06 63
1715398602973 1.1025586406445717e-06 64
1715398777786 1.1259248321729527e-06 65
1715398951329 1.1496173111491798e-06 66
1715399119589 1.1736341687257356e-06 67
1715399284121 1.197973469920624e-06 68
1715399456698 1.2226332537733624e-06 69
1715399615849 1.2476115335029029e-06 70
1715399789432 1.2729062966677308e-06 71
1715399963242 1.2985155053280334e-06 72
1715400133846 1.3244370962098159e-06 73
1715400294412 1.3506689808712204e-06 74
1715400463004 1.3772090458707255e-06 75
1715400636218 1.4040551529374355e-06 76
1715400809533 1.4312051391433703e-06 77
1715400977330 1.4586568170777418e-06 78
1715401141192 1.4864079750231027e-06 79
1715401307081 1.5144563771336877e-06 80
1715401477792 1.5427997636153868e-06 81
1715401650656 1.571435850907952e-06 82
1715401824102 1.6003623318688654e-06 83
1715401985229 1.6295768759593047e-06 84
1715402156987 1.6590771294318545e-06 85
1715402323761 1.688860715520195e-06 86
1715402493747 1.7189252346305322e-06 87
1715402665257 1.7492682645349574e-06 88
1715402837469 1.7798873605666115e-06 89
1715403002019 1.8107800558166357e-06 90
1715403164931 1.8419438613328974e-06 91
1715403329462 1.873376266320582e-06 92
1715403500715 1.9050747383444307e-06 93
1715403671271 1.937036723532755e-06 94
1715403832631 1.969259646783284e-06 95
1715403997450 2.0017409119705275e-06 96
1715404163729 2.0344779021550166e-06 97
1715404332979 2.067467979794145e-06 98
1715404503339 2.100708486954558e-06 99
1715404674176 2.134196745526486e-06 100
1715404832939 2.1679300574393066e-06 101
1715405002226 2.201905704879115e-06 102
1715405160831 2.2361209505075507e-06 103
1715405330518 2.270573037682373e-06 104
1715405499967 2.3052591906796298e-06 105
1715405670015 2.340176614917171e-06 106
1715405828605 2.3753224971799006e-06 107
1715405990169 2.4106940058464043e-06 108
1715406147624 2.4462882911170606e-06 109
1715406318928 2.482102485243609e-06 110
1715406488744 2.5181337027603626e-06 111
1715406651805 2.5543790407164593e-06 112
1715406809077 2.590835578909912e-06 113
1715406974702 2.6275003801228087e-06 114
1715407141798 2.664370490357986e-06 115
1715407310589 2.7014429390769797e-06 116
1715407480699 2.7387147394394144e-06 117
1715407638583 2.776182888543629e-06 118
1715407806672 2.8138443676686022e-06 119
1715407964131 2.851696142517116e-06 120
1715408131212 2.889735163460334e-06 121
1715408299180 2.9279583657834303e-06 122
1715408469858 2.9663626699324677e-06 123
1715408629167 3.0049449817626242e-06 124
1715408788824 3.043702192787361e-06 125
1715408949008 3.08263118042896e-06 126
1715409120074 3.1217288082700553e-06 127
1715409289045 3.1609919263063227e-06 128
1715409456405 3.200417371200284e-06 129
1715409617552 3.240001966536149e-06 130
1715409782271 3.2797425230758047e-06 131
1715409947129 3.3196358390156507e-06 132
1715410115931 3.3596787002446375e-06 133
1715410285602 3.3998678806032156e-06 134
1715410450599 3.440200142143228e-06 135
1715410614548 3.4806722353888243e-06 136
1715410774080 3.5212808995982237e-06 137
1715410935083 3.5620228630264537e-06 138
1715411104765 3.602894843188913e-06 139
1715411274876 3.643893547125839e-06 140
1715411428533 3.6850156716677454e-06 141
1715411586392 3.726257903701271e-06 142
1715411745641 3.7676169204364105e-06 143
1715411914897 3.809089389674055e-06 144
1715412084004 3.85067197007442e-06 145
1715412253412 3.892361311426397e-06 146
1715412412583 3.934154054917395e-06 147
1715412581083 3.9760468334039226e-06 148
1715412743243 4.01803627168294e-06 149
1715412911670 4.060118986763719e-06 150
1715413081029 4.1022915881404305e-06 151
1715413247847 4.1445506780653995e-06 152
1715413408540 4.186892851822632e-06 153
1715413571138 4.229314698002406e-06 154
1715413735758 4.271812798775902e-06 155
1715413905548 4.314383730170633e-06 156
1715414075750 4.357024062346381e-06 157
1715414234070 4.399730359871415e-06 158
1715414399057 4.4424991819993495e-06 159
1715414558564 4.485327082946368e-06 160
1715414727389 4.528210612168725e-06 161
1715414896752 4.571146314640946e-06 162
1715415066376 4.614130731134033e-06 163
1715415223461 4.657160398494136e-06 164
1715415390449 4.7002318499218075e-06 165
1715415551702 4.743341615251031e-06 166
1715415720404 4.786486221228942e-06 167
1715415889240 4.829662191795679e-06 168
1715416057810 4.872866048364456e-06 169
1715416213687 4.916094310101635e-06 170
1715416368236 4.959343494207486e-06 171
1715416527468 5.00261011619644e-06 172
1715416697064 5.04589069017815e-06 173
1715416865239 5.089181729138068e-06 174
1715417027312 5.132479745218625e-06 175
1715417189129 5.17578124999998e-06 176
1715417352264 5.219082754781396e-06 177
1715417519213 5.262380770861909e-06 178
1715417688327 5.305671809821871e-06 179
1715417858972 5.348952383803536e-06 180
1715418011840 5.3922190057925366e-06 181
1715418180067 5.435468189898342e-06 182
1715418337477 5.478696451635564e-06 183
1715418504663 5.521900308204294e-06 184
1715418674063 5.565076278771077e-06 185
1715418842188 5.608220884748991e-06 186
1715419002327 5.6513306500782155e-06 187
1715419161797 5.694402101505841e-06 188
1715419324733 5.73743176886599e-06 189
1715419494229 5.780416185359031e-06 190
1715419663532 5.823351887831252e-06 191
1715419829397 5.866235417053655e-06 192
1715419990535 5.909063318000623e-06 193
1715420152921 5.951832140128557e-06 194
1715420321941 5.994538437653591e-06 195
1715420490390 6.03717876982934e-06 196
1715420660451 6.0797497012241226e-06 197
1715420822673 6.122247801997575e-06 198
1715420989564 6.1646696481773395e-06 199
1715421148815 6.207011821934633e-06 200
1715421316941 6.249270911859545e-06 201
1715421490265 6.291443513236288e-06 202
1715421662435 6.333526228317073e-06 203
1715421821969 6.375515666596093e-06 204
1715421983363 6.417408445082623e-06 205
1715422145006 6.459201188573605e-06 206
1715422314381 6.500890529925601e-06 207
1715422481644 6.54247311032596e-06 208
1715422650589 6.583945579563564e-06 209
1715422806077 6.625304596298727e-06 210
1715422972536 6.666546828332267e-06 211
1715423134909 6.707668952874131e-06 212
1715423302166 6.748667656811121e-06 213
1715423469847 6.78953963697354e-06 214
1715423636804 6.830281600401762e-06 215
1715423798207 6.8708902646111495e-06 216
1715423957235 6.911362357856769e-06 217
1715424112078 6.951694619396775e-06 218
1715424279770 6.991883799755391e-06 219
1715424449716 7.031926660984357e-06 220
1715424609504 7.071819976924219e-06 221
1715424768148 7.1115605334638646e-06 222
1715424930932 7.151145128799747e-06 223
1715425098446 7.19057057369369e-06 224
1715425266927 7.229833691729913e-06 225
1715425437660 7.268931319571031e-06 226
1715425600306 7.307860307212637e-06 227
1715425767382 7.346617518237373e-06 228
1715425924583 7.3851998300675615e-06 229
1715426089990 7.423604134216573e-06 230
1715426258358 7.461827336539632e-06 231
1715426426004 7.499866357482915e-06 232
1715426586262 7.5377181323314e-06 233
1715426748096 7.575379611456339e-06 234
1715426903381 7.612847760560562e-06 235
1715427071574 7.650119560923034e-06 236
1715427240896 7.687192009642038e-06 237
1715427400874 7.724062119877158e-06 238
1715427561415 7.760726921090062e-06 239
1715427725044 7.797183459283515e-06 240
1715427892329 7.83342879723961e-06 241
1715428059955 7.869460014756375e-06 242
1715428228422 7.905274208882927e-06 243
1715428380731 7.9408684941536e-06 244
1715428547264 7.976240002820104e-06 245
1715428706070 8.01138588508283e-06 246
1715428862619 8.046303309320399e-06 247
1715429029625 8.080989462317592e-06 248
1715429200014 8.115441549492446e-06 249
1715429362437 8.149656795120882e-06 250
1715429521988 8.183632442560705e-06 251
1715429682713 8.217365754473542e-06 252
1715429845048 8.25085401304542e-06 253
1715430015013 8.284094520205853e-06 254
1715430183333 8.317084597844956e-06 255
1715430345686 8.349821588029481e-06 256
1715430507665 8.382302853216742e-06 257
1715430674946 8.414525776467261e-06 258
1715430842110 8.446487761655564e-06 259
1715431008880 8.47818623367943e-06 260
1715431168605 8.509618638667079e-06 261
1715431335643 8.540782444183394e-06 262
1715431490531 8.571675139433407e-06 263
1715431648720 8.602294235465057e-06 264
1715431816413 8.63263726536948e-06 265
1715431985361 8.662701784479771e-06 266
1715432145907 8.692485370568147e-06 267
1715432305741 8.721985624040678e-06 268
1715432466110 8.751200168131168e-06 269
1715432629784 8.780126649092081e-06 270
1715432804631 8.808762736384595e-06 271
1715432974298 8.837106122866332e-06 272
1715433129991 8.865154524976862e-06 273
1715433283711 8.892905682922253e-06 274
1715433453761 8.920357360856613e-06 275
1715433612683 8.947507347062598e-06 276
1715433781572 8.97435345412931e-06 277
1715433949128 9.0008935191288e-06 278
1715434118777 9.027125403790195e-06 279
1715434275945 9.053046994671995e-06 280
1715434440236 9.078656203332232e-06 281
1715434608715 9.103950966497076e-06 282
1715434780484 9.1289292462266e-06 283
1715434947058 9.153589030079353e-06 284
1715435106083 9.17792833127425e-06 285
1715435269357 9.201945188850784e-06 286
1715435431091 9.22563766782704e-06 287
1715435602566 9.249003859355404e-06 288
1715435772328 9.272041880876627e-06 289
1715435932527 9.294749876271125e-06 290
1715436086925 9.317126016009032e-06 291
1715436256202 9.339168497297032e-06 292
1715436414062 9.360875544224124e-06 293
1715436582133 9.382245407904353e-06 294
1715436750344 9.403276366617853e-06 295
1715436919947 9.423966725949466e-06 296
1715437077539 9.444314818925484e-06 297
1715437239974 9.46431900614766e-06 298
1715437410162 9.483977675925465e-06 299
1715437581158 9.503289244405884e-06 300
1715437752039 9.522252155701136e-06 301
1715437910682 9.540864882013818e-06 302
1715438066572 9.559125923760197e-06 303
1715438221932 9.57703380969077e-06 304
1715438391953 9.594587097009332e-06 305
1715438559439 9.611784371488428e-06 306
1715438727178 9.628624247584038e-06 307
1715438882907 9.645105368546751e-06 308
1715439049500 9.661226406531177e-06 309
1715439208108 9.676986062703188e-06 310
1715439375538 9.692383067344065e-06 311
1715439543798 9.707416179953205e-06 312
1715439711565 9.722084189347972e-06 313
1715439866638 9.73638591376122e-06 314
1715440021591 9.750320200936442e-06 315
1715440183886 9.763885928220785e-06 316
1715440350588 9.777082002655358e-06 317
1715440519797 9.789907361063306e-06 318
1715440676609 9.802360970135657e-06 319
1715440838007 9.814441826514144e-06 320
1715440999958 9.826148956872553e-06 321
1715441165716 9.837481417994828e-06 322
1715441332766 9.848438296851036e-06 323
1715441501433 9.859018710671115e-06 324
1715441657446 9.869221807015922e-06 325
1715441823585 9.87904676384595e-06 326
1715441978433 9.888492789587293e-06 327
1715442143518 9.897559123195854e-06 328
1715442309786 9.906245034218305e-06 329
1715442478401 9.914549822851285e-06 330
1715442634275 9.92247281999728e-06 331
1715442793521 9.930013387319038e-06 332
1715442951660 9.937170917290685e-06 333
1715443115133 9.9439448332467e-06 334
1715443284477 9.950334589428737e-06 335
1715443453139 9.956339671028916e-06 336
1715443612447 9.96195959423194e-06 337
1715443772120 9.967193906253785e-06 338
1715443939932 9.972042185378207e-06 339
1715444106959 9.976504040990653e-06 340
1715444274374 9.980579113609858e-06 341
1715444432409 9.984267074916808e-06 342
1715444598085 9.987567627781076e-06 343
1715444752279 9.990480506284807e-06 344
1715444909064 9.993005475744284e-06 345
1715445076376 9.995142332728574e-06 346
1715445246113 9.996890905076188e-06 347
1715445404099 9.998251051908639e-06 348
1715445565484 9.999222663642151e-06 349
