1710833450088 0.0 0
1710833639033 1.0 1
1710833828077 2.0 2
1710834107130 3.0 3
1710834386186 4.0 4
1710834666420 5.0 5
1710834944481 6.0 6
1710835223162 7.0 7
1710835504017 8.0 8
1710835783740 9.0 9
1710836063570 10.0 10
1710836344969 11.0 11
1710836624877 12.0 12
1710836903710 13.0 13
1710837183993 14.0 14
1710837463653 15.0 15
1710837742812 16.0 16
1710838023627 17.0 17
1710838303654 18.0 18
1710838583311 19.0 19
1710838862665 20.0 20
1710839141221 21.0 21
1710839420398 22.0 22
1710839700693 23.0 23
1710839980640 24.0 24
1710840260896 25.0 25
1710840540893 26.0 26
1710840819514 27.0 27
1710841098459 28.0 28
1710841378303 29.0 29
1710841658546 30.0 30
1710841938025 31.0 31
1710842217640 32.0 32
1710842497882 33.0 33
1710842775735 34.0 34
1710843056483 35.0 35
1710843336980 36.0 36
1710843615913 37.0 37
1710843895429 38.0 38
1710844176311 39.0 39
1710844456035 40.0 40
1710844733460 41.0 41
1710845014146 42.0 42
1710845293559 43.0 43
1710845572829 44.0 44
1710845854619 45.0 45
1710846134191 46.0 46
1710846413914 47.0 47
1710846693977 48.0 48
1710846973311 49.0 49
1710847252630 50.0 50
1710847534247 51.0 51
1710847813746 52.0 52
1710848093642 53.0 53
1710848374943 54.0 54
1710848652714 55.0 55
1710848932350 56.0 56
1710849213542 57.0 57
1710849493239 58.0 58
1710849772987 59.0 59
1710850054533 60.0 60
1710850334146 61.0 61
1710850611767 62.0 62
1710850892924 63.0 63
1710851173114 64.0 64
1710851452676 65.0 65
1710851732616 66.0 66
1710852011428 67.0 67
1710852290089 68.0 68
1710852570432 69.0 69
1710852849800 70.0 70
1710853129253 71.0 71
1710853410501 72.0 72
1710853690467 73.0 73
1710853970169 74.0 74
1710854251379 75.0 75
1710854529631 76.0 76
1710854810119 77.0 77
1710855090656 78.0 78
1710855369822 79.0 79
1710855649260 80.0 80
1710855930931 81.0 81
1710856210671 82.0 82
1710856489717 83.0 83
1710856771653 84.0 84
1710857051217 85.0 85
1710857331123 86.0 86
1710857612490 87.0 87
1710857891973 88.0 88
1710858171063 89.0 89
1710858451188 90.0 90
1710858730948 91.0 91
1710859010736 92.0 92
1710859292274 93.0 93
1710859572447 94.0 94
1710859852760 95.0 95
1710860134060 96.0 96
1710860412545 97.0 97
1710860692068 98.0 98
1710860973615 99.0 99
1710861253151 100.0 100
1710861532759 101.0 101
1710861814228 102.0 102
1710862093300 103.0 103
1710862371958 104.0 104
1710862654028 105.0 105
1710862933664 106.0 106
1710863213645 107.0 107
1710863495358 108.0 108
1710863774754 109.0 109
1710864054815 110.0 110
1710864335151 111.0 111
1710864614564 112.0 112
1710864894757 113.0 113
1710865176585 114.0 114
1710865455800 115.0 115
1710865735381 116.0 116
1710866016372 117.0 117
1710866294737 118.0 118
1710866573849 119.0 119
1710866855042 120.0 120
1710867134346 121.0 121
1710867414110 122.0 122
1710867695969 123.0 123
1710867975754 124.0 124
1710868255181 125.0 125
1710868535178 126.0 126
1710868814459 127.0 127
1710869094312 128.0 128
1710869376048 129.0 129
1710869655987 130.0 130
1710869935948 131.0 131
1710870217127 132.0 132
1710870495846 133.0 133
1710870775500 134.0 134
1710871057117 135.0 135
1710871336882 136.0 136
1710871616305 137.0 137
1710871897901 138.0 138
1710872177166 139.0 139
1710872456027 140.0 140
1710872737049 141.0 141
1710873016495 142.0 142
1710873296362 143.0 143
1710873578163 144.0 144
1710873857953 145.0 145
1710874137255 146.0 146
1710874417945 147.0 147
1710874696082 148.0 148
1710874975408 149.0 149
1710875256422 150.0 150
1710875535048 151.0 151
1710875814553 152.0 152
1710876094568 153.0 153
1710876374144 154.0 154
1710876651815 155.0 155
1710876932302 156.0 156
1710877211270 157.0 157
1710877490276 158.0 158
1710877771384 159.0 159
1710878050282 160.0 160
1710878329610 161.0 161
1710878608656 162.0 162
1710878887360 163.0 163
1710879166179 164.0 164
1710879447187 165.0 165
1710879726520 166.0 166
1710880006071 167.0 167
1710880286488 168.0 168
1710880565665 169.0 169
1710880843976 170.0 170
1710881124245 171.0 171
1710881402426 172.0 172
1710881681237 173.0 173
1710881960262 174.0 174
1710882239674 175.0 175
1710882518606 176.0 176
1710882796240 177.0 177
1710883075802 178.0 178
1710883354530 179.0 179
1710883634030 180.0 180
1710883913086 181.0 181
1710884192013 182.0 182
1710884471723 183.0 183
1710884750647 184.0 184
1710885029828 185.0 185
1710885310054 186.0 186
1710885589455 187.0 187
1710885868828 188.0 188
1710886150215 189.0 189
1710886431842 190.0 190
1710886712530 191.0 191
1710886992031 192.0 192
1710887274006 193.0 193
1710887554050 194.0 194
1710887835674 195.0 195
1710888116320 196.0 196
1710888395592 197.0 197
1710888675301 198.0 198
1710888953952 199.0 199
1710889232064 200.0 200
1710889512186 201.0 201
1710889792056 202.0 202
1710890070948 203.0 203
1710890350914 204.0 204
1710890631719 205.0 205
1710890910664 206.0 206
1710891188774 207.0 207
1710891469400 208.0 208
1710891748947 209.0 209
1710892028539 210.0 210
1710892309043 211.0 211
1710892588741 212.0 212
1710892868724 213.0 213
1710893149067 214.0 214
1710893428667 215.0 215
1710893712024 216.0 216
1710893993735 217.0 217
1710894272085 218.0 218
1710894550675 219.0 219
1710894830752 220.0 220
1710895109606 221.0 221
1710895386463 222.0 222
1710895666649 223.0 223
1710895944841 224.0 224
1710896225606 225.0 225
1710896506230 226.0 226
1710896785014 227.0 227
1710897064209 228.0 228
1710897342818 229.0 229
1710897620937 230.0 230
1710897899821 231.0 231
1710898180005 232.0 232
1710898458076 233.0 233
1710898736474 234.0 234
1710899016954 235.0 235
1710899294072 236.0 236
1710899573659 237.0 237
1710899854803 238.0 238
1710900134140 239.0 239
1710900413794 240.0 240
1710900694732 241.0 241
1710900973870 242.0 242
1710901251461 243.0 243
1710901532265 244.0 244
1710901811594 245.0 245
1710902091478 246.0 246
1710902373641 247.0 247
1710902654044 248.0 248
1710902936921 249.0 249
1710903219024 250.0 250
1710903497830 251.0 251
1710903778833 252.0 252
1710904060054 253.0 253
1710904339277 254.0 254
1710904618287 255.0 255
1710904898577 256.0 256
1710905177773 257.0 257
1710905455864 258.0 258
1710905736102 259.0 259
1710906014732 260.0 260
1710906294177 261.0 261
1710906575181 262.0 262
1710906855509 263.0 263
1710907134537 264.0 264
1710907412683 265.0 265
1710907692254 266.0 266
1710907972753 267.0 267
1710908254767 268.0 268
1710908534850 269.0 269
1710908813916 270.0 270
1710909095304 271.0 271
1710909373607 272.0 272
1710909652799 273.0 273
1710909934501 274.0 274
1710910214392 275.0 275
1710910494553 276.0 276
1710910775775 277.0 277
1710911054829 278.0 278
1710911333387 279.0 279
1710911613319 280.0 280
1710911892703 281.0 281
1710912172387 282.0 282
1710912453634 283.0 283
1710912733380 284.0 284
1710913013662 285.0 285
1710913295017 286.0 286
1710913572961 287.0 287
1710913852747 288.0 288
1710914134071 289.0 289
1710914413608 290.0 290
1710914693195 291.0 291
1710914974393 292.0 292
1710915253855 293.0 293
1710915532865 294.0 294
1710915814230 295.0 295
1710916093467 296.0 296
1710916373267 297.0 297
1710916661716 298.0 298
1710916941233 299.0 299
