1710833450088 7140488.0 0
1710833639034 7140488.0 1
1710833828078 7140488.0 2
1710834107131 7140488.0 3
1710834386187 7140488.0 4
1710834666421 7140488.0 5
1710834944482 7140488.0 6
1710835223163 7140488.0 7
1710835504018 7140488.0 8
1710835783741 7140488.0 9
1710836063571 7140488.0 10
1710836344969 7140488.0 11
1710836624878 7140488.0 12
1710836903711 7140488.0 13
1710837183994 7140488.0 14
1710837463654 7140488.0 15
1710837742813 7140488.0 16
1710838023627 7140488.0 17
1710838303655 7140488.0 18
1710838583312 7140488.0 19
1710838862666 7140488.0 20
1710839141221 7140488.0 21
1710839420399 7140488.0 22
1710839700695 7140488.0 23
1710839980641 7140488.0 24
1710840260898 7140488.0 25
1710840540894 7140488.0 26
1710840819514 7140488.0 27
1710841098460 7140488.0 28
1710841378304 7140488.0 29
1710841658547 7140488.0 30
1710841938027 7140488.0 31
1710842217641 7140488.0 32
1710842497883 7140488.0 33
1710842775736 7140488.0 34
1710843056484 7140488.0 35
1710843336980 7140488.0 36
1710843615914 7140488.0 37
1710843895430 7140488.0 38
1710844176312 7140488.0 39
1710844456036 7140488.0 40
1710844733461 7140488.0 41
1710845014147 7140488.0 42
1710845293560 7140488.0 43
1710845572830 7140488.0 44
1710845854620 7140488.0 45
1710846134191 7140488.0 46
1710846413915 7140488.0 47
1710846693978 7140488.0 48
1710846973311 7140488.0 49
1710847252630 7140488.0 50
1710847534247 7140488.0 51
1710847813747 7140488.0 52
1710848093644 7140488.0 53
1710848374943 7140488.0 54
1710848652714 7140488.0 55
1710848932351 7140488.0 56
1710849213543 7140488.0 57
1710849493240 7140488.0 58
1710849772988 7140488.0 59
1710850054535 7140488.0 60
1710850334147 7140488.0 61
1710850611768 7140488.0 62
1710850892925 7140488.0 63
1710851173115 7140488.0 64
1710851452677 7140488.0 65
1710851732617 7140488.0 66
1710852011429 7140488.0 67
1710852290090 7140488.0 68
1710852570432 7140488.0 69
1710852849801 7140488.0 70
1710853129254 7140488.0 71
1710853410502 7140488.0 72
1710853690469 7140488.0 73
1710853970170 7140488.0 74
1710854251381 7140488.0 75
1710854529633 7140488.0 76
1710854810120 7140488.0 77
1710855090657 7140488.0 78
1710855369822 7140488.0 79
1710855649261 7140488.0 80
1710855930932 7140488.0 81
1710856210672 7140488.0 82
1710856489719 7140488.0 83
1710856771655 7140488.0 84
1710857051218 7140488.0 85
1710857331125 7140488.0 86
1710857612491 7140488.0 87
1710857891974 7140488.0 88
1710858171065 7140488.0 89
1710858451190 7140488.0 90
1710858730950 7140488.0 91
1710859010738 7140488.0 92
1710859292275 7140488.0 93
1710859572449 7140488.0 94
1710859852762 7140488.0 95
1710860134061 7140488.0 96
1710860412546 7140488.0 97
1710860692069 7140488.0 98
1710860973616 7140488.0 99
1710861253153 7140488.0 100
1710861532760 7140488.0 101
1710861814230 7140488.0 102
1710862093302 7140488.0 103
1710862371960 7140488.0 104
1710862654030 7140488.0 105
1710862933665 7140488.0 106
1710863213647 7140488.0 107
1710863495360 7140488.0 108
1710863774755 7140488.0 109
1710864054817 7140488.0 110
1710864335152 7140488.0 111
1710864614566 7140488.0 112
1710864894759 7140488.0 113
1710865176586 7140488.0 114
1710865455801 7140488.0 115
1710865735383 7140488.0 116
1710866016373 7140488.0 117
1710866294738 7140488.0 118
1710866573851 7140488.0 119
1710866855043 7140488.0 120
1710867134347 7140488.0 121
1710867414112 7140488.0 122
1710867695970 7140488.0 123
1710867975755 7140488.0 124
1710868255183 7140488.0 125
1710868535179 7140488.0 126
1710868814460 7140488.0 127
1710869094313 7140488.0 128
1710869376050 7140488.0 129
1710869655989 7140488.0 130
1710869935949 7140488.0 131
1710870217128 7140488.0 132
1710870495848 7140488.0 133
1710870775501 7140488.0 134
1710871057119 7140488.0 135
1710871336884 7140488.0 136
1710871616307 7140488.0 137
1710871897902 7140488.0 138
1710872177166 7140488.0 139
1710872456028 7140488.0 140
1710872737050 7140488.0 141
1710873016497 7140488.0 142
1710873296364 7140488.0 143
1710873578165 7140488.0 144
1710873857955 7140488.0 145
1710874137255 7140488.0 146
1710874417947 7140488.0 147
1710874696084 7140488.0 148
1710874975410 7140488.0 149
1710875256424 7140488.0 150
1710875535049 7140488.0 151
1710875814554 7140488.0 152
1710876094570 7140488.0 153
1710876374146 7140488.0 154
1710876651816 7140488.0 155
1710876932303 7140488.0 156
1710877211271 7140488.0 157
1710877490277 7140488.0 158
1710877771385 7140488.0 159
1710878050283 7140488.0 160
1710878329611 7140488.0 161
1710878608658 7140488.0 162
1710878887361 7140488.0 163
1710879166180 7140488.0 164
1710879447188 7140488.0 165
1710879726521 7140488.0 166
1710880006073 7140488.0 167
1710880286490 7140488.0 168
1710880565667 7140488.0 169
1710880843978 7140488.0 170
1710881124246 7140488.0 171
1710881402427 7140488.0 172
1710881681238 7140488.0 173
1710881960262 7140488.0 174
1710882239675 7140488.0 175
1710882518607 7140488.0 176
1710882796241 7140488.0 177
1710883075804 7140488.0 178
1710883354531 7140488.0 179
1710883634031 7140488.0 180
1710883913088 7140488.0 181
1710884192013 7140488.0 182
1710884471724 7140488.0 183
1710884750649 7140488.0 184
1710885029829 7140488.0 185
1710885310056 7140488.0 186
1710885589456 7140488.0 187
1710885868830 7140488.0 188
1710886150216 7140488.0 189
1710886431842 7140488.0 190
1710886712532 7140488.0 191
1710886992032 7140488.0 192
1710887274007 7140488.0 193
1710887554052 7140488.0 194
1710887835675 7140488.0 195
1710888116322 7140488.0 196
1710888395593 7140488.0 197
1710888675302 7140488.0 198
1710888953953 7140488.0 199
1710889232065 7140488.0 200
1710889512188 7140488.0 201
1710889792056 7140488.0 202
1710890070949 7140488.0 203
1710890350915 7140488.0 204
1710890631721 7140488.0 205
1710890910665 7140488.0 206
1710891188776 7140488.0 207
1710891469401 7140488.0 208
1710891748948 7140488.0 209
1710892028541 7140488.0 210
1710892309044 7140488.0 211
1710892588743 7140488.0 212
1710892868726 7140488.0 213
1710893149068 7140488.0 214
1710893428667 7140488.0 215
1710893712024 7140488.0 216
1710893993736 7140488.0 217
1710894272086 7140488.0 218
1710894550675 7140488.0 219
1710894830754 7140488.0 220
1710895109607 7140488.0 221
1710895386465 7140488.0 222
1710895666650 7140488.0 223
1710895944842 7140488.0 224
1710896225607 7140488.0 225
1710896506230 7140488.0 226
1710896785014 7140488.0 227
1710897064210 7140488.0 228
1710897342820 7140488.0 229
1710897620938 7140488.0 230
1710897899822 7140488.0 231
1710898180006 7140488.0 232
1710898458077 7140488.0 233
1710898736475 7140488.0 234
1710899016956 7140488.0 235
1710899294073 7140488.0 236
1710899573660 7140488.0 237
1710899854804 7140488.0 238
1710900134141 7140488.0 239
1710900413795 7140488.0 240
1710900694733 7140488.0 241
1710900973871 7140488.0 242
1710901251462 7140488.0 243
1710901532266 7140488.0 244
1710901811595 7140488.0 245
1710902091479 7140488.0 246
1710902373641 7140488.0 247
1710902654045 7140488.0 248
1710902936921 7140488.0 249
1710903219026 7140488.0 250
1710903497831 7140488.0 251
1710903778835 7140488.0 252
1710904060054 7140488.0 253
1710904339279 7140488.0 254
1710904618288 7140488.0 255
1710904898578 7140488.0 256
1710905177775 7140488.0 257
1710905455864 7140488.0 258
1710905736103 7140488.0 259
1710906014733 7140488.0 260
1710906294179 7140488.0 261
1710906575182 7140488.0 262
1710906855510 7140488.0 263
1710907134537 7140488.0 264
1710907412684 7140488.0 265
1710907692256 7140488.0 266
1710907972755 7140488.0 267
1710908254768 7140488.0 268
1710908534850 7140488.0 269
1710908813916 7140488.0 270
1710909095306 7140488.0 271
1710909373607 7140488.0 272
1710909652801 7140488.0 273
1710909934502 7140488.0 274
1710910214393 7140488.0 275
1710910494555 7140488.0 276
1710910775775 7140488.0 277
1710911054830 7140488.0 278
1710911333388 7140488.0 279
1710911613320 7140488.0 280
1710911892703 7140488.0 281
1710912172387 7140488.0 282
1710912453635 7140488.0 283
1710912733381 7140488.0 284
1710913013663 7140488.0 285
1710913295017 7140488.0 286
1710913572961 7140488.0 287
1710913852748 7140488.0 288
1710914134072 7140488.0 289
1710914413609 7140488.0 290
1710914693196 7140488.0 291
1710914974394 7140488.0 292
1710915253856 7140488.0 293
1710915532866 7140488.0 294
1710915814232 7140488.0 295
1710916093469 7140488.0 296
1710916373268 7140488.0 297
1710916661717 7140488.0 298
1710916941234 7140488.0 299
