1710833450085 5.475594080012778 0
1710833639026 5.3646098608556 1
1710833828070 5.415660065153371 2
1710834107124 5.3756098125291905 3
1710834386182 5.346154153347015 4
1710834666414 5.342022312724072 5
1710834944478 5.344387041485828 6
1710835223159 5.340170386044876 7
1710835504014 5.338985406834146 8
1710835783734 5.3266800927079245 9
1710836063562 5.3397340955941575 10
1710836344965 5.329107504823933 11
1710836624874 5.332471313683883 12
1710836903707 5.331799579703289 13
1710837183990 5.334758413874584 14
1710837463650 5.335564201292784 15
1710837742807 5.332647673461748 16
1710838023624 5.329610637996508 17
1710838303651 5.329864242802495 18
1710838583304 5.328687680804211 19
1710838862658 5.331183679725813 20
1710839141218 5.327747521193131 21
1710839420396 5.329389577326567 22
1710839700688 5.332071954789369 23
1710839980636 5.324656870054162 24
1710840260891 5.323532964872277 25
1710840540887 5.3318775088890735 26
1710840819511 5.329742514568826 27
1710841098456 5.330803858197254 28
1710841378299 5.325000905472299 29
1710841658543 5.331850736037545 30
1710841938019 5.3227116258248035 31
1710842217637 5.329698565213577 32
1710842497878 5.323002506857333 33
1710842775731 5.3221961415332295 34
1710843056481 5.321648429269376 35
1710843336977 5.321849125882854 36
1710843615910 5.322589780973352 37
1710843895426 5.318716458652331 38
1710844176308 5.316275482592375 39
1710844456032 5.319306497988493 40
1710844733457 5.318920664165331 41
1710845014142 5.313958007356395 42
1710845293555 5.317161023616791 43
1710845572825 5.317837479321853 44
1710845854616 5.313686497833418 45
1710846134188 5.315730874953062 46
1710846413911 5.310710401638694 47
1710846693974 5.317202819430309 48
1710846973308 5.308661271696505 49
1710847252626 5.31400175716566 50
1710847534244 5.313213236953901 51
1710847813744 5.311424462691598 52
1710848093635 5.30727881193161 53
1710848374940 5.314707385457081 54
1710848652711 5.309613144916037 55
1710848932347 5.308311120323513 56
1710849213540 5.311602965645168 57
1710849493231 5.309523411419081 58
1710849772983 5.307262109673542 59
1710850054525 5.306593019029369 60
1710850334142 5.308106497577999 61
1710850611762 5.302065999611564 62
1710850892920 5.3071280303208725 63
1710851173106 5.30392513067826 64
1710851452673 5.306339797766312 65
1710851732613 5.303697689719822 66
1710852011424 5.3029138264448745 67
1710852290086 5.301436794840771 68
1710852570429 5.300009548664093 69
1710852849797 5.302325261675793 70
1710853129250 5.297229396260303 71
1710853410498 5.300396437230318 72
1710853690460 5.301263290902843 73
1710853970166 5.294330298900604 74
1710854251373 5.291096399659696 75
1710854529625 5.295661835566811 76
1710854810111 5.290391870166944 77
1710855090647 5.292806112247964 78
1710855369819 5.286541708137678 79
1710855649258 5.289322365885195 80
1710855930928 5.280020071112591 81
1710856210663 5.279570004214412 82
1710856489710 5.275111760782159 83
1710856771647 5.271799603234166 84
1710857051214 5.267469794853874 85
1710857331116 5.259223059467647 86
1710857612482 5.246123881443687 87
1710857891964 5.247718417126199 88
1710858171056 5.2318938011708465 89
1710858451180 5.21855094899302 90
1710858730939 5.211728101191313 91
1710859010729 5.194549384324447 92
1710859292265 5.192276617755061 93
1710859572439 5.187374114990234 94
1710859852752 5.170052909332773 95
1710860134053 5.150141420571701 96
1710860412537 5.132280142410941 97
1710860692060 5.130212348440419 98
1710860973608 5.0920247098673945 99
1710861253143 5.0871234302935395 100
1710861532752 5.065717111463132 101
1710861814222 5.04353436179783 102
1710862093293 5.0175605727278665 103
1710862371949 4.999732574690944 104
1710862654021 4.979921190635018 105
1710862933657 4.971612054368724 106
1710863213637 4.95030498245488 107
1710863495352 4.918475925922394 108
1710863774747 4.9213521791541055 109
1710864054807 4.853122511635656 110
1710864335145 4.860996632472329 111
1710864614556 4.86245129937711 112
1710864894749 4.7993993033533515 113
1710865176577 4.803259432315826 114
1710865455792 4.779361320578533 115
1710865735373 4.74849652207416 116
1710866016365 4.7067424058914185 117
1710866294729 4.678790696289228 118
1710866573842 4.668533625810043 119
1710866855036 4.659131819787233 120
1710867134339 4.641611779513567 121
1710867414102 4.601574325043222 122
1710867695966 4.568592503019001 123
1710867975747 4.565694702708202 124
1710868255173 4.559319568716961 125
1710868535170 4.497580446626829 126
1710868814453 4.520032525062561 127
1710869094305 4.439894783756007 128
1710869376039 4.458094072082768 129
1710869655979 4.404636709586434 130
1710869935940 4.412301830623461 131
1710870217119 4.368102928866511 132
1710870495839 4.357303281193194 133
1710870775491 4.3181127504162164 134
1710871057110 4.356842190027237 135
1710871336873 4.304791418106659 136
1710871616298 4.297777397477108 137
1710871897892 4.272126682426618 138
1710872177162 4.214781441118406 139
1710872456019 4.173810073862905 140
1710872737045 4.156584747459577 141
1710873016487 4.146571101053901 142
1710873296355 4.142272008501965 143
1710873578157 4.134884989779929 144
1710873857946 4.175985709480617 145
1710874137252 4.09283542373906 146
1710874417936 4.041696326888126 147
1710874696075 4.057764039091442 148
1710874975401 4.011033462441486 149
1710875256416 3.9649318340032 150
1710875535041 3.9822508446548297 151
1710875814545 3.928787026716315 152
1710876094561 3.9406360361887063 153
1710876374137 3.9163055679072505 154
1710876651807 3.9620575166266896 155
1710876932295 3.900151085594426 156
1710877211263 3.8794393124787705 157
1710877490266 3.8273017445336217 158
1710877771377 3.843173226584559 159
1710878050274 3.838521209747895 160
1710878329603 3.7968176214591316 161
1710878608648 3.813726562520732 162
1710878887353 3.875777918359508 163
1710879166176 3.7921992903170376 164
1710879447179 3.7655116526976875 165
1710879726516 3.7660487825455875 166
1710880006065 3.749393863522488 167
1710880286479 3.704936611911525 168
1710880565659 3.7172618015952734 169
1710880843968 3.75405272193577 170
1710881124239 3.685878714789515 171
1710881402422 3.6449804591095964 172
1710881681230 3.6035717116749804 173
1710881960259 3.5646506794120953 174
1710882239666 3.5523337799569834 175
1710882518599 3.609627534513888 176
1710882796237 3.608812786962675 177
1710883075796 3.59579053391581 178
1710883354523 3.534214215434116 179
1710883634022 3.4917921903340714 180
1710883913080 3.5695141476133596 181
1710884192010 3.5273778231247612 182
1710884471721 3.465025913456212 183
1710884750640 3.443275854639385 184
1710885029820 3.5104110448256782 185
1710885310048 3.4005829614141714 186
1710885589452 3.392904336037843 187
1710885868821 3.359093304561532 188
1710886150212 3.436111649741297 189
1710886431839 3.4642718615739243 190
1710886712521 3.4198873626149218 191
1710886992028 3.354646428771641 192
1710887273998 3.4259277193442634 193
1710887554042 3.399614315965901 194
1710887835666 3.31280919196813 195
1710888116312 3.290937961443611 196
1710888395589 3.3031471462353417 197
1710888675293 3.3264901443668036 198
1710888953949 3.3480673769245977 199
1710889232061 3.339458492786988 200
1710889512178 3.268140284911446 201
1710889792053 3.3172376311343648 202
1710890070945 3.2894323500602143 203
1710890350907 3.175657008005225 204
1710890631710 3.2357338835363803 205
1710890910660 3.289838960637217 206
1710891188768 3.1912986163211907 207
1710891469392 3.1591871445593624 208
1710891748940 3.1961211244697156 209
1710892028532 3.231863133933233 210
1710892309035 3.258813586571942 211
1710892588733 3.2231190211099126 212
1710892868717 3.1426490908083706 213
1710893149065 3.138802638520365 214
1710893428664 3.2171367698389552 215
1710893712021 3.121775910258293 216
1710893993731 3.1921489757040273 217
1710894272083 3.215387460330258 218
1710894550672 3.0952304063931755 219
1710894830746 3.1485985161169716 220
1710895109602 3.1864868272905764 221
1710895386455 3.1000694749147995 222
1710895666641 3.084809853978779 223
1710895944837 3.149678208257841 224
1710896225603 3.2141421832468198 225
1710896506227 3.051461846932121 226
1710896785011 3.008782114023748 227
1710897064203 3.019114271454189 228
1710897342810 3.0962273219357366 229
1710897620935 3.1140588755192966 230
1710897899818 3.059699363682581 231
1710898180002 3.0705141496399175 232
1710898458072 3.023625517021055 233
1710898736471 2.97390242115311 234
1710899016948 3.048785935925401 235
1710899294069 3.088493135312329 236
1710899573650 3.0543061559614926 237
1710899854796 2.991371848660967 238
1710900134132 3.0720778003982874 239
1710900413790 2.928054518025854 240
1710900694729 2.98087777197361 241
1710900973864 3.03726879928423 242
1710901251458 2.9661865759155024 243
1710901532258 2.9319365840891134 244
1710901811591 2.9745737735344018 245
1710902091475 2.93638704198858 246
1710902373638 3.003674077598945 247
1710902654041 2.9955889012502586 248
1710902936917 2.983826742224071 249
1710903219017 2.964746514092321 250
1710903497828 2.9603440372840217 251
1710903778826 3.0171224312937777 252
1710904060050 2.9226444285848867 253
1710904339270 3.0102816625781683 254
1710904618283 2.9202177744844686 255
1710904898573 2.8545735433049826 256
1710905177766 2.898413349104964 257
1710905455861 2.905677487668784 258
1710905736099 2.9399380029543587 259
1710906014730 3.003659712879554 260
1710906294168 2.9438891631105673 261
1710906575172 2.9930815580098526 262
1710906855502 2.9434848725795746 263
1710907134533 2.8768572956323624 264
1710907412679 2.927836886566618 265
1710907692248 2.800138454074445 266
1710907972745 2.8528058606645335 267
1710908254764 2.8886798367552133 268
1710908534847 2.9141745904217595 269
1710908813913 2.864616197736367 270
1710909095298 2.9189156682594963 271
1710909373604 2.880758208425149 272
1710909652793 2.880038605436035 273
1710909934495 2.7706461944009946 274
1710910214386 2.852296183290689 275
1710910494546 2.8583062200442604 276
1710910775771 2.832818914366805 277
1710911054827 2.810376250225565 278
1710911333385 2.8227222367473273 279
1710911613315 2.8030198320098547 280
1710911892700 2.7626454726509424 281
1710912172383 2.842482314161632 282
1710912453631 2.774400538076525 283
1710912733378 2.7567784501158674 284
1710913013655 2.7948812628569812 285
1710913295014 2.849443107843399 286
1710913572957 2.851520010310671 287
1710913852740 2.8362921385661415 288
1710914134066 2.7027309122292893 289
1710914413605 2.804103040824766 290
1710914693189 2.7703985565382503 291
1710914974390 2.8108054885397786 292
1710915253852 2.779386993335641 293
1710915532858 2.7704704390919725 294
1710915814224 2.7888895065888115 295
1710916093460 2.7369601467381353 296
1710916373260 2.7729517299195994 297
1710916661713 2.717069258508475 298
1710916941230 2.77922444175119 299
