1710833450084 1.0000000000000023e-05 0
1710833639022 1.0000000000000023e-05 1
1710833828066 8.062500000000027e-06 2
1710834107121 6.12500000000003e-06 3
1710834386180 4.187499999999992e-06 4
1710834666411 2.2499999999999895e-06 5
1710834944475 3.191381910325326e-07 6
1710835223157 3.220580341755585e-07 7
1710835504013 3.255080009440325e-07 8
1710835783731 3.2948771301021287e-07 9
1710836063558 3.339967339538332e-07 10
1710836344963 3.390345693099251e-07 11
1710836624872 3.4460066662308314e-07 12
1710836903705 3.506944155079992e-07 13
1710837183989 3.573151477164458e-07 14
1710837463649 3.6446213721052437e-07 15
1710837742805 3.721346002423039e-07 16
1710838023622 3.8033169543974343e-07 17
1710838303650 3.890525238989876e-07 18
1710838583300 3.982961292829128e-07 19
1710838862655 4.0806149792603364e-07 20
1710839141216 4.1834755894563e-07 21
1710839420394 4.2915318435919196e-07 22
1710839700685 4.404771892081279e-07 23
1710839980634 4.523183316876992e-07 24
1710840260887 4.646753132831952e-07 25
1710840540883 4.775467789123253e-07 26
1710840819509 4.909313170738425e-07 27
1710841098455 5.048274600023082e-07 28
1710841378297 5.19233683829051e-07 29
1710841658542 5.341484087492844e-07 30
1710841938016 5.495699991953524e-07 31
1710842217635 5.654967640160731e-07 32
1710842497876 5.819269566621991e-07 33
1710842775730 5.988587753779688e-07 34
1710843056479 6.162903633986543e-07 35
1710843336975 6.342198091541793e-07 36
1710843615908 6.526451464787815e-07 37
1710843895425 6.715643548265904e-07 38
1710844176307 6.909753594931996e-07 39
1710844456030 7.108760318432159e-07 40
1710844733455 7.312641895436555e-07 41
1710845014140 7.52137596803262e-07 42
1710845293553 7.734939646177183e-07 43
1710845572823 7.953309510206252e-07 44
1710845854615 8.176461613403491e-07 45
1710846134187 8.404371484625931e-07 46
1710846413910 8.637014130988072e-07 47
1710846693973 8.874364040601944e-07 48
1710846973306 9.116395185375411e-07 49
1710847252625 9.363081023865858e-07 50
1710847534243 9.614394504191237e-07 51
1710847813742 9.870308066996486e-07 52
1710848093631 1.013079364847549e-06 53
1710848374939 1.0395822683448807e-06 54
1710848652710 1.066536610849618e-06 55
1710848932346 1.0939394365143558e-06 56
1710849213538 1.121787740310459e-06 57
1710849493227 1.150078468357597e-06 58
1710849772981 1.1788085182586187e-06 59
1710850054521 1.2079747394398213e-06 60
1710850334141 1.2375739334963452e-06 61
1710850611760 1.2676028545430344e-06 62
1710850892918 1.2980582095703018e-06 63
1710851173102 1.328936658805249e-06 64
1710851452672 1.3602348160779618e-06 65
1710851732612 1.3919492491927944e-06 66
1710852011422 1.4240764803047666e-06 67
1710852290084 1.4566129863009515e-06 68
1710852570428 1.4895551991868048e-06 69
1710852849796 1.5228995064774625e-06 70
1710853129249 1.5566422515938653e-06 71
1710853410497 1.590779734263794e-06 72
1710853690456 1.6253082109275363e-06 73
1710853970165 1.6602238951485594e-06 74
1710854251369 1.6955229580286182e-06 75
1710854529621 1.7312015286276542e-06 76
1710854810107 1.7672556943883824e-06 77
1710855090643 1.8036815015652275e-06 78
1710855369817 1.840474955657923e-06 79
1710855649256 1.877632021849615e-06 80
1710855930927 1.9151486254492885e-06 81
1710856210659 1.953020652338572e-06 82
1710856489706 1.9912439494229233e-06 83
1710856771642 2.0298143250871248e-06 84
1710857051213 2.0687275496547815e-06 85
1710857331112 2.1079793558523444e-06 86
1710857612478 2.1475654392769256e-06 87
1710857891960 2.1874814588683914e-06 88
1710858171052 2.2277230373853766e-06 89
1710858451176 2.2682857618852924e-06 90
1710858730935 2.3091651842083445e-06 91
1710859010725 2.350356821465147e-06 92
1710859292260 2.391856156528525e-06 93
1710859572435 2.4336586385287364e-06 94
1710859852747 2.475759683352556e-06 95
1710860134049 2.5181546741459607e-06 96
1710860412534 2.560838961820496e-06 97
1710860692057 2.603807865562968e-06 98
1710860973604 2.647056673348895e-06 99
1710861253139 2.6905806424591478e-06 100
1710861532748 2.734375000000011e-06 101
1710861814217 2.7784349434266574e-06 102
1710862093289 2.822755641069819e-06 103
1710862371945 2.867332232665521e-06 104
1710862654017 2.9121598298881743e-06 105
1710862933653 2.9572335168865753e-06 106
1710863213633 3.0025483508230084e-06 107
1710863495349 3.048099362415285e-06 108
1710863774742 3.0938815564816866e-06 109
1710864054804 3.139889912488674e-06 110
1710864335141 3.1861193851015963e-06 111
1710864614552 3.232564904737785e-06 112
1710864894745 3.2792213781226276e-06 113
1710865176573 3.3260836888480595e-06 114
1710865455788 3.3731466979335902e-06 115
1710865735369 3.420405244389952e-06 116
1710866016362 3.4678541457849673e-06 117
1710866294725 3.5154881988118635e-06 118
1710866573838 3.563302179859988e-06 119
1710866855032 3.611290845587466e-06 120
1710867134335 3.6594489334963507e-06 121
1710867414099 3.7077711625095747e-06 122
1710867695964 3.7562522335502087e-06 123
1710867975743 3.8048868301224853e-06 124
1710868255168 3.853669618894797e-06 125
1710868535167 3.902595250284675e-06 126
1710868814450 3.951658359045236e-06 127
1710869094301 4.0008535648537616e-06 128
1710869376035 4.050175472901523e-06 129
1710869655975 4.099618674485485e-06 130
1710869935935 4.149177747601492e-06 131
1710870217115 4.1988472575386115e-06 132
1710870495834 4.248621757475384e-06 133
1710870775487 4.29849578907702e-06 134
1710871057106 4.348463883093878e-06 135
1710871336869 4.398520559961393e-06 136
1710871616294 4.448660330400815e-06 137
1710871897888 4.4988776960213476e-06 138
1710872177160 4.5491671499228845e-06 139
1710872456014 4.599523177300187e-06 140
1710872737043 4.6499402560473005e-06 141
1710873016484 4.700412857363458e-06 142
1710873296351 4.7509354463591095e-06 143
1710873578153 4.801502482663034e-06 144
1710873857942 4.852108421029902e-06 145
1710874137250 4.902747711948232e-06 146
1710874417933 4.9534148022492e-06 147
1710874696072 5.004104135715318e-06 148
1710874975397 5.054810153690001e-06 149
1710875256412 5.10552729568695e-06 150
1710875535037 5.15624999999998e-06 151
1710875814541 5.2069727043130485e-06 152
1710876094558 5.257689846310008e-06 153
1710876374134 5.308395864284693e-06 154
1710876651803 5.359085197750798e-06 155
1710876932291 5.409752288051781e-06 156
1710877211259 5.460391578970094e-06 157
1710877490262 5.510997517336975e-06 158
1710877771373 5.561564553640886e-06 159
1710878050269 5.612087142636538e-06 160
1710878329599 5.662559743952702e-06 161
1710878608645 5.712976822699815e-06 162
1710878887350 5.763332850077116e-06 163
1710879166175 5.81362230397866e-06 164
1710879447176 5.863839669599184e-06 165
1710879726514 5.913979440038597e-06 166
1710880006061 5.964036116906131e-06 167
1710880286475 6.01400421092299e-06 168
1710880565655 6.063878242524633e-06 169
1710880843965 6.113652742461386e-06 170
1710881124235 6.163322252398521e-06 171
1710881402421 6.212881325514518e-06 172
1710881681227 6.262324527098489e-06 173
1710881960258 6.311646435146245e-06 174
1710882239662 6.3608416409547844e-06 175
1710882518595 6.40990474971535e-06 176
1710882796236 6.4588303811052065e-06 177
1710883075792 6.507613169877505e-06 178
1710883354519 6.556247766449794e-06 179
1710883634019 6.604728837490409e-06 180
1710883913076 6.65305106650365e-06 181
1710884192009 6.701209154412539e-06 182
1710884471719 6.749197820140013e-06 183
1710884750636 6.797011801188138e-06 184
1710885029816 6.844645854215019e-06 185
1710885310045 6.8920947556100596e-06 186
1710885589451 6.93935330206642e-06 187
1710885868817 6.986416311151925e-06 188
1710886150210 7.0332786218773605e-06 189
1710886431838 7.079935095262201e-06 190
1710886712517 7.126380614898416e-06 191
1710886992027 7.172610087511296e-06 192
1710887273994 7.218618443518348e-06 193
1710887554038 7.264400637584697e-06 194
1710887835662 7.309951649177024e-06 195
1710888116308 7.355266483113457e-06 196
1710888395587 7.400340170111828e-06 197
1710888675289 7.44516776733449e-06 198
1710888953947 7.489744358930185e-06 199
1710889232059 7.5340650565733505e-06 200
1710889512174 7.57812499999999e-06 201
1710889792052 7.621919357540826e-06 202
1710890070943 7.665443326651084e-06 203
1710890350903 7.70869213443701e-06 204
1710890631706 7.751661038179542e-06 205
1710890910658 7.79434532585405e-06 206
1710891188764 7.836740316647448e-06 207
1710891469388 7.878841361471238e-06 208
1710891748937 7.920643843471453e-06 209
1710892028528 7.962143178534829e-06 210
1710892309031 8.00333481579169e-06 211
1710892588729 8.044214238114687e-06 212
1710892868713 8.084776962614635e-06 213
1710893149063 8.12501854113162e-06 214
1710893428662 8.164934560723051e-06 215
1710893712020 8.204520644147672e-06 216
1710893993729 8.24377245034523e-06 217
1710894272081 8.282685674912913e-06 218
1710894550671 8.321256050577097e-06 219
1710894830742 8.359479347661474e-06 220
1710895109600 8.397351374550747e-06 221
1710895386452 8.434867978150382e-06 222
1710895666637 8.472025044342074e-06 223
1710895944836 8.508818498434783e-06 224
1710896225602 8.545244305611596e-06 225
1710896506225 8.581298471372324e-06 226
1710896785009 8.616977041971387e-06 227
1710897064200 8.652276104851474e-06 228
1710897342807 8.687191789072479e-06 229
1710897620933 8.72172026573617e-06 230
1710897899817 8.755857748406151e-06 231
1710898180001 8.789600493522513e-06 232
1710898458069 8.822944800813219e-06 233
1710898736470 8.85588701369908e-06 234
1710899016944 8.888423519695255e-06 235
1710899294067 8.920550750807244e-06 236
1710899573646 8.952265183922071e-06 237
1710899854792 8.983563341194772e-06 238
1710900134128 9.014441790429673e-06 239
1710900413788 9.044897145456984e-06 240
1710900694727 9.074926066503633e-06 241
1710900973860 9.104525260560163e-06 242
1710901251456 9.13369148174137e-06 243
1710901532254 9.162421531642384e-06 244
1710901811590 9.190712259689506e-06 245
1710902091473 9.218560563485665e-06 246
1710902373636 9.245963389150363e-06 247
1710902654039 9.272917731655098e-06 248
1710902936916 9.29942063515247e-06 249
1710903219013 9.325469193300387e-06 250
1710903497827 9.351060549580866e-06 251
1710903778822 9.376191897613425e-06 252
1710904060049 9.400860481462464e-06 253
1710904339266 9.425063595939841e-06 254
1710904618282 9.448798586901212e-06 255
1710904898571 9.472062851537453e-06 256
1710905177762 9.49485383865963e-06 257
1710905455859 9.517169048979365e-06 258
1710905736098 9.539006035382294e-06 259
1710906014728 9.560362403196728e-06 260
1710906294165 9.581235810456323e-06 261
1710906575169 9.601623968156795e-06 262
1710906855499 9.621524640506828e-06 263
1710907134531 9.640935645173373e-06 264
1710907412677 9.65985485352123e-06 265
1710907692244 9.678280190845785e-06 266
1710907972742 9.696209636601323e-06 267
1710908254762 9.713641224622008e-06 268
1710908534846 9.730573043337769e-06 269
1710908813912 9.747003235983962e-06 270
1710909095294 9.762930000804634e-06 271
1710909373603 9.7783515912507e-06 272
1710909652790 9.793266316170908e-06 273
1710909934492 9.807672539997727e-06 274
1710910214383 9.821568682926177e-06 275
1710910494542 9.834953221087639e-06 276
1710910775770 9.847824686716812e-06 277
1710911054825 9.860181668312316e-06 278
1710911333383 9.87202281079185e-06 279
1710911613313 9.883346815640847e-06 280
1710911892698 9.894152441054399e-06 281
1710912172382 9.904438502073931e-06 282
1710912453630 9.91420387071711e-06 283
1710912733376 9.923447476101047e-06 284
1710913013651 9.932168304560229e-06 285
1710913295012 9.940365399757707e-06 286
1710913572955 9.948037862789427e-06 287
1710913852736 9.955184852283527e-06 288
1710914134063 9.961805584492033e-06 289
1710914413604 9.967899333376917e-06 290
1710914693186 9.973465430690053e-06 291
1710914974388 9.97850326604615e-06 292
1710915253850 9.983012286989815e-06 293
1710915532854 9.986991999056001e-06 294
1710915814221 9.99044196582447e-06 295
1710916093456 9.993361808967517e-06 296
1710916373256 9.995751208291364e-06 297
1710916661711 9.997609901771532e-06 298
1710916941229 9.9989376855813e-06 299
