1714434689272 0.0 0
1714435052078 1.0 1
1714435471416 2.0 2
1714435837402 3.0 3
1714436253134 4.0 4
1714436617198 5.0 5
1714437008978 6.0 6
1714437367241 7.0 7
1714437754415 8.0 8
1714438105545 9.0 9
1714438486077 10.0 10
1714438840664 11.0 11
1714439214196 12.0 12
1714439573877 13.0 13
1714439941594 14.0 14
1714440305541 15.0 15
1714440678359 16.0 16
1714441053042 17.0 17
1714441408686 18.0 18
1714441789901 19.0 19
1714442171037 20.0 20
1714442559340 21.0 21
1714442913480 22.0 22
1714443319393 23.0 23
1714443693395 24.0 24
1714444103392 25.0 25
1714444470078 26.0 26
1714444893103 27.0 27
1714445262338 28.0 28
1714445678975 29.0 29
1714446045465 30.0 30
1714446458791 31.0 31
1714446820368 32.0 32
1714447218903 33.0 33
1714447582120 34.0 34
1714447969565 35.0 35
1714448330826 36.0 36
1714448716953 37.0 37
1714449069150 38.0 38
1714449449272 39.0 39
1714449816889 40.0 40
1714450184771 41.0 41
1714450548216 42.0 42
1714450901948 43.0 43
1714451292822 44.0 44
1714451657744 45.0 45
1714452040309 46.0 46
1714452396451 47.0 47
1714452806717 48.0 48
1714453194630 49.0 49
1714453603613 50.0 50
1714453987914 51.0 51
1714454385889 52.0 52
1714454766998 53.0 53
1714455156967 54.0 54
1714455531131 55.0 55
1714455909271 56.0 56
1714456268268 57.0 57
1714456650934 58.0 58
1714457000829 59.0 59
1714457376035 60.0 60
1714457737683 61.0 61
1714458109132 62.0 62
1714458471973 63.0 63
1714458843641 64.0 64
1714459208166 65.0 65
1714459569804 66.0 66
1714459942278 67.0 67
1714460321127 68.0 68
1714460707016 69.0 69
1714461078694 70.0 70
1714461467992 71.0 71
1714461864145 72.0 72
1714462263731 73.0 73
1714462668372 74.0 74
1714463058426 75.0 75
1714463460957 76.0 76
1714463853257 77.0 77
1714464383465 78.0 78
1714464967624 79.0 79
1714465544897 80.0 80
1714466071595 81.0 81
1714466597267 82.0 82
1714467124225 83.0 83
1714467654680 84.0 84
1714468179500 85.0 85
1714468696344 86.0 86
1714469225740 87.0 87
1714469744159 88.0 88
1714470260604 89.0 89
1714470811176 90.0 90
1714471285570 91.0 91
1714471794375 92.0 92
1714472246775 93.0 93
1714472696601 94.0 94
1714473217436 95.0 95
1714473685848 96.0 96
1714474152678 97.0 97
1714474635425 98.0 98
1714475090113 99.0 99
1714475587772 100.0 100
1714476094854 101.0 101
1714476523250 102.0 102
1714476931285 103.0 103
1714477441746 104.0 104
1714477938957 105.0 105
1714478429827 106.0 106
1714478901373 107.0 107
1714479356485 108.0 108
1714479860570 109.0 109
1714480342377 110.0 110
1714480775173 111.0 111
1714481256391 112.0 112
1714481744269 113.0 113
1714482210167 114.0 114
1714482692267 115.0 115
1714483140406 116.0 116
1714483616113 117.0 117
1714484124829 118.0 118
1714484568701 119.0 119
1714485048834 120.0 120
1714485531928 121.0 121
1714485962091 122.0 122
1714486445037 123.0 123
1714486928032 124.0 124
1714487367657 125.0 125
1714487828323 126.0 126
1714488307266 127.0 127
1714488791900 128.0 128
1714489282827 129.0 129
1714489727519 130.0 130
1714490180615 131.0 131
1714490685468 132.0 132
1714491156301 133.0 133
1714491576623 134.0 134
1714492066513 135.0 135
1714492544094 136.0 136
1714493016211 137.0 137
1714493488833 138.0 138
1714493931688 139.0 139
1714494387205 140.0 140
1714494893532 141.0 141
1714495341121 142.0 142
1714495773543 143.0 143
1714496278056 144.0 144
1714496753316 145.0 145
1714497243010 146.0 146
1714497708083 147.0 147
1714498144721 148.0 148
1714498643713 149.0 149
1714499122671 150.0 150
1714499576832 151.0 151
1714500059859 152.0 152
1714500543316 153.0 153
1714501011482 154.0 154
1714501511124 155.0 155
1714501938173 156.0 156
1714502426499 157.0 157
1714502919262 158.0 158
1714503329921 159.0 159
1714503780180 160.0 160
1714504284684 161.0 161
1714504749668 162.0 162
1714505206063 163.0 163
1714505680311 164.0 164
1714506150360 165.0 165
1714506642274 166.0 166
1714507108041 167.0 167
1714507554822 168.0 168
1714508030080 169.0 169
1714508526039 170.0 170
1714508958679 171.0 171
1714509442755 172.0 172
1714509911006 173.0 173
1714510369725 174.0 174
1714510866979 175.0 175
1714511331611 176.0 176
1714511760116 177.0 177
1714512259823 178.0 178
1714512721915 179.0 179
1714513191833 180.0 180
1714513690608 181.0 181
1714514114893 182.0 182
1714514585082 183.0 183
1714515074290 184.0 184
1714515534686 185.0 185
1714516014481 186.0 186
1714516477761 187.0 187
1714516946605 188.0 188
1714517442655 189.0 189
1714517895392 190.0 190
1714518328750 191.0 191
1714518798322 192.0 192
1714519277612 193.0 193
1714519746985 194.0 194
1714520232945 195.0 195
1714520676099 196.0 196
1714521158184 197.0 197
1714521667973 198.0 198
1714522109762 199.0 199
1714522517436 200.0 200
1714523033893 201.0 201
1714523534463 202.0 202
1714524018543 203.0 203
1714524497777 204.0 204
1714524961217 205.0 205
1714525466359 206.0 206
1714525945429 207.0 207
1714526360069 208.0 208
1714526819703 209.0 209
1714527317420 210.0 210
1714527804711 211.0 211
1714528261925 212.0 212
1714528709348 213.0 213
1714529178419 214.0 214
1714529668195 215.0 215
1714530109915 216.0 216
1714530545641 217.0 217
1714531033193 218.0 218
1714531509354 219.0 219
1714531939190 220.0 220
1714532417441 221.0 221
1714532916695 222.0 222
1714533408048 223.0 223
1714533914710 224.0 224
1714534379365 225.0 225
1714534859178 226.0 226
1714535363390 227.0 227
1714535791883 228.0 228
1714536219993 229.0 229
1714536717157 230.0 230
1714537193791 231.0 231
1714537669819 232.0 232
1714538138248 233.0 233
1714538569672 234.0 234
1714539063428 235.0 235
1714539561048 236.0 236
1714539972331 237.0 237
1714540447493 238.0 238
1714540934121 239.0 239
1714541405994 240.0 240
1714541888513 241.0 241
1714542345231 242.0 242
1714542805557 243.0 243
1714543304869 244.0 244
1714543785343 245.0 245
1714544233758 246.0 246
1714544740262 247.0 247
1714545197684 248.0 248
1714545679700 249.0 249
1714546188979 250.0 250
1714546638070 251.0 251
1714547053374 252.0 252
1714547566260 253.0 253
1714548065174 254.0 254
1714548561500 255.0 255
1714549043110 256.0 256
1714549507723 257.0 257
1714550028411 258.0 258
1714550505726 259.0 259
1714550914753 260.0 260
1714551395230 261.0 261
1714551892720 262.0 262
1714552368822 263.0 263
1714552835874 264.0 264
1714553275547 265.0 265
1714553750156 266.0 266
1714554255853 267.0 267
1714554697708 268.0 268
1714555132571 269.0 269
1714555623710 270.0 270
1714556088141 271.0 271
1714556551657 272.0 272
1714557036375 273.0 273
1714557512586 274.0 274
1714557953936 275.0 275
1714558450946 276.0 276
1714558909138 277.0 277
1714559364691 278.0 278
1714559861474 279.0 279
1714560308175 280.0 280
1714560784074 281.0 281
1714561294225 282.0 282
1714561709182 283.0 283
1714562192648 284.0 284
1714562692754 285.0 285
1714563154540 286.0 286
1714563635044 287.0 287
1714564095148 288.0 288
1714564545754 289.0 289
1714565057423 290.0 290
1714565510872 291.0 291
1714565947718 292.0 292
1714566445955 293.0 293
1714566931037 294.0 294
1714567404203 295.0 295
1714567880291 296.0 296
1714568325635 297.0 297
1714568796768 298.0 298
1714569286954 299.0 299
1714569736028 300.0 300
1714570191248 301.0 301
1714570694323 302.0 302
1714571171356 303.0 303
1714571653547 304.0 304
1714572111182 305.0 305
1714572583399 306.0 306
1714573085256 307.0 307
1714573559306 308.0 308
1714573987574 309.0 309
1714574476956 310.0 310
1714574956747 311.0 311
1714575418370 312.0 312
1714575926370 313.0 313
1714576389573 314.0 314
1714576884241 315.0 315
1714577368572 316.0 316
1714577783040 317.0 317
1714578271590 318.0 318
1714578796762 319.0 319
1714579269814 320.0 320
1714579732103 321.0 321
1714580223837 322.0 322
1714580718088 323.0 323
1714581209613 324.0 324
1714581650419 325.0 325
1714582092284 326.0 326
1714582587663 327.0 327
1714583066668 328.0 328
1714583520128 329.0 329
1714584004919 330.0 330
1714584469036 331.0 331
1714584937098 332.0 332
1714585439452 333.0 333
1714585913728 334.0 334
1714586374421 335.0 335
1714586891031 336.0 336
1714587360152 337.0 337
1714587846506 338.0 338
1714588332654 339.0 339
1714588758704 340.0 340
1714589261589 341.0 341
1714589778663 342.0 342
1714590201776 343.0 343
1714590661047 344.0 344
1714591156970 345.0 345
1714591663560 346.0 346
1714592165231 347.0 347
1714592590426 348.0 348
1714593043247 349.0 349
