1714434689274 7095944.0 0
1714435052079 7095944.0 1
1714435471417 7095944.0 2
1714435837404 7095944.0 3
1714436253136 7095944.0 4
1714436617199 7095944.0 5
1714437008980 7095944.0 6
1714437367242 7095944.0 7
1714437754416 7095944.0 8
1714438105546 7095944.0 9
1714438486078 7095944.0 10
1714438840665 7095944.0 11
1714439214198 7095944.0 12
1714439573879 7095944.0 13
1714439941595 7095944.0 14
1714440305542 7095944.0 15
1714440678361 7095944.0 16
1714441053043 7095944.0 17
1714441408687 7095944.0 18
1714441789902 7095944.0 19
1714442171039 7095944.0 20
1714442559341 7095944.0 21
1714442913482 7095944.0 22
1714443319395 7095944.0 23
1714443693396 7095944.0 24
1714444103394 7095944.0 25
1714444470079 7095944.0 26
1714444893105 7095944.0 27
1714445262340 7095944.0 28
1714445678976 7095944.0 29
1714446045466 7095944.0 30
1714446458793 7095944.0 31
1714446820369 7095944.0 32
1714447218904 7095944.0 33
1714447582121 7095944.0 34
1714447969567 7095944.0 35
1714448330827 7095944.0 36
1714448716955 7095944.0 37
1714449069152 7095944.0 38
1714449449274 7095944.0 39
1714449816890 7095944.0 40
1714450184773 7095944.0 41
1714450548217 7095944.0 42
1714450901950 7095944.0 43
1714451292824 7095944.0 44
1714451657746 7095944.0 45
1714452040311 7095944.0 46
1714452396452 7095944.0 47
1714452806718 7095944.0 48
1714453194632 7095944.0 49
1714453603614 7095944.0 50
1714453987916 7095944.0 51
1714454385891 7095944.0 52
1714454766999 7095944.0 53
1714455156969 7095944.0 54
1714455531132 7095944.0 55
1714455909272 7095944.0 56
1714456268270 7095944.0 57
1714456650937 7095944.0 58
1714457000831 7095944.0 59
1714457376036 7095944.0 60
1714457737684 7095944.0 61
1714458109133 7095944.0 62
1714458471974 7095944.0 63
1714458843642 7095944.0 64
1714459208167 7095944.0 65
1714459569805 7095944.0 66
1714459942280 7095944.0 67
1714460321128 7095944.0 68
1714460707017 7095944.0 69
1714461078695 7095944.0 70
1714461467993 7095944.0 71
1714461864146 7095944.0 72
1714462263732 7095944.0 73
1714462668374 7095944.0 74
1714463058427 7095944.0 75
1714463460959 7095944.0 76
1714463853258 7095944.0 77
1714464383467 7095944.0 78
1714464967626 7095944.0 79
1714465544898 7095944.0 80
1714466071596 7095944.0 81
1714466597268 7095944.0 82
1714467124226 7095944.0 83
1714467654681 7095944.0 84
1714468179501 7095944.0 85
1714468696346 7095944.0 86
1714469225741 7095944.0 87
1714469744160 7095944.0 88
1714470260605 7095944.0 89
1714470811178 7095944.0 90
1714471285572 7095944.0 91
1714471794376 7095944.0 92
1714472246776 7095944.0 93
1714472696602 7095944.0 94
1714473217439 7095944.0 95
1714473685849 7095944.0 96
1714474152679 7095944.0 97
1714474635426 7095944.0 98
1714475090114 7095944.0 99
1714475587773 7095944.0 100
1714476094855 7095944.0 101
1714476523251 7095944.0 102
1714476931286 7095944.0 103
1714477441747 7095944.0 104
1714477938958 7095944.0 105
1714478429828 7095944.0 106
1714478901374 7095944.0 107
1714479356487 7095944.0 108
1714479860571 7095944.0 109
1714480342378 7095944.0 110
1714480775175 7095944.0 111
1714481256392 7095944.0 112
1714481744270 7095944.0 113
1714482210169 7095944.0 114
1714482692269 7095944.0 115
1714483140407 7095944.0 116
1714483616115 7095944.0 117
1714484124830 7095944.0 118
1714484568703 7095944.0 119
1714485048836 7095944.0 120
1714485531929 7095944.0 121
1714485962092 7095944.0 122
1714486445038 7095944.0 123
1714486928033 7095944.0 124
1714487367658 7095944.0 125
1714487828324 7095944.0 126
1714488307267 7095944.0 127
1714488791901 7095944.0 128
1714489282828 7095944.0 129
1714489727520 7095944.0 130
1714490180617 7095944.0 131
1714490685469 7095944.0 132
1714491156303 7095944.0 133
1714491576625 7095944.0 134
1714492066514 7095944.0 135
1714492544096 7095944.0 136
1714493016213 7095944.0 137
1714493488835 7095944.0 138
1714493931689 7095944.0 139
1714494387206 7095944.0 140
1714494893533 7095944.0 141
1714495341122 7095944.0 142
1714495773545 7095944.0 143
1714496278058 7095944.0 144
1714496753317 7095944.0 145
1714497243011 7095944.0 146
1714497708085 7095944.0 147
1714498144722 7095944.0 148
1714498643714 7095944.0 149
1714499122672 7095944.0 150
1714499576834 7095944.0 151
1714500059861 7095944.0 152
1714500543317 7095944.0 153
1714501011483 7095944.0 154
1714501511125 7095944.0 155
1714501938174 7095944.0 156
1714502426501 7095944.0 157
1714502919263 7095944.0 158
1714503329923 7095944.0 159
1714503780182 7095944.0 160
1714504284685 7095944.0 161
1714504749669 7095944.0 162
1714505206064 7095944.0 163
1714505680312 7095944.0 164
1714506150361 7095944.0 165
1714506642275 7095944.0 166
1714507108043 7095944.0 167
1714507554827 7095944.0 168
1714508030081 7095944.0 169
1714508526040 7095944.0 170
1714508958680 7095944.0 171
1714509442757 7095944.0 172
1714509911007 7095944.0 173
1714510369726 7095944.0 174
1714510866980 7095944.0 175
1714511331612 7095944.0 176
1714511760117 7095944.0 177
1714512259824 7095944.0 178
1714512721918 7095944.0 179
1714513191835 7095944.0 180
1714513690610 7095944.0 181
1714514114894 7095944.0 182
1714514585083 7095944.0 183
1714515074292 7095944.0 184
1714515534687 7095944.0 185
1714516014483 7095944.0 186
1714516477762 7095944.0 187
1714516946606 7095944.0 188
1714517442656 7095944.0 189
1714517895393 7095944.0 190
1714518328751 7095944.0 191
1714518798324 7095944.0 192
1714519277614 7095944.0 193
1714519746987 7095944.0 194
1714520232946 7095944.0 195
1714520676101 7095944.0 196
1714521158185 7095944.0 197
1714521667976 7095944.0 198
1714522109763 7095944.0 199
1714522517437 7095944.0 200
1714523033894 7095944.0 201
1714523534464 7095944.0 202
1714524018544 7095944.0 203
1714524497779 7095944.0 204
1714524961219 7095944.0 205
1714525466361 7095944.0 206
1714525945430 7095944.0 207
1714526360070 7095944.0 208
1714526819704 7095944.0 209
1714527317422 7095944.0 210
1714527804712 7095944.0 211
1714528261926 7095944.0 212
1714528709350 7095944.0 213
1714529178421 7095944.0 214
1714529668196 7095944.0 215
1714530109916 7095944.0 216
1714530545642 7095944.0 217
1714531033194 7095944.0 218
1714531509356 7095944.0 219
1714531939192 7095944.0 220
1714532417442 7095944.0 221
1714532916696 7095944.0 222
1714533408050 7095944.0 223
1714533914711 7095944.0 224
1714534379366 7095944.0 225
1714534859179 7095944.0 226
1714535363391 7095944.0 227
1714535791884 7095944.0 228
1714536219995 7095944.0 229
1714536717158 7095944.0 230
1714537193792 7095944.0 231
1714537669821 7095944.0 232
1714538138250 7095944.0 233
1714538569674 7095944.0 234
1714539063430 7095944.0 235
1714539561049 7095944.0 236
1714539972332 7095944.0 237
1714540447494 7095944.0 238
1714540934122 7095944.0 239
1714541405996 7095944.0 240
1714541888515 7095944.0 241
1714542345232 7095944.0 242
1714542805559 7095944.0 243
1714543304870 7095944.0 244
1714543785344 7095944.0 245
1714544233759 7095944.0 246
1714544740263 7095944.0 247
1714545197685 7095944.0 248
1714545679702 7095944.0 249
1714546188981 7095944.0 250
1714546638071 7095944.0 251
1714547053376 7095944.0 252
1714547566262 7095944.0 253
1714548065175 7095944.0 254
1714548561501 7095944.0 255
1714549043112 7095944.0 256
1714549507724 7095944.0 257
1714550028413 7095944.0 258
1714550505727 7095944.0 259
1714550914754 7095944.0 260
1714551395232 7095944.0 261
1714551892721 7095944.0 262
1714552368823 7095944.0 263
1714552835876 7095944.0 264
1714553275549 7095944.0 265
1714553750157 7095944.0 266
1714554255854 7095944.0 267
1714554697709 7095944.0 268
1714555132572 7095944.0 269
1714555623711 7095944.0 270
1714556088142 7095944.0 271
1714556551659 7095944.0 272
1714557036377 7095944.0 273
1714557512587 7095944.0 274
1714557953937 7095944.0 275
1714558450948 7095944.0 276
1714558909140 7095944.0 277
1714559364692 7095944.0 278
1714559861475 7095944.0 279
1714560308176 7095944.0 280
1714560784075 7095944.0 281
1714561294226 7095944.0 282
1714561709183 7095944.0 283
1714562192650 7095944.0 284
1714562692756 7095944.0 285
1714563154541 7095944.0 286
1714563635045 7095944.0 287
1714564095150 7095944.0 288
1714564545756 7095944.0 289
1714565057424 7095944.0 290
1714565510873 7095944.0 291
1714565947719 7095944.0 292
1714566445956 7095944.0 293
1714566931039 7095944.0 294
1714567404204 7095944.0 295
1714567880292 7095944.0 296
1714568325636 7095944.0 297
1714568796769 7095944.0 298
1714569286955 7095944.0 299
1714569736029 7095944.0 300
1714570191250 7095944.0 301
1714570694324 7095944.0 302
1714571171357 7095944.0 303
1714571653548 7095944.0 304
1714572111184 7095944.0 305
1714572583404 7095944.0 306
1714573085257 7095944.0 307
1714573559308 7095944.0 308
1714573987576 7095944.0 309
1714574476958 7095944.0 310
1714574956748 7095944.0 311
1714575418372 7095944.0 312
1714575926371 7095944.0 313
1714576389574 7095944.0 314
1714576884242 7095944.0 315
1714577368573 7095944.0 316
1714577783041 7095944.0 317
1714578271592 7095944.0 318
1714578796764 7095944.0 319
1714579269815 7095944.0 320
1714579732105 7095944.0 321
1714580223838 7095944.0 322
1714580718089 7095944.0 323
1714581209614 7095944.0 324
1714581650420 7095944.0 325
1714582092286 7095944.0 326
1714582587664 7095944.0 327
1714583066669 7095944.0 328
1714583520129 7095944.0 329
1714584004921 7095944.0 330
1714584469037 7095944.0 331
1714584937099 7095944.0 332
1714585439454 7095944.0 333
1714585913729 7095944.0 334
1714586374422 7095944.0 335
1714586891032 7095944.0 336
1714587360153 7095944.0 337
1714587846507 7095944.0 338
1714588332655 7095944.0 339
1714588758706 7095944.0 340
1714589261590 7095944.0 341
1714589778664 7095944.0 342
1714590201777 7095944.0 343
1714590661049 7095944.0 344
1714591156971 7095944.0 345
1714591663561 7095944.0 346
1714592165232 7095944.0 347
1714592590428 7095944.0 348
1714593043248 7095944.0 349
