1714434689265 9.999999999999821e-06 0
1714435052071 9.999999999999821e-06 1
1714435471408 8.001562500000023e-06 2
1714435837390 6.003125000000018e-06 3
1714436253124 4.004687499999941e-06 4
1714436617192 2.0062500000000102e-06 5
1714437008965 1.284323395960249e-08 6
1714437367231 1.5056221881001066e-08 7
1714437754408 1.7671149766564087e-08 8
1714438105539 2.0687806937676157e-08 9
1714438486070 2.4105950349332582e-08 10
1714438840658 2.7925304609722768e-08 11
1714439214182 3.21455620024191e-08 12
1714439573867 3.676638251116694e-08 13
1714439941587 4.178739384727485e-08 14
1714440305534 4.7208191479620554e-08 15
1714440678349 5.3028338667229953e-08 16
1714441053035 5.924736649448051e-08 17
1714441408679 6.586477390885416e-08 18
1714441789887 7.288002776133852e-08 19
1714442171027 8.029256284935911e-08 20
1714442559334 8.810178196231198e-08 21
1714442913473 9.630705592971541e-08 22
1714443319381 1.0490772367184719e-07 23
1714443693389 1.1390309225305615e-07 24
1714444103379 1.232924369375615e-07 25
1714444470073 1.3307500124784115e-07 26
1714444893089 1.4324999702560528e-07 27
1714445262328 1.5381660449526022e-07 28
1714445678968 1.6477397233000038e-07 29
1714446045456 1.761212177203559e-07 30
1714446458778 1.8785742644532728e-07 31
1714446820359 1.999816529460669e-07 32
1714447218896 2.124929204020389e-07 33
1714447582112 2.2539022080972905e-07 34
1714447969558 2.3867251506382734e-07 35
1714448330819 2.523387330410053e-07 36
1714448716945 2.663877736860865e-07 37
1714449069144 2.8081850510074475e-07 38
1714449449255 2.956297646347648e-07 39
1714449816874 3.1082035897963723e-07 40
1714450184765 3.263890642647546e-07 41
1714450548209 3.42334626155983e-07 42
1714450901942 3.5865575995674667e-07 43
1714451292816 3.753511507115088e-07 44
1714451657726 3.9241945331175147e-07 45
1714452040298 4.0985929260427454e-07 46
1714452396445 4.2766926350209375e-07 47
1714452806710 4.458479310975325e-07 48
1714453194619 4.643938307779415e-07 49
1714453603606 4.833054683436e-07 50
1714453987906 5.025813201281461e-07 51
1714454385877 5.222198331213576e-07 52
1714454766992 5.422194250942195e-07 53
1714455156961 5.625784847264422e-07 54
1714455531124 5.832953717362601e-07 55
1714455909264 6.043684170126315e-07 56
1714456268255 6.25795922749609e-07 57
1714456650918 6.475761625832424e-07 58
1714457000816 6.697073817306265e-07 59
1714457376028 6.921877971312471e-07 60
1714457737676 7.150155975906827e-07 61
1714458109126 7.381889439264962e-07 62
1714458471966 7.617059691164555e-07 63
1714458843634 7.855647784489317e-07 64
1714459208154 8.097634496754816e-07 65
1714459569797 8.343000331658489e-07 66
1714459942271 8.591725520649488e-07 67
1714460321122 8.843790024522151e-07 68
1714460707009 9.099173535029469e-07 69
1714461078688 9.357855476519781e-07 70
1714461467980 9.61981500759528e-07 71
1714461864133 9.885031022789737e-07 72
1714462263724 1.0153482154270206e-06 73
1714462668361 1.0425146773556996e-06 74
1714463058416 1.0700002993268283e-06 75
1714463460945 1.0978028668882402e-06 76
1714463853250 1.1259201400521134e-06 77
1714464383453 1.1543498534756567e-06 78
1714464967608 1.183089716643375e-06 79
1714465544891 1.2121374140518168e-06 80
1714466071589 1.2414906053960396e-06 81
1714466597261 1.2711469257581026e-06 82
1714467124219 1.3011039857978081e-06 83
1714467654673 1.3313593719448883e-06 84
1714468179494 1.361910646593795e-06 85
1714468696335 1.3927553482998694e-06 86
1714469225734 1.423890991977668e-06 87
1714469744153 1.4553150691013864e-06 88
1714470260598 1.4870250479066385e-06 89
1714470811162 1.519018373594704e-06 90
1714471285556 1.5512924685382753e-06 91
1714471794368 1.5838447324891112e-06 92
1714472246768 1.6166725427874607e-06 93
1714472696595 1.6497732545735747e-06 94
1714473217421 1.6831442010006695e-06 95
1714473685840 1.71678269344966e-06 96
1714474152671 1.7506860217459527e-06 97
1714474635418 1.7848514543778886e-06 98
1714475090106 1.819276238716493e-06 99
1714475587767 1.853957601237529e-06 100
1714476094848 1.8888927477448711e-06 101
1714476523239 1.9240788635954803e-06 102
1714476931279 1.9595131139264517e-06 103
1714477441735 1.9951926438831874e-06 104
1714477938946 2.0311145788496012e-06 105
1714478429820 2.0672760246793826e-06 106
1714478901367 2.1036740679296203e-06 107
1714479356475 2.140305776095218e-06 108
1714479860563 2.1771681978451003e-06 109
1714480342370 2.2142583632604177e-06 110
1714480775162 2.251573284073257e-06 111
1714481256385 2.289109953907954e-06 112
1714481744259 2.3268653485228656e-06 113
1714482210155 2.364836426054272e-06 114
1714482692255 2.4030201272614036e-06 115
1714483140399 2.441413375772807e-06 116
1714483616102 2.4800130783344384e-06 117
1714484124822 2.518816125058557e-06 118
1714484568695 2.5578193896746264e-06 119
1714485048826 2.597019729780923e-06 120
1714485531922 2.6364139870977704e-06 121
1714485962084 2.6759989877222965e-06 122
1714486445033 2.715771542383501e-06 123
1714486928028 2.75572844669994e-06 124
1714487367651 2.795866481437264e-06 125
1714487828317 2.8361824127680854e-06 126
1714488307256 2.876672992532308e-06 127
1714488791893 2.917334958498574e-06 128
1714489282821 2.958165034627653e-06 129
1714489727513 2.9991599313358355e-06 130
1714490180609 3.040316345760265e-06 131
1714490685462 3.0816309620250825e-06 132
1714491156289 3.123100451508454e-06 133
1714491576609 3.1647214731105363e-06 134
1714492066507 3.2064906735232127e-06 135
1714492544083 3.2484046874998806e-06 136
1714493016205 3.2904601381263965e-06 137
1714493488820 3.332653637093789e-06 138
1714493931681 3.3749817849705603e-06 139
1714494387194 3.4174411714768737e-06 140
1714494893520 3.460028375759508e-06 141
1714495341114 3.5027399666671815e-06 142
1714495773537 3.5455725030269156e-06 143
1714496278043 3.5885225339215913e-06 144
1714496753307 3.631586598967776e-06 145
1714497243003 3.6747612285945827e-06 146
1714497708070 3.71804294432334e-06 147
1714498144708 3.761428259047423e-06 148
1714498643706 3.804913677313691e-06 149
1714499122664 3.848495695603824e-06 150
1714499576820 3.89217080261666e-06 151
1714500059849 3.935935479551085e-06 152
1714500543309 3.979786200389532e-06 153
1714501011475 4.023719432182257e-06 154
1714501511118 4.067731635331412e-06 155
1714501938168 4.111819263877116e-06 156
1714502426491 4.155978765782145e-06 157
1714502919256 4.200206583219059e-06 158
1714503329911 4.244499152855939e-06 159
1714503780170 4.288852906144444e-06 160
1714504284678 4.333264269606259e-06 161
1714504749662 4.37772966512204e-06 162
1714505206057 4.422245510218946e-06 163
1714505680306 4.466808218359582e-06 164
1714506150354 4.5114141992308115e-06 165
1714506642268 4.556059859033266e-06 166
1714507108025 4.6007416007707195e-06 167
1714507554807 4.645455824539771e-06 168
1714508030068 4.690198927820307e-06 169
1714508526033 4.734967305765165e-06 170
1714508958672 4.779757351490907e-06 171
1714509442744 4.82456545636854e-06 172
1714509911001 4.869388010314114e-06 173
1714510369712 4.91422140207901e-06 174
1714510866967 4.959062019542291e-06 175
1714511331605 5.0039062499999366e-06 176
1714511760108 5.048750480457838e-06 177
1714512259817 5.093591097920917e-06 178
1714512721902 5.138424489686014e-06 179
1714513191827 5.183247043631394e-06 180
1714513690595 5.228055148508962e-06 181
1714514114887 5.2728451942347425e-06 182
1714514585075 5.317613572179605e-06 183
1714515074284 5.3623566754601025e-06 184
1714515534681 5.407070899229348e-06 185
1714516014475 5.451752640966872e-06 186
1714516477755 5.496398300769295e-06 187
1714516946599 5.541004281640525e-06 188
1714517442648 5.58556698978099e-06 189
1714517895384 5.630082834877855e-06 190
1714518328743 5.674548230393643e-06 191
1714518798311 5.7189595938555e-06 192
1714519277604 5.7633133471440115e-06 193
1714519746973 5.8076059167808915e-06 194
1714520232939 5.851833734217767e-06 195
1714520676087 5.89599323612287e-06 196
1714521158177 5.940080864668543e-06 197
1714521667957 5.98409306781781e-06 198
1714522109755 6.028026299610372e-06 199
1714522517430 6.07187702044887e-06 200
1714523033886 6.115641697383337e-06 201
1714523534457 6.159316804396107e-06 202
1714524018535 6.2028988226862116e-06 203
1714524497762 6.246384240952474e-06 204
1714524961207 6.2897695556766016e-06 205
1714525466346 6.333051271405383e-06 206
1714525945415 6.376225901032304e-06 207
1714526360062 6.419289966078549e-06 208
1714526819697 6.462239996973213e-06 209
1714527317412 6.505072533332951e-06 210
1714527804705 6.547784124240408e-06 211
1714528261918 6.590371328523112e-06 212
1714528709335 6.632830715029487e-06 213
1714529178407 6.675158862906254e-06 214
1714529668191 6.71735236187361e-06 215
1714530109908 6.759407812500188e-06 216
1714530545634 6.801321826476779e-06 217
1714531033187 6.843091026889452e-06 218
1714531509343 6.884712048491675e-06 219
1714531939177 6.926181537974805e-06 220
1714532417435 6.967496154239634e-06 221
1714532916689 7.008652568664218e-06 222
1714533408035 7.049647465372391e-06 223
1714533914699 7.090477541501464e-06 224
1714534379359 7.1311395074677075e-06 225
1714534859170 7.171630087231799e-06 226
1714535363386 7.211946018562744e-06 227
1714535791876 7.252084053300043e-06 228
1714536219980 7.292040957616522e-06 229
1714536717150 7.331813512277691e-06 230
1714537193785 7.371398512902285e-06 231
1714537669813 7.410792770219196e-06 232
1714538138240 7.4499931103253975e-06 233
1714538569660 7.488996374941459e-06 234
1714539063415 7.527799421665453e-06 235
1714539561041 7.566399124227225e-06 236
1714539972319 7.604792372738489e-06 237
1714540447487 7.642976073945753e-06 238
1714540934114 7.680947151477158e-06 239
1714541405983 7.718702546091941e-06 240
1714541888501 7.756239215926781e-06 241
1714542345225 7.793554136739607e-06 242
1714542805545 7.830644302154789e-06 243
1714543304863 7.867506723904908e-06 244
1714543785339 7.904138432070282e-06 245
1714544233751 7.940536475320507e-06 246
1714544740256 7.976697921150381e-06 247
1714545197677 8.012619856116851e-06 248
1714545679687 8.048299386073526e-06 249
1714546188972 8.08373363640439e-06 250
1714546638057 8.11891975225514e-06 251
1714547053361 8.153854898762368e-06 252
1714547566254 8.188536261283547e-06 253
1714548065168 8.22296104562201e-06 254
1714548561493 8.257126478254093e-06 255
1714549043099 8.291029806550346e-06 256
1714549507716 8.3246682989992e-06 257
1714550028395 8.358039245426343e-06 258
1714550505719 8.391139957212457e-06 259
1714550914747 8.42396776751089e-06 260
1714551395220 8.45652003146184e-06 261
1714551892713 8.488794126405326e-06 262
1714552368812 8.520787452093437e-06 263
1714552835863 8.552497430898713e-06 264
1714553275537 8.583921508022227e-06 265
1714553750149 8.615057151700068e-06 266
1714554255842 8.645901853406087e-06 267
1714554697701 8.676453128055053e-06 268
1714555132564 8.706708514202053e-06 269
1714555623705 8.736665574241999e-06 270
1714556088130 8.766321894604117e-06 271
1714556551646 8.795675085948102e-06 272
1714557036368 8.82472278335671e-06 273
1714557512581 8.853462646524272e-06 274
1714557953930 8.881892359947786e-06 275
1714558450936 8.910009633111814e-06 276
1714558909132 8.937812200673307e-06 277
1714559364686 8.965297822644433e-06 278
1714559861468 8.992464284572859e-06 279
1714560308168 9.019309397720905e-06 280
1714560784068 9.045830999240591e-06 281
1714561294218 9.072026952348052e-06 282
1714561709170 9.09789514649711e-06 283
1714562192637 9.123433497547717e-06 284
1714562692742 9.148639947935172e-06 285
1714563154533 9.173512466834081e-06 286
1714563635037 9.19804905032457e-06 287
1714564095136 9.22224772155112e-06 288
1714564545744 9.2461065308834e-06 289
1714565057417 9.269623556073413e-06 290
1714565510861 9.292796902409433e-06 291
1714565947711 9.315624702868668e-06 292
1714566445949 9.338105118269354e-06 293
1714566931026 9.360236337416634e-06 294
1714567404196 9.382016577250463e-06 295
1714567880283 9.403444082987286e-06 296
1714568325628 9.424517128263837e-06 297
1714568796756 9.445234015273588e-06 298
1714569286948 9.465593074905951e-06 299
1714569736021 9.485592666878525e-06 300
1714570191235 9.505231179871991e-06 301
1714570694313 9.524507031656524e-06 302
1714571171350 9.543418669222202e-06 303
1714571653541 9.561964568902353e-06 304
1714572111176 9.58014323649785e-06 305
1714572583393 9.597953207395848e-06 306
1714573085249 9.615393046688226e-06 307
1714573559294 9.632461349288501e-06 308
1714573987563 9.649156740043281e-06 309
1714574476944 9.665477873843876e-06 310
1714574956740 9.681423435735344e-06 311
1714575418359 9.69699214102039e-06 312
1714575926363 9.712182735365284e-06 313
1714576389559 9.726993994899244e-06 314
1714576884234 9.741424726313807e-06 315
1714577368565 9.755473766959002e-06 316
1714577783034 9.769139984936353e-06 317
1714578271580 9.782422279190404e-06 318
1714578796749 9.795319579597969e-06 319
1714579269808 9.807830847054004e-06 320
1714579732097 9.819955073554597e-06 321
1714580223829 9.831691282279715e-06 322
1714580718081 9.843038527669831e-06 323
1714581209607 9.853995895504725e-06 324
1714581650412 9.864562502974576e-06 325
1714582092274 9.874737498752164e-06 326
1714582587657 9.88452006306263e-06 327
1714583066654 9.893909407746787e-06 328
1714583520121 9.902904776328292e-06 329
1714584004905 9.91150544407011e-06 330
1714584469031 9.919710718037783e-06 331
1714584937091 9.927519937150532e-06 332
1714585439439 9.93493247223877e-06 333
1714585913720 9.941947726091254e-06 334
1714586374414 9.94856513350539e-06 335
1714586891025 9.954784161332656e-06 336
1714587360138 9.960604308520531e-06 337
1714587846499 9.966025106152597e-06 338
1714588332647 9.971046117488643e-06 339
1714588758698 9.975666937997622e-06 340
1714589261580 9.979887195390304e-06 341
1714589778655 9.983706549650481e-06 342
1714590201770 9.987124693062446e-06 343
1714590661035 9.990141350233309e-06 344
1714591156963 9.992756278118818e-06 345
1714591663554 9.994969266040205e-06 346
1714592165224 9.996780135702482e-06 347
1714592590419 9.998188741207349e-06 348
1714593043240 9.999194969067279e-06 349
