1714434689267 3.4429019608575366 0
1714435052074 3.3652183045835597 1
1714435471410 3.36107354870309 2
1714435837394 3.4114855254149954 3
1714436253128 3.4317042813028977 4
1714436617193 3.472207363208999 5
1714437008969 3.5210550265467684 6
1714437367234 3.514341852587202 7
1714437754410 3.5088060681262743 8
1714438105541 3.4931496472462364 9
1714438486072 3.430041155413441 10
1714438840660 3.4374370665653893 11
1714439214187 3.5067105298133 12
1714439573870 3.4931560080984365 13
1714439941589 3.5222354840649213 14
1714440305536 3.4693989515628503 15
1714440678352 3.484008725732565 16
1714441053038 3.5385409979068716 17
1714441408681 3.501706986485616 18
1714441789893 3.4582038356558136 19
1714442171030 3.4569963735082876 20
1714442559336 3.4546724940123767 21
1714442913476 3.4955103259695615 22
1714443319386 3.447569190160088 23
1714443693390 3.487462896529747 24
1714444103385 3.4774055607292964 25
1714444470075 3.5121732020507688 26
1714444893094 3.489925211538439 27
1714445262331 3.4802714906956838 28
1714445678970 3.423682760609233 29
1714446045459 3.4563361584492354 30
1714446458782 3.4799928341222848 31
1714446820362 3.465289980497049 32
1714447218898 3.489817804940369 33
1714447582115 3.460655902714833 34
1714447969561 3.4912505340964897 35
1714448330821 3.4493146514439066 36
1714448716947 3.4488363860417968 37
1714449069146 3.456674212184937 38
1714449449261 3.45703820835637 39
1714449816879 3.475688305399988 40
1714450184767 3.497749711346367 41
1714450548211 3.4904977768335654 42
1714450901944 3.4656814011218757 43
1714451292818 3.452818118845639 44
1714451657735 3.4706933639295725 45
1714452040302 3.386563387415979 46
1714452396447 3.471459196313568 47
1714452806712 3.4152389131486416 48
1714453194623 3.4529108537927917 49
1714453603609 3.4407567926075147 50
1714453987908 3.4169292777128843 51
1714454385881 3.423005211936391 52
1714454766994 3.4610609340926874 53
1714455156963 3.3741274932804317 54
1714455531126 3.3812042056866316 55
1714455909266 3.37748770399586 56
1714456268260 3.4110997058451176 57
1714456650923 3.433113767563001 58
1714457000821 3.442059369676787 59
1714457376030 3.3877560559498225 60
1714457737678 3.452418956095758 61
1714458109128 3.4804026852159398 62
1714458471968 3.408083914252727 63
1714458843636 3.4419789098851057 64
1714459208158 3.4385716518306215 65
1714459569799 3.4424250917914123 66
1714459942273 3.4336506150986836 67
1714460321124 3.465936383637397 68
1714460707011 3.4047475858874945 69
1714461078690 3.4268570015935795 70
1714461467984 3.459727902937195 71
1714461864135 3.422527755894091 72
1714462263726 3.4095715574272303 73
1714462668364 3.4269293454354224 74
1714463058419 3.4351892643000768 75
1714463460950 3.412431385530078 76
1714463853252 3.41423320899839 77
1714464383458 3.365077680543713 78
1714464967613 3.40655804798007 79
1714465544893 3.401401928747478 80
1714466071591 3.432716651779154 81
1714466597263 3.4446122469785423 82
1714467124221 3.4116055604232396 83
1714467654675 3.401904408374558 84
1714468179496 3.4287965505019478 85
1714468696339 3.417513591601797 86
1714469225736 3.40139180648586 87
1714469744155 3.4121377754794513 88
1714470260600 3.371613221971885 89
1714470811166 3.392499290730642 90
1714471285561 3.384548754795738 91
1714471794371 3.4405053011749103 92
1714472246770 3.401888253248256 93
1714472696597 3.38211302070514 94
1714473217427 3.3954840501689394 95
1714473685842 3.4178054765190766 96
1714474152673 3.409736618561589 97
1714474635420 3.4225471505652303 98
1714475090109 3.4389652039693748 99
1714475587769 3.4340314431035 100
1714476094850 3.3489618968704473 101
1714476523243 3.3924407597793187 102
1714476931281 3.4034843804395716 103
1714477441739 3.4219491570864036 104
1714477938950 3.344254130254621 105
1714478429822 3.3991614246497983 106
1714478901369 3.3815664164721966 107
1714479356479 3.4270645044744015 108
1714479860565 3.4447709083881066 109
1714480342372 3.3678733367958795 110
1714480775166 3.3703165844730707 111
1714481256387 3.4427779009160786 112
1714481744262 3.3601505565254586 113
1714482210159 3.3924288479206353 114
1714482692259 3.3712675122787124 115
1714483140401 3.4250097080417303 116
1714483616105 3.3346642553806305 117
1714484124825 3.4030598209280036 118
1714484568697 3.3709912040959233 119
1714485048828 3.338076346918293 120
1714485531924 3.3757327464611633 121
1714485962086 3.395160353054171 122
1714486445034 3.4074131494954876 123
1714486928030 3.4222531888795937 124
1714487367653 3.3919916745761167 125
1714487828319 3.4256637600129065 126
1714488307259 3.390046829924635 127
1714488791895 3.352077164727709 128
1714489282823 3.391288040772728 129
1714489727515 3.4323119921204834 130
1714490180611 3.375138865378888 131
1714490685463 3.3827909538927288 132
1714491156294 3.361285056270983 133
1714491576614 3.3668264093930307 134
1714492066509 3.3350144687878047 135
1714492544087 3.346069728874642 136
1714493016207 3.405025182696788 137
1714493488824 3.345174433906441 138
1714493931683 3.377865616394126 139
1714494387198 3.3535939267148143 140
1714494893524 3.3076775728360466 141
1714495341117 3.354376343443342 142
1714495773539 3.4022501366941826 143
1714496278047 3.320324442308882 144
1714496753310 3.3442554337822874 145
1714497243005 3.3489998407337978 146
1714497708074 3.369781855331815 147
1714498144712 3.31303304369035 148
1714498643708 3.349895425788734 149
1714499122666 3.3828124630710352 150
1714499576825 3.2916560793376486 151
1714500059852 3.337188920896986 152
1714500543311 3.3306985571980476 153
1714501011477 3.319530701831631 154
1714501511120 3.3098638326577516 155
1714501938170 3.334778285220913 156
1714502426494 3.3914132578217466 157
1714502919258 3.3524604932121607 158
1714503329915 3.382416485930267 159
1714503780174 3.3195793975306596 160
1714504284680 3.339652155566475 161
1714504749663 3.3857171448028605 162
1714505206059 3.3279122789592845 163
1714505680308 3.386903160778077 164
1714506150356 3.3594062508124374 165
1714506642270 3.310697267398886 166
1714507108030 3.314093624606081 167
1714507554811 3.3000037564855553 168
1714508030073 3.3167261371146077 169
1714508526035 3.3939510185433472 170
1714508958675 3.369246536784846 171
1714509442748 3.3386231602534004 172
1714509911003 3.3305937124659186 173
1714510369717 3.295025544160086 174
1714510866971 3.3044854694086574 175
1714511331607 3.3430452742006467 176
1714511760110 3.3202255964279175 177
1714512259819 3.2594125565627348 178
1714512721906 3.35727673234499 179
1714513191829 3.3351938931838325 180
1714513690600 3.3384453448588434 181
1714514114889 3.327768153956403 182
1714514585077 3.3179621029159296 183
1714515074286 3.3240912530733193 184
1714515534682 3.269552503429029 185
1714516014477 3.367670484373103 186
1714516477757 3.3579262645672197 187
1714516946600 3.255448035247948 188
1714517442651 3.288565350453491 189
1714517895387 3.3247584046229073 190
1714518328745 3.3058758449295294 191
1714518798315 3.3041547612975473 192
1714519277606 3.3484316272256165 193
1714519746977 3.228704670039208 194
1714520232940 3.274232933864645 195
1714520676091 3.2712393701076508 196
1714521158179 3.3155736553928126 197
1714521667963 3.3279732067299928 198
1714522109757 3.3210311979055405 199
1714522517432 3.346575180959442 200
1714523033888 3.2977053053353145 201
1714523534459 3.347448560692694 202
1714524018538 3.306793697664271 203
1714524497766 3.2932927934047966 204
1714524961211 3.311666648996913 205
1714525466351 3.303339025248652 206
1714525945419 3.299285387215407 207
1714526360065 3.273729817212924 208
1714526819699 3.26938730057167 209
1714527317415 3.299798648642457 210
1714527804707 3.3188972737154234 211
1714528261920 3.2954367156261983 212
1714528709339 3.3010520949635818 213
1714529178412 3.314357814743467 214
1714529668192 3.302259664820588 215
1714530109910 3.2946478121954463 216
1714530545637 3.2588525516507416 217
1714531033189 3.3133143654660038 218
1714531509347 3.3879826455984428 219
1714531939182 3.379819651822681 220
1714532417437 3.358099795068088 221
1714532916691 3.321039940999902 222
1714533408040 3.348413296205842 223
1714533914703 3.357822637843049 224
1714534379361 3.385659175560526 225
1714534859172 3.375707417888486 226
1714535363388 3.3659113491682904 227
1714535791878 3.323085092008114 228
1714536219985 3.3470406746086865 229
1714536717153 3.335974601947743 230
1714537193787 3.3826204789397507 231
1714537669815 3.347004042695398 232
1714538138243 3.3260481158352415 233
1714538569664 3.343265193636003 234
1714539063420 3.347689834139917 235
1714539561043 3.3650650705980216 236
1714539972323 3.3036301527982173 237
1714540447489 3.345057649132998 238
1714540934116 3.312825427107189 239
1714541405987 3.3778156502091368 240
1714541888506 3.343739444794862 241
1714542345227 3.295779841425626 242
1714542805550 3.283886877414973 243
1714543304865 3.3160988916845424 244
1714543785340 3.37844359372621 245
1714544233754 3.3338032646671585 246
1714544740258 3.298245103462883 247
1714545197679 3.297465702113898 248
1714545679692 3.3051539296689243 249
1714546188975 3.3115514278735803 250
1714546638061 3.321901431226212 251
1714547053365 3.3123443316182364 252
1714547566256 3.278151451245598 253
1714548065169 3.313901409992705 254
1714548561495 3.2577070130602173 255
1714549043103 3.362913225979909 256
1714549507718 3.352304694607206 257
1714550028400 3.298670096889786 258
1714550505721 3.3073915847293707 259
1714550914748 3.3183110824421695 260
1714551395224 3.295490614098051 261
1714551892715 3.298914140171331 262
1714552368815 3.2720117337353853 263
1714552835867 3.292439843811419 264
1714553275540 3.274817461228889 265
1714553750151 3.2993821195610193 266
1714554255846 3.29200604185462 267
1714554697703 3.2440820535563906 268
1714555132566 3.308517058096502 269
1714555623707 3.2609566761099775 270
1714556088134 3.2856615781784058 271
1714556551650 3.2836782762213894 272
1714557036371 3.28195638841261 273
1714557512583 3.2776597177852755 274
1714557953932 3.255994854737883 275
1714558450940 3.2847835319521637 276
1714558909134 3.303063391667345 277
1714559364687 3.2899599425170734 278
1714559861470 3.2826666414089827 279
1714560308170 3.2698954489568006 280
1714560784070 3.276421618202458 281
1714561294220 3.2794519002022953 282
1714561709175 3.2547812074746774 283
1714562192640 3.259757087930389 284
1714562692746 3.2375490184387434 285
1714563154535 3.2579843115223492 286
1714563635039 3.2714457633378715 287
1714564095140 3.2729567175974017 288
1714564545748 3.288378921377918 289
1714565057419 3.2472297725794106 290
1714565510865 3.2922789593753605 291
1714565947713 3.293776923223682 292
1714566445951 3.2288537817480774 293
1714566931030 3.2921520176789034 294
1714567404198 3.2544759037378044 295
1714567880286 3.2297420676635658 296
1714568325630 3.2502959879196207 297
1714568796760 3.269863309095735 298
1714569286950 3.2536424187862356 299
1714569736024 3.2920863675358505 300
1714570191239 3.2614519677084424 301
1714570694316 3.237306012407593 302
1714571171352 3.2848124021421308 303
1714571653543 3.2672327648362387 304
1714572111178 3.3015061642812644 305
1714572583395 3.2485988296406423 306
1714573085251 3.2910421040395033 307
1714573559298 3.2400224625092484 308
1714573987566 3.2483513897851757 309
1714574476948 3.196591696013575 310
1714574956742 3.2428537189312605 311
1714575418363 3.2383278951696726 312
1714575926365 3.2619432453875956 313
1714576389564 3.1970389961548475 314
1714576884236 3.2112418657735637 315
1714577368567 3.2263571584354276 316
1714577783036 3.200603368813577 317
1714578271583 3.246931660110536 318
1714578796754 3.2351687816174133 319
1714579269810 3.226413945464984 320
1714579732099 3.222839691716692 321
1714580223831 3.192527513465156 322
1714580718083 3.2326862089659856 323
1714581209609 3.199488068404405 324
1714581650414 3.2034526501336824 325
1714582092277 3.208467826085246 326
1714582587659 3.230144402579121 327
1714583066659 3.2120796650972054 328
1714583520123 3.153056178079999 329
1714584004910 3.2342629186485126 330
1714584469033 3.1895131982215075 331
1714584937093 3.20495414685296 332
1714585439443 3.312817449155061 333
1714585913723 3.241789595588394 334
1714586374416 3.271909877010014 335
1714586891027 3.2384914357377137 336
1714587360143 3.315550813856332 337
1714587846501 3.2987626781282215 338
1714588332649 3.2574412660754244 339
1714588758700 3.244361635621475 340
1714589261583 3.269822080984064 341
1714589778657 3.2313931033663126 342
1714590201772 3.272369209676981 343
1714590661039 3.222393076380958 344
1714591156965 3.285565751078336 345
1714591663556 3.2148183292668797 346
1714592165226 3.28563677875892 347
1714592590421 3.214791605330032 348
1714593043242 3.246560282357361 349
