1715645002743 0.0 0
1715645164694 1.0 1
1715645328218 2.0 2
1715645491789 3.0 3
1715645654676 4.0 4
1715645818304 5.0 5
1715645981601 6.0 6
1715646144485 7.0 7
1715646309211 8.0 8
1715646475332 9.0 9
1715646641710 10.0 10
1715646805221 11.0 11
1715646967653 12.0 12
1715647131027 13.0 13
1715647294484 14.0 14
1715647457337 15.0 15
1715647621186 16.0 16
1715647785138 17.0 17
1715647949145 18.0 18
1715648112870 19.0 19
1715648276470 20.0 20
1715648441294 21.0 21
1715648606803 22.0 22
1715648769541 23.0 23
1715648932774 24.0 24
1715649096440 25.0 25
1715649259359 26.0 26
1715649422368 27.0 27
1715649587560 28.0 28
1715649751506 29.0 29
1715649915775 30.0 30
1715650079805 31.0 31
1715650243474 32.0 32
1715650407651 33.0 33
1715650572066 34.0 34
1715650736354 35.0 35
1715650900893 36.0 36
1715651065632 37.0 37
1715651229453 38.0 38
1715651393945 39.0 39
1715651557583 40.0 40
1715651720151 41.0 41
1715651884802 42.0 42
1715652048027 43.0 43
1715652212399 44.0 44
1715652376683 45.0 45
1715652540356 46.0 46
1715652703493 47.0 47
1715652865439 48.0 48
1715653029994 49.0 49
1715653192291 50.0 50
1715653355557 51.0 51
1715653518338 52.0 52
1715653681597 53.0 53
1715653844816 54.0 54
1715654008227 55.0 55
1715654171744 56.0 56
1715654333368 57.0 57
1715654496185 58.0 58
1715654657398 59.0 59
1715654821722 60.0 60
1715654985630 61.0 61
1715655148242 62.0 62
1715655311761 63.0 63
1715655475291 64.0 64
1715655637405 65.0 65
1715655799130 66.0 66
1715655961737 67.0 67
1715656123550 68.0 68
1715656286337 69.0 69
1715656448621 70.0 70
1715656610996 71.0 71
1715656773411 72.0 72
1715656936534 73.0 73
1715657099023 74.0 74
1715657260846 75.0 75
1715657422846 76.0 76
1715657583148 77.0 77
1715657744864 78.0 78
1715657907314 79.0 79
1715658069791 80.0 80
1715658231362 81.0 81
1715658393266 82.0 82
1715658555250 83.0 83
1715658717822 84.0 84
1715658880450 85.0 85
1715659041774 86.0 86
1715659203401 87.0 87
1715659365322 88.0 88
1715659526860 89.0 89
1715659688800 90.0 90
1715659851083 91.0 91
1715660013979 92.0 92
1715660176356 93.0 93
1715660338249 94.0 94
1715660499765 95.0 95
1715660661699 96.0 96
1715660823975 97.0 97
1715660986798 98.0 98
1715661148967 99.0 99
1715661312163 100.0 100
1715661475727 101.0 101
1715661638918 102.0 102
1715661800928 103.0 103
1715661962423 104.0 104
1715662124085 105.0 105
1715662285360 106.0 106
1715662447331 107.0 107
1715662610980 108.0 108
1715662773964 109.0 109
1715662937800 110.0 110
1715663102572 111.0 111
1715663266352 112.0 112
1715663429520 113.0 113
1715663594992 114.0 114
1715663758811 115.0 115
1715663923525 116.0 116
1715664088075 117.0 117
1715664252614 118.0 118
1715664418272 119.0 119
1715664581362 120.0 120
1715664745084 121.0 121
1715664907168 122.0 122
1715665070576 123.0 123
1715665233147 124.0 124
1715665396392 125.0 125
1715665558793 126.0 126
1715665722553 127.0 127
1715665885864 128.0 128
1715666048874 129.0 129
1715666211980 130.0 130
1715666373977 131.0 131
1715666537219 132.0 132
1715666699484 133.0 133
1715666862228 134.0 134
1715667024903 135.0 135
1715667187381 136.0 136
1715667349417 137.0 137
1715667510892 138.0 138
1715667672861 139.0 139
1715667834070 140.0 140
1715667995885 141.0 141
1715668158025 142.0 142
1715668320195 143.0 143
1715668482569 144.0 144
1715668644456 145.0 145
1715668806299 146.0 146
1715668967421 147.0 147
1715669128518 148.0 148
1715669289123 149.0 149
1715669451122 150.0 150
1715669612536 151.0 151
1715669774424 152.0 152
1715669937145 153.0 153
1715670100076 154.0 154
1715670262300 155.0 155
1715670423393 156.0 156
1715670585118 157.0 157
1715670746518 158.0 158
1715670908946 159.0 159
1715671070515 160.0 160
1715671232756 161.0 161
1715671394142 162.0 162
1715671556118 163.0 163
1715671717614 164.0 164
1715671878740 165.0 165
1715672040736 166.0 166
1715672201759 167.0 167
1715672363427 168.0 168
1715672525714 169.0 169
1715672688158 170.0 170
