1715645002744 7095944.0 0
1715645164695 7095944.0 1
1715645328220 7095944.0 2
1715645491791 7095944.0 3
1715645654677 7095944.0 4
1715645818306 7095944.0 5
1715645981603 7095944.0 6
1715646144487 7095944.0 7
1715646309213 7095944.0 8
1715646475333 7095944.0 9
1715646641711 7095944.0 10
1715646805222 7095944.0 11
1715646967655 7095944.0 12
1715647131029 7095944.0 13
1715647294486 7095944.0 14
1715647457338 7095944.0 15
1715647621187 7095944.0 16
1715647785139 7095944.0 17
1715647949147 7095944.0 18
1715648112871 7095944.0 19
1715648276472 7095944.0 20
1715648441296 7095944.0 21
1715648606804 7095944.0 22
1715648769543 7095944.0 23
1715648932775 7095944.0 24
1715649096441 7095944.0 25
1715649259360 7095944.0 26
1715649422370 7095944.0 27
1715649587561 7095944.0 28
1715649751508 7095944.0 29
1715649915776 7095944.0 30
1715650079806 7095944.0 31
1715650243475 7095944.0 32
1715650407653 7095944.0 33
1715650572068 7095944.0 34
1715650736355 7095944.0 35
1715650900895 7095944.0 36
1715651065634 7095944.0 37
1715651229455 7095944.0 38
1715651393946 7095944.0 39
1715651557584 7095944.0 40
1715651720152 7095944.0 41
1715651884804 7095944.0 42
1715652048029 7095944.0 43
1715652212400 7095944.0 44
1715652376685 7095944.0 45
1715652540357 7095944.0 46
1715652703495 7095944.0 47
1715652865440 7095944.0 48
1715653029996 7095944.0 49
1715653192292 7095944.0 50
1715653355558 7095944.0 51
1715653518339 7095944.0 52
1715653681597 7095944.0 53
1715653844818 7095944.0 54
1715654008229 7095944.0 55
1715654171745 7095944.0 56
1715654333370 7095944.0 57
1715654496187 7095944.0 58
1715654657400 7095944.0 59
1715654821723 7095944.0 60
1715654985632 7095944.0 61
1715655148243 7095944.0 62
1715655311763 7095944.0 63
1715655475292 7095944.0 64
1715655637407 7095944.0 65
1715655799131 7095944.0 66
1715655961738 7095944.0 67
1715656123552 7095944.0 68
1715656286339 7095944.0 69
1715656448623 7095944.0 70
1715656610997 7095944.0 71
1715656773413 7095944.0 72
1715656936535 7095944.0 73
1715657099025 7095944.0 74
1715657260848 7095944.0 75
1715657422847 7095944.0 76
1715657583150 7095944.0 77
1715657744865 7095944.0 78
1715657907316 7095944.0 79
1715658069793 7095944.0 80
1715658231364 7095944.0 81
1715658393267 7095944.0 82
1715658555252 7095944.0 83
1715658717823 7095944.0 84
1715658880451 7095944.0 85
1715659041775 7095944.0 86
1715659203402 7095944.0 87
1715659365324 7095944.0 88
1715659526861 7095944.0 89
1715659688801 7095944.0 90
1715659851085 7095944.0 91
1715660013981 7095944.0 92
1715660176357 7095944.0 93
1715660338250 7095944.0 94
1715660499767 7095944.0 95
1715660661701 7095944.0 96
1715660823976 7095944.0 97
1715660986799 7095944.0 98
1715661148969 7095944.0 99
1715661312164 7095944.0 100
1715661475729 7095944.0 101
1715661638920 7095944.0 102
1715661800930 7095944.0 103
1715661962424 7095944.0 104
1715662124086 7095944.0 105
1715662285361 7095944.0 106
1715662447332 7095944.0 107
1715662610981 7095944.0 108
1715662773965 7095944.0 109
1715662937801 7095944.0 110
1715663102574 7095944.0 111
1715663266353 7095944.0 112
1715663429521 7095944.0 113
1715663594992 7095944.0 114
1715663758813 7095944.0 115
1715663923526 7095944.0 116
1715664088077 7095944.0 117
1715664252615 7095944.0 118
1715664418273 7095944.0 119
1715664581363 7095944.0 120
1715664745086 7095944.0 121
1715664907170 7095944.0 122
1715665070578 7095944.0 123
1715665233148 7095944.0 124
1715665396393 7095944.0 125
1715665558795 7095944.0 126
1715665722555 7095944.0 127
1715665885865 7095944.0 128
1715666048875 7095944.0 129
1715666211981 7095944.0 130
1715666373978 7095944.0 131
1715666537221 7095944.0 132
1715666699485 7095944.0 133
1715666862230 7095944.0 134
1715667024905 7095944.0 135
1715667187382 7095944.0 136
1715667349419 7095944.0 137
1715667510894 7095944.0 138
1715667672863 7095944.0 139
1715667834072 7095944.0 140
1715667995886 7095944.0 141
1715668158027 7095944.0 142
1715668320197 7095944.0 143
1715668482571 7095944.0 144
1715668644457 7095944.0 145
1715668806301 7095944.0 146
1715668967422 7095944.0 147
1715669128520 7095944.0 148
1715669289124 7095944.0 149
1715669451123 7095944.0 150
1715669612538 7095944.0 151
1715669774425 7095944.0 152
1715669937146 7095944.0 153
1715670100077 7095944.0 154
1715670262301 7095944.0 155
1715670423394 7095944.0 156
1715670585119 7095944.0 157
1715670746520 7095944.0 158
1715670908947 7095944.0 159
1715671070516 7095944.0 160
1715671232757 7095944.0 161
1715671394143 7095944.0 162
1715671556120 7095944.0 163
1715671717616 7095944.0 164
1715671878742 7095944.0 165
1715672040736 7095944.0 166
1715672201760 7095944.0 167
1715672363429 7095944.0 168
1715672525716 7095944.0 169
1715672688160 7095944.0 170
