1715645002734 3.6074884290928426 0
1715645164690 3.637565275573212 1
1715645328210 3.589173062340073 2
1715645491780 3.657669885974863 3
1715645654672 3.58346100313508 4
1715645818298 3.6207260094259097 5
1715645981595 3.650741630598255 6
1715646144479 3.6070834229821744 7
1715646309205 3.56332945143399 8
1715646475324 3.554214780097422 9
1715646641704 3.5712193849941958 10
1715646805215 3.5559305321911108 11
1715646967645 3.6500883840996288 12
1715647131020 3.595558896984743 13
1715647294478 3.573009956466115 14
1715647457332 3.597360686439535 15
1715647621182 3.605925426211046 16
1715647785135 3.6319458766475967 17
1715647949137 3.5974439304807913 18
1715648112865 3.5658021174047305 19
1715648276462 3.5239810026858165 20
1715648441287 3.55947471993125 21
1715648606799 3.5950976033573565 22
1715648769533 3.552738044248975 23
1715648932769 3.609833328620247 24
1715649096429 3.669899365176325 25
1715649259355 3.620234409428161 26
1715649422359 3.6014640062399534 27
1715649587553 3.5779035868852036 28
1715649751499 3.586789615776228 29
1715649915769 3.589670921149461 30
1715650079796 3.5864041525384653 31
1715650243469 3.575125331140083 32
1715650407647 3.551046824325686 33
1715650572058 3.6335980140644573 34
1715650736351 3.6078666850276617 35
1715650900885 3.5811727911881777 36
1715651065625 3.572533029900945 37
1715651229445 3.555144684470218 38
1715651393936 3.534256884585256 39
1715651557580 3.515726766832497 40
1715651720147 3.567969736845597 41
1715651884793 3.5552659025010853 42
1715652048020 3.534132472198942 43
1715652212395 3.5714280572922332 44
1715652376675 3.5675765088070994 45
1715652540351 3.5407384624299794 46
1715652703486 3.5303740961396177 47
1715652865435 3.553677906808646 48
1715653029987 3.5404737258087033 49
1715653192283 3.5632892727203993 50
1715653355553 3.5312045342896297 51
1715653518331 3.568342324184335 52
1715653681593 3.5680900368353594 53
1715653844808 3.521190811758456 54
1715654008218 3.5893212608669116 55
1715654171741 3.568038500521494 56
1715654333360 3.5696874960609106 57
1715654496180 3.5130456368560377 58
1715654657391 3.535895079050375 59
1715654821713 3.535244363481584 60
1715654985622 3.52707778694837 61
1715655148237 3.5778731830094173 62
1715655311753 3.5785237356372503 63
1715655475285 3.557774191317351 64
1715655637397 3.5320998060962427 65
1715655799127 3.5877950091076936 66
1715655961734 3.573771584293117 67
1715656123542 3.6095909029245377 68
1715656286329 3.538429056496724 69
1715656448611 3.5352706361723985 70
1715656610992 3.609928482900495 71
1715656773403 3.5766137945263283 72
1715656936530 3.5390034917256106 73
1715657099015 3.54894289665896 74
1715657260837 3.5531328987816106 75
1715657422839 3.56894357210916 76
1715657583139 3.5222029225981752 77
1715657744860 3.527880328828874 78
1715657907304 3.609567411891792 79
1715658069781 3.5611566489805346 80
1715658231354 3.5600549076562342 81
1715658393256 3.617605924282385 82
1715658555243 3.5966942417232888 83
1715658717819 3.5406396755057834 84
1715658880446 3.6502320510537727 85
1715659041770 3.5320736458120137 86
1715659203396 3.5651539317939593 87
1715659365314 3.531735130950161 88
1715659526855 3.5260670858880747 89
1715659688796 3.549939924284168 90
1715659851074 3.543417470286722 91
1715660013971 3.5101329953126283 92
1715660176351 3.5759701200801395 93
1715660338241 3.570244498550892 94
1715660499757 3.613593155923097 95
1715660661694 3.5637300108437953 96
1715660823969 3.5377156536864196 97
1715660986794 3.561212442815304 98
1715661148960 3.5347275134661924 99
1715661312159 3.517081306680389 100
1715661475719 3.5440735266260477 101
1715661638910 3.4951377533700154 102
1715661800920 3.5426364929779717 103
1715661962420 3.586225973199243 104
1715662124082 3.5035821516876635 105
1715662285353 3.563675818559916 106
1715662447326 3.577114258447419 107
1715662610977 3.543653429850288 108
1715662773961 3.5306585515322895 109
1715662937794 3.4974535282539283 110
1715663102565 3.533458712308303 111
1715663266344 3.5626419623908787 112
1715663429517 3.546684165687665 113
1715663594988 3.493142880499363 114
1715663758802 3.5482005933704586 115
1715663923521 3.5303842023662897 116
1715664088067 3.5252162493441417 117
1715664252608 3.506461099761984 118
1715664418263 3.6216832166132717 119
1715664581352 3.5040101182201635 120
1715664745075 3.538480543895908 121
1715664907160 3.5669510095663695 122
1715665070568 3.526799282302027 123
1715665233143 3.613478896410569 124
1715665396384 3.633617727976778 125
1715665558786 3.5483268282335736 126
1715665722545 3.5756323288964187 127
1715665885855 3.5139043279316113 128
1715666048866 3.5515056660641795 129
1715666211970 3.6430214960937914 130
1715666373968 3.5371944094481678 131
1715666537209 3.5569906960362974 132
1715666699474 3.5688264441231023 133
1715666862220 3.5704021003583204 134
1715667024895 3.528854069178519 135
1715667187371 3.5703157170311264 136
1715667349410 3.565400363310524 137
1715667510885 3.5734074634054434 138
1715667672852 3.538079383580581 139
1715667834062 3.5743575462180637 140
1715667995881 3.5569441548508145 141
1715668158015 3.5992076834258824 142
1715668320189 3.556640611070654 143
1715668482561 3.523122291850007 144
1715668644451 3.58115240348422 145
1715668806293 3.4835034080821536 146
1715668967411 3.5739114582538605 147
1715669128510 3.497382916186167 148
1715669289118 3.5735624241440194 149
1715669451118 3.5718810888736146 150
1715669612528 3.515242697428102 151
1715669774420 3.530868310319341 152
1715669937140 3.5480283686648244 153
1715670100069 3.5363114871408627 154
1715670262293 3.519452739668929 155
1715670423385 3.496148589188638 156
1715670585114 3.5634814811789473 157
1715670746510 3.5367394439552142 158
1715670908941 3.4964117453150125 159
1715671070512 3.5459115638033203 160
1715671232752 3.5506256770180618 161
1715671394132 3.6321697941292888 162
1715671556109 3.535071137158767 163
1715671717606 3.54983116524375 164
1715671878732 3.528934074808722 165
1715672040732 3.5869447880465053 166
1715672201755 3.560040367038354 167
1715672363418 3.506373858322268 168
1715672525705 3.50212778960881 169
1715672688151 3.567367617850718 170
