1715645002730 1.0000000000000025e-05 0
1715645164688 1.0000000000000025e-05 1
1715645328205 8.031249999999934e-06 2
1715645491776 6.062499999999992e-06 3
1715645654671 4.093749999999979e-06 4
1715645818294 2.1249999999999885e-06 5
1715645981593 1.586786481999141e-07 6
1715646144477 1.5974712684710027e-07 7
1715646309202 1.6100977463110428e-07 8
1715646475321 1.6246654170475536e-07 9
1715646641702 1.6411737055738747e-07 10
1715646805213 1.6596219601709978e-07 11
1715646967641 1.680009452533453e-07 12
1715647131016 1.702335377797926e-07 13
1715647294477 1.726598854575115e-07 14
1715647457331 1.7527989249844948e-07 15
1715647621181 1.7809345546921744e-07 16
1715647785133 1.8110046329516328e-07 17
1715647949133 1.8430079726477248e-07 18
1715648112864 1.8769433103433471e-07 19
1715648276458 1.91280930632949e-07 20
1715648441283 1.9506045446780243e-07 21
1715648606797 1.9903275332977368e-07 22
1715648769529 2.0319767039929468e-07 23
1715648932767 2.075550412525765e-07 24
1715649096425 2.121046938680809e-07 25
1715649259353 2.1684644863330654e-07 26
1715649422355 2.2178011835189957e-07 27
1715649587551 2.2690550825102583e-07 28
1715649751494 2.3222241598906687e-07 29
1715649915767 2.3773063166361372e-07 30
1715650079791 2.4342993781973756e-07 31
1715650243467 2.49320109458593e-07 32
1715650407645 2.5540091404628284e-07 33
1715650572054 2.6167211152306934e-07 34
1715650736349 2.6813345431280047e-07 35
1715650900881 2.7478468733272496e-07 36
1715651065620 2.816255480035665e-07 37
1715651229441 2.8865576625984757e-07 38
1715651393932 2.958750645605903e-07 39
1715651557578 3.0328315790025877e-07 40
1715651720145 3.1087975382002037e-07 41
1715651884788 3.186645524192678e-07 42
1715652048017 3.26637246367477e-07 43
1715652212393 3.3479752091635906e-07 44
1715652376670 3.4314505391223373e-07 45
1715652540350 3.516795158087984e-07 46
1715652703482 3.6040056968010374e-07 47
1715652865434 3.693078712338842e-07 48
1715653029982 3.784010688251151e-07 49
1715653192278 3.876798034699398e-07 50
1715653355551 3.971437088597946e-07 51
1715653518329 4.0679241137589444e-07 52
1715653681592 4.166255301039964e-07 53
1715653844803 4.266426768493969e-07 54
1715654008213 4.368434561523116e-07 55
1715654171739 4.4722746530341983e-07 56
1715654333356 4.577942943598418e-07 57
1715654496178 4.6854352616124184e-07 58
1715654657386 4.794747363463602e-07 59
1715654821709 4.905874933697452e-07 60
1715654985618 5.018813585187656e-07 61
1715655148235 5.133558859309673e-07 62
1715655311748 5.250106226116497e-07 63
1715655475282 5.368451084517812e-07 64
1715655637393 5.488588762461118e-07 65
1715655799125 5.610514517116509e-07 66
1715655961732 5.734223535064199e-07 67
1715656123538 5.859710932483908e-07 68
1715656286325 5.986971755347881e-07 69
1715656448607 6.116000979616907e-07 70
1715656610990 6.246793511438138e-07 71
1715656773399 6.379344187346309e-07 72
1715656936528 6.513647774467719e-07 73
1715657099010 6.649698970726685e-07 74
1715657260833 6.787492405054964e-07 75
1715657422836 6.927022637603806e-07 76
1715657583135 7.068284159958329e-07 77
1715657744859 7.211271395355752e-07 78
1715657907300 7.355978698904669e-07 79
1715658069777 7.502400357808526e-07 80
1715658231350 7.650530591591096e-07 81
1715658393252 7.80036355232422e-07 82
1715658555238 7.951893324859319e-07 83
1715658717817 8.10511392706028e-07 84
1715658880445 8.260019310040171e-07 85
1715659041768 8.416603358399668e-07 86
1715659203395 8.574859890468683e-07 87
1715659365310 8.734782658550294e-07 88
1715659526853 8.896365349167472e-07 89
1715659688794 9.05960158331234e-07 90
1715659851070 9.224484916697735e-07 91
1715660013967 9.391008840012061e-07 92
1715660176349 9.559166779175813e-07 93
1715660338237 9.728952095601799e-07 94
1715660499752 9.900358086456142e-07 95
1715660661692 1.007337798492387e-06 96
1715660823968 1.02480049604758e-06 97
1715660986792 1.0424232119137908e-06 98
1715661148957 1.0602052503763658e-06 99
1715661312157 1.078145909430865e-06 100
1715661475715 1.0962444808108146e-06 101
1715661638907 1.1145002500155803e-06 102
1715661800915 1.1329124963386622e-06 103
1715661962418 1.1514804928960883e-06 104
1715662124080 1.170203506655191e-06 105
1715662285349 1.1890807984634098e-06 106
1715662447324 1.208111623077581e-06 107
1715662610975 1.2272952291933662e-06 108
1715662773959 1.2466308594748002e-06 109
1715662937792 1.2661177505843463e-06 110
1715663102561 1.2857551332129162e-06 111
1715663266340 1.3055422321102338e-06 112
1715663429515 1.3254782661155183e-06 113
1715663594986 1.3455624481883198e-06 114
1715663758798 1.3657939854394869e-06 115
1715663923519 1.3861720791625816e-06 116
1715664088063 1.4066959248653486e-06 117
1715664252605 1.427364712301512e-06 118
1715664418258 1.4481776255027325e-06 119
1715664581348 1.4691338428108343e-06 120
1715664745070 1.4902325369102343e-06 121
1715664907156 1.5114728748606267e-06 122
1715665070563 1.5328540181298241e-06 123
1715665233142 1.5543751226269336e-06 124
1715665396379 1.5760353387355478e-06 125
1715665558781 1.5978338113474666e-06 126
1715665722540 1.6197696798962917e-06 127
1715665885851 1.6418420783915002e-06 128
1715666048862 1.6640501354526073e-06 129
1715666211966 1.6863929743435193e-06 130
1715666373963 1.7088697130072373e-06 131
1715666537205 1.7314794641005937e-06 132
1715666699470 1.7542213350293375e-06 133
1715666862217 1.7770944279833404e-06 134
1715667024890 1.8000978399720538e-06 135
1715667187367 1.8232306628601645e-06 136
1715667349406 1.846491983403425e-06 137
1715667510880 1.8698808832847541e-06 138
1715667672848 1.8933964391503802e-06 139
1715667834057 1.917037722646484e-06 140
1715667995880 1.940803800455665e-06 141
1715668158011 1.964693734333855e-06 142
1715668320187 1.9887065811473263e-06 143
1715668482557 2.012841392910083e-06 144
1715668644449 2.037097216821021e-06 145
1715668806289 2.0614730953017635e-06 146
1715668967407 2.0859680660343544e-06 147
1715669128506 2.1105811619993235e-06 148
1715669289116 2.1353114115137696e-06 149
1715669451117 2.1601578382697718e-06 150
1715669612524 2.185119461373003e-06 151
1715669774418 2.210195295381214e-06 152
1715669937138 2.2353843503435223e-06 153
1715670100065 2.2606856318391122e-06 154
1715670262290 2.2860981410167644e-06 155
1715670423380 2.311620874634029e-06 156
1715670585112 2.3372528250971876e-06 157
1715670746506 2.3629929805006774e-06 158
1715670908940 2.3888403246672566e-06 159
1715671070510 2.4147938371880194e-06 160
1715671232750 2.4408524934627677e-06 161
1715671394128 2.4670152647403184e-06 162
1715671556105 2.4932811181592467e-06 163
1715671717602 2.5196490167886714e-06 164
1715671878727 2.5461179196691395e-06 165
1715672040731 2.5726867818536586e-06 166
1715672201754 2.5993545544489975e-06 167
1715672363414 2.6261201846571876e-06 168
1715672525701 2.652982615816987e-06 169
1715672688146 2.6799407874456475e-06 170
