1717057527387 0.0 0
1717058348852 1.0 1
1717059172533 2.0 2
1717059961767 3.0 3
1717060769217 4.0 4
1717061553546 5.0 5
1717062337695 6.0 6
1717063144500 7.0 7
1717063946574 8.0 8
1717064743274 9.0 9
1717065561228 10.0 10
1717066365481 11.0 11
1717067160523 12.0 12
1717067950156 13.0 13
1717068757635 14.0 14
1717069542310 15.0 15
1717070344117 16.0 16
1717071124117 17.0 17
1717071891003 18.0 18
1717072666341 19.0 19
1717073473838 20.0 20
1717074268962 21.0 21
1717075057681 22.0 22
1717075877607 23.0 23
1717076698831 24.0 24
1717077491713 25.0 25
1717078305821 26.0 26
1717079113740 27.0 27
1717079898947 28.0 28
1717080697288 29.0 29
1717081509664 30.0 30
1717082294148 31.0 31
1717083100323 32.0 32
1717083904825 33.0 33
1717084700041 34.0 34
1717085491125 35.0 35
1717086313316 36.0 36
1717087145451 37.0 37
1717087936979 38.0 38
1717088746305 39.0 39
1717089569577 40.0 40
1717090372000 41.0 41
1717091185520 42.0 42
1717091974198 43.0 43
1717092775666 44.0 44
1717093576460 45.0 45
1717094382599 46.0 46
1717095188700 47.0 47
1717095976780 48.0 48
1717096781735 49.0 49
1717097599866 50.0 50
1717098403592 51.0 51
1717099219376 52.0 52
1717100049927 53.0 53
1717100871459 54.0 54
1717101656173 55.0 55
1717102466893 56.0 56
1717103311319 57.0 57
1717104135833 58.0 58
1717104941297 59.0 59
1717105760699 60.0 60
1717106565351 61.0 61
1717107367956 62.0 62
1717108211452 63.0 63
1717109028743 64.0 64
1717109846241 65.0 65
1717110647288 66.0 66
1717111433993 67.0 67
1717112228130 68.0 68
1717113062649 69.0 69
1717113900669 70.0 70
1717114699182 71.0 71
1717115498042 72.0 72
1717116333663 73.0 73
1717117159991 74.0 74
1717117961513 75.0 75
1717118779298 76.0 76
1717119595184 77.0 77
1717120392703 78.0 78
1717121202706 79.0 79
1717122022131 80.0 80
1717122819608 81.0 81
1717123593679 82.0 82
1717124415730 83.0 83
1717125209991 84.0 84
1717125998518 85.0 85
1717126808209 86.0 86
1717127592570 87.0 87
1717128391379 88.0 88
1717129207637 89.0 89
1717130037816 90.0 90
1717130850527 91.0 91
1717131654973 92.0 92
1717132474461 93.0 93
1717133301458 94.0 94
1717134107182 95.0 95
1717134915927 96.0 96
1717135743552 97.0 97
1717136553679 98.0 98
1717137358947 99.0 99
1717138179814 100.0 100
1717138981439 101.0 101
1717139788251 102.0 102
1717140575960 103.0 103
1717141385533 104.0 104
1717142186062 105.0 105
1717142998452 106.0 106
1717143823929 107.0 107
1717144633179 108.0 108
1717145448043 109.0 109
1717146264750 110.0 110
1717147089867 111.0 111
1717147897049 112.0 112
1717148700524 113.0 113
1717149523417 114.0 114
1717150336213 115.0 115
1717151144051 116.0 116
1717151935122 117.0 117
1717152760426 118.0 118
1717153580455 119.0 119
1717154393499 120.0 120
1717155222682 121.0 121
1717156032018 122.0 122
1717156838340 123.0 123
1717157639105 124.0 124
1717158449303 125.0 125
1717159249341 126.0 126
1717160040788 127.0 127
1717160859607 128.0 128
1717161660999 129.0 129
1717162471071 130.0 130
1717163232200 131.0 131
1717163892705 132.0 132
1717164537683 133.0 133
1717165210061 134.0 134
1717165883851 135.0 135
1717166554176 136.0 136
1717167244697 137.0 137
1717167921414 138.0 138
1717168586781 139.0 139
1717169261636 140.0 140
1717169936947 141.0 141
1717170609050 142.0 142
1717171272182 143.0 143
1717171942269 144.0 144
1717172600693 145.0 145
1717173272596 146.0 146
1717173951353 147.0 147
1717174625763 148.0 148
1717175293234 149.0 149
1717175960948 150.0 150
1717176644159 151.0 151
1717177300275 152.0 152
1717177967234 153.0 153
1717178641742 154.0 154
1717179317788 155.0 155
1717179968443 156.0 156
1717180646408 157.0 157
1717181312338 158.0 158
1717181955949 159.0 159
1717182620810 160.0 160
1717183309326 161.0 161
1717183981088 162.0 162
1717184674046 163.0 163
1717185353843 164.0 164
1717186019022 165.0 165
1717186688779 166.0 166
1717187361013 167.0 167
1717188022705 168.0 168
1717188704152 169.0 169
1717189385078 170.0 170
1717190055549 171.0 171
1717190713950 172.0 172
1717191391279 173.0 173
1717192041596 174.0 174
1717192697729 175.0 175
1717193367177 176.0 176
1717194023894 177.0 177
1717194691086 178.0 178
1717195358356 179.0 179
1717196020843 180.0 180
1717196683261 181.0 181
1717197361098 182.0 182
1717198040160 183.0 183
1717198714954 184.0 184
1717199390411 185.0 185
1717200060206 186.0 186
1717200724105 187.0 187
1717201390415 188.0 188
1717202237826 189.0 189
1717203067941 190.0 190
1717203863574 191.0 191
1717204666418 192.0 192
1717205471079 193.0 193
1717206275075 194.0 194
1717207089496 195.0 195
1717207907354 196.0 196
1717208730857 197.0 197
1717209534318 198.0 198
1717210351272 199.0 199
