1717057527389 7095172.0 0
1717058348853 7095172.0 1
1717059172535 7095172.0 2
1717059961769 7095172.0 3
1717060769219 7095172.0 4
1717061553548 7095172.0 5
1717062337697 7095172.0 6
1717063144501 7095172.0 7
1717063946575 7095172.0 8
1717064743276 7095172.0 9
1717065561230 7095172.0 10
1717066365483 7095172.0 11
1717067160524 7095172.0 12
1717067950157 7095172.0 13
1717068757637 7095172.0 14
1717069542311 7095172.0 15
1717070344118 7095172.0 16
1717071124119 7095172.0 17
1717071891005 7095172.0 18
1717072666343 7095172.0 19
1717073473839 7095172.0 20
1717074268964 7095172.0 21
1717075057682 7095172.0 22
1717075877608 7095172.0 23
1717076698833 7095172.0 24
1717077491715 7095172.0 25
1717078305822 7095172.0 26
1717079113742 7095172.0 27
1717079898949 7095172.0 28
1717080697290 7095172.0 29
1717081509666 7095172.0 30
1717082294149 7095172.0 31
1717083100324 7095172.0 32
1717083904827 7095172.0 33
1717084700043 7095172.0 34
1717085491126 7095172.0 35
1717086313318 7095172.0 36
1717087145453 7095172.0 37
1717087936980 7095172.0 38
1717088746307 7095172.0 39
1717089569578 7095172.0 40
1717090372002 7095172.0 41
1717091185522 7095172.0 42
1717091974200 7095172.0 43
1717092775668 7095172.0 44
1717093576462 7095172.0 45
1717094382600 7095172.0 46
1717095188701 7095172.0 47
1717095976782 7095172.0 48
1717096781736 7095172.0 49
1717097599867 7095172.0 50
1717098403594 7095172.0 51
1717099219378 7095172.0 52
1717100049929 7095172.0 53
1717100871461 7095172.0 54
1717101656173 7095172.0 55
1717102466894 7095172.0 56
1717103311321 7095172.0 57
1717104135835 7095172.0 58
1717104941298 7095172.0 59
1717105760700 7095172.0 60
1717106565353 7095172.0 61
1717107367958 7095172.0 62
1717108211454 7095172.0 63
1717109028745 7095172.0 64
1717109846242 7095172.0 65
1717110647289 7095172.0 66
1717111433995 7095172.0 67
1717112228131 7095172.0 68
1717113062651 7095172.0 69
1717113900671 7095172.0 70
1717114699183 7095172.0 71
1717115498044 7095172.0 72
1717116333664 7095172.0 73
1717117159993 7095172.0 74
1717117961514 7095172.0 75
1717118779299 7095172.0 76
1717119595186 7095172.0 77
1717120392704 7095172.0 78
1717121202708 7095172.0 79
1717122022133 7095172.0 80
1717122819610 7095172.0 81
1717123593681 7095172.0 82
1717124415732 7095172.0 83
1717125209993 7095172.0 84
1717125998520 7095172.0 85
1717126808211 7095172.0 86
1717127592571 7095172.0 87
1717128391381 7095172.0 88
1717129207640 7095172.0 89
1717130037818 7095172.0 90
1717130850528 7095172.0 91
1717131654975 7095172.0 92
1717132474463 7095172.0 93
1717133301459 7095172.0 94
1717134107184 7095172.0 95
1717134915929 7095172.0 96
1717135743554 7095172.0 97
1717136553681 7095172.0 98
1717137358949 7095172.0 99
1717138179817 7095172.0 100
1717138981441 7095172.0 101
1717139788252 7095172.0 102
1717140575963 7095172.0 103
1717141385535 7095172.0 104
1717142186063 7095172.0 105
1717142998454 7095172.0 106
1717143823931 7095172.0 107
1717144633181 7095172.0 108
1717145448044 7095172.0 109
1717146264751 7095172.0 110
1717147089868 7095172.0 111
1717147897051 7095172.0 112
1717148700526 7095172.0 113
1717149523419 7095172.0 114
1717150336215 7095172.0 115
1717151144052 7095172.0 116
1717151935124 7095172.0 117
1717152760428 7095172.0 118
1717153580457 7095172.0 119
1717154393500 7095172.0 120
1717155222684 7095172.0 121
1717156032019 7095172.0 122
1717156838342 7095172.0 123
1717157639106 7095172.0 124
1717158449304 7095172.0 125
1717159249343 7095172.0 126
1717160040790 7095172.0 127
1717160859608 7095172.0 128
1717161661001 7095172.0 129
1717162471073 7095172.0 130
1717163232201 7095172.0 131
1717163892707 7095172.0 132
1717164537684 7095172.0 133
1717165210063 7095172.0 134
1717165883852 7095172.0 135
1717166554177 7095172.0 136
1717167244698 7095172.0 137
1717167921415 7095172.0 138
1717168586783 7095172.0 139
1717169261638 7095172.0 140
1717169936949 7095172.0 141
1717170609052 7095172.0 142
1717171272184 7095172.0 143
1717171942271 7095172.0 144
1717172600694 7095172.0 145
1717173272598 7095172.0 146
1717173951355 7095172.0 147
1717174625764 7095172.0 148
1717175293235 7095172.0 149
1717175960950 7095172.0 150
1717176644161 7095172.0 151
1717177300276 7095172.0 152
1717177967236 7095172.0 153
1717178641743 7095172.0 154
1717179317790 7095172.0 155
1717179968445 7095172.0 156
1717180646409 7095172.0 157
1717181312339 7095172.0 158
1717181955951 7095172.0 159
1717182620811 7095172.0 160
1717183309328 7095172.0 161
1717183981089 7095172.0 162
1717184674047 7095172.0 163
1717185353844 7095172.0 164
1717186019024 7095172.0 165
1717186688781 7095172.0 166
1717187361014 7095172.0 167
1717188022706 7095172.0 168
1717188704154 7095172.0 169
1717189385080 7095172.0 170
1717190055550 7095172.0 171
1717190713952 7095172.0 172
1717191391280 7095172.0 173
1717192041597 7095172.0 174
1717192697731 7095172.0 175
1717193367178 7095172.0 176
1717194023895 7095172.0 177
1717194691088 7095172.0 178
1717195358357 7095172.0 179
1717196020844 7095172.0 180
1717196683262 7095172.0 181
1717197361099 7095172.0 182
1717198040162 7095172.0 183
1717198714955 7095172.0 184
1717199390413 7095172.0 185
1717200060207 7095172.0 186
1717200724107 7095172.0 187
1717201390416 7095172.0 188
1717202237828 7095172.0 189
1717203067942 7095172.0 190
1717203863576 7095172.0 191
1717204666419 7095172.0 192
1717205471081 7095172.0 193
1717206275077 7095172.0 194
1717207089498 7095172.0 195
1717207907355 7095172.0 196
1717208730858 7095172.0 197
1717209534320 7095172.0 198
1717210351274 7095172.0 199
