1717057527378 1.3855979661307027 0
1717058348842 1.3127449097171906 1
1717059172524 1.274532439727937 2
1717059961757 1.2517863187578417 3
1717060769208 1.2404514286787278 4
1717061553538 1.2276102316475683 5
1717062337687 1.2241649096531253 6
1717063144492 1.2212967435198445 7
1717063946564 1.2216771766543388 8
1717064743264 1.2190824259192712 9
1717065561220 1.222459618843371 10
1717066365473 1.2223428264260292 11
1717067160518 1.219513598709337 12
1717067950147 1.2219357130027586 13
1717068757627 1.2174628790347808 14
1717069542299 1.2179546981088576 15
1717070344108 1.2195768118385346 16
1717071124110 1.2168339243338955 17
1717071890994 1.220330850731942 18
1717072666332 1.2182985460085254 19
1717073473833 1.2181380842962573 20
1717074268953 1.2179005364737203 21
1717075057672 1.2141760972238356 22
1717075877602 1.21751355403854 23
1717076698822 1.2168051480285582 24
1717077491703 1.211436702118766 25
1717078305816 1.214877396341293 26
1717079113731 1.213311934423062 27
1717079898938 1.2105024363244734 28
1717080697279 1.2077447817690912 29
1717081509655 1.2075550760472975 30
1717082294144 1.2067934882736975 31
1717083100318 1.205401954871993 32
1717083904817 1.2047255875602845 33
1717084700033 1.2026692338047489 34
1717085491118 1.2043902861975855 35
1717086313307 1.1992100924253464 36
1717087145442 1.2028521433953316 37
1717087936975 1.2004964428563272 38
1717088746297 1.2000761618537288 39
1717089569573 1.198042197092887 40
1717090371991 1.1968446335484904 41
1717091185511 1.1953461285560363 42
1717091974191 1.1955820014399867 43
1717092775661 1.1917985406133436 44
1717093576453 1.1905008744328254 45
1717094382591 1.1884835578741566 46
1717095188692 1.1887528403632102 47
1717095976771 1.1850667069515874 48
1717096781731 1.1829539023099407 49
1717097599856 1.1850310547217247 50
1717098403582 1.1824500318015776 51
1717099219367 1.17937729748026 52
1717100049917 1.175097127114573 53
1717100871450 1.1779824161241133 54
1717101656169 1.176799764075587 55
1717102466889 1.172243774417908 56
1717103311311 1.171003176560325 57
1717104135823 1.1706911008204184 58
1717104941293 1.1672143479508739 59
1717105760696 1.165625469819192 60
1717106565342 1.165510090128068 61
1717107367951 1.1641506807458015 62
1717108211443 1.1614184540606314 63
1717109028737 1.158759931643163 64
1717109846238 1.1599711785393376 65
1717110647283 1.1572576672319443 66
1717111433984 1.1539167841115305 67
1717112228120 1.154091702593911 68
1717113062639 1.149640379653823 69
1717113900661 1.1503390100213788 70
1717114699178 1.1486383647687974 71
1717115498034 1.1474496957755858 72
1717116333657 1.1482713643100955 73
1717117159983 1.1413186521780105 74
1717117961508 1.143541615336172 75
1717118779292 1.1388753318498213 76
1717119595176 1.1390287967458848 77
1717120392695 1.1405578885347611 78
1717121202701 1.137901056437723 79
1717122022125 1.132771093999186 80
1717122819598 1.1346334339149537 81
1717123593675 1.1336114781518136 82
1717124415721 1.1353914415644062 83
1717125209985 1.1332621951737711 84
1717125998509 1.129777555504153 85
1717126808205 1.1245011886762035 86
1717127592563 1.1272667386839468 87
1717128391374 1.1239244969141098 88
1717129207630 1.122637431467733 89
1717130037811 1.1212980977950557 90
1717130850522 1.1198745958747403 91
1717131654963 1.1193982670384068 92
1717132474453 1.118339376584176 93
1717133301453 1.1258050943574598 94
1717134107172 1.1147049586138418 95
1717134915918 1.113905867741954 96
1717135743544 1.1172292669934611 97
1717136553671 1.1130580647337822 98
1717137358937 1.1090315450583734 99
1717138179803 1.1081078845647074 100
1717138981430 1.1061628321486134 101
1717139788247 1.111207510434812 102
1717140575950 1.1070300076277024 103
1717141385524 1.1111128721987047 104
1717142186056 1.104029991694035 105
1717142998446 1.1085986711325184 106
1717143823920 1.1030066453160778 107
1717144633172 1.1021914376366524 108
1717145448038 1.103163484604128 109
1717146264745 1.1034984728021007 110
1717147089862 1.0994833976991716 111
1717147897039 1.098207536003282 112
1717148700518 1.0963036497273753 113
1717149523410 1.1004146921538538 114
1717150336205 1.1030916624492215 115
1717151144047 1.0963265585803217 116
1717151935117 1.1010219226441076 117
1717152760418 1.091276288993897 118
1717153580445 1.0920125469565392 119
1717154393495 1.0922546877015022 120
1717155222673 1.1017754705202194 121
1717156032013 1.0911381559506539 122
1717156838332 1.0908682875094875 123
1717157639095 1.0919851487682712 124
1717158449298 1.0885443247614368 125
1717159249333 1.0892743482705085 126
1717160040781 1.09434049408282 127
1717160859599 1.0900171831730874 128
1717161660993 1.0927266021890025 129
1717162471064 1.0934816202329052 130
1717163232192 1.085257232669861 131
1717163892696 1.085547394569843 132
1717164537678 1.0904823322930643 133
1717165210052 1.079501243608613 134
1717165883847 1.0817869762259145 135
1717166554172 1.08453871814474 136
1717167244693 1.083836704492569 137
1717167921406 1.0828345103129264 138
1717168586773 1.082704649817559 139
1717169261628 1.0782920331243546 140
1717169936937 1.0808344190159151 141
1717170609044 1.091716370515285 142
1717171272171 1.086929145599565 143
1717171942259 1.0803520715525072 144
1717172600688 1.076161659052295 145
1717173272587 1.0824181632168832 146
1717173951345 1.0740234443256933 147
1717174625758 1.0741672696125122 148
1717175293229 1.0754970292891226 149
1717175960940 1.0885443576881964 150
1717176644152 1.081361711746262 151
1717177300270 1.0699914109803015 152
1717177967224 1.0725769614500384 153
1717178641736 1.070429632740636 154
1717179317779 1.076509507673402 155
1717179968436 1.0812261561232228 156
1717180646399 1.0714178231935347 157
1717181312333 1.0714501620781036 158
1717181955941 1.070839730722289 159
1717182620803 1.0714472443346055 160
1717183309316 1.077641098970367 161
1717183981083 1.0728353675334685 162
1717184674040 1.0724423501280047 163
1717185353834 1.0721070566965687 164
1717186019017 1.0715916296166759 165
1717186688771 1.0721128107078615 166
1717187361008 1.0687311428689188 167
1717188022699 1.0744116537032589 168
1717188704148 1.077972547181191 169
1717189385069 1.0643093900815133 170
1717190055544 1.0623777749076966 171
1717190713941 1.0688083157424004 172
1717191391269 1.0676706981274389 173
1717192041590 1.0675662816051514 174
1717192697721 1.0744466502820291 175
1717193367173 1.0694130894637877 176
1717194023888 1.06138932056004 177
1717194691078 1.0618783288425016 178
1717195358352 1.0661937320424664 179
1717196020834 1.063492560819272 180
1717196683256 1.0623311419640817 181
1717197361093 1.0684765990703338 182
1717198040152 1.0626711924710581 183
1717198714950 1.063502404237947 184
1717199390407 1.065461898282651 185
1717200060201 1.0653151506858487 186
1717200724100 1.0641328655183315 187
1717201390410 1.066974694209714 188
1717202237817 1.0630444374776655 189
1717203067931 1.062953695654869 190
1717203863566 1.0604877197934734 191
1717204666414 1.0564774113797373 192
1717205471071 1.0611647290568198 193
1717206275066 1.072145916281208 194
1717207089488 1.0767882134645217 195
1717207907347 1.0567763486216146 196
1717208730851 1.055238030610546 197
1717209534310 1.056466116059211 198
1717210351264 1.062979775571054 199
