1717057527372 9.999999999999931e-06 0
1717058348837 9.999999999999931e-06 1
1717059172520 8.003124999999944e-06 2
1717059961752 6.006250000000073e-06 3
1717060769203 4.009374999999975e-06 4
1717061553533 2.0124999999999807e-06 5
1717062337682 3.101424800415069e-08 6
1717063144488 3.778050483306113e-08 7
1717063946560 4.577304268859532e-08 8
1717064743259 5.4989889531628866e-08 9
1717065561216 6.542877124312375e-08 10
1717066365469 7.70871121852124e-08 11
1717067160516 8.996203583671457e-08 12
1717067950143 1.04050365502876e-07 13
1717068757622 1.1934862509915615e-07 14
1717069542295 1.3585304000890836e-07 15
1717070344103 1.5355953801472606e-07 16
1717071124104 1.7246375030316232e-07 17
1717071890989 1.9256101254271046e-07 18
1717072666327 2.1384636603463626e-07 19
1717073473831 2.3631455893646358e-07 20
1717074268949 2.5996004755779133e-07 21
1717075057668 2.8477699772811725e-07 22
1717075877600 3.1075928623632755e-07 23
1717076698818 3.37900502341524e-07 24
1717077491698 3.661939493547478e-07 25
1717078305814 3.9563264629131524e-07 26
1717079113726 4.2620932959324986e-07 27
1717079898933 4.57916454921486e-07 28
1717080697274 4.907461990173004e-07 29
1717081509650 5.24690461632547e-07 30
1717082294141 5.597408675283759e-07 31
1717083100316 5.958887685416043e-07 32
1717083904814 6.331252457185206e-07 33
1717084700028 6.71441111515586e-07 34
1717085491116 7.108269120662482e-07 35
1717086313302 7.512729295135608e-07 36
1717087145437 7.927691844079041e-07 37
1717087936974 8.353054381693449e-07 38
1717088746292 8.788711956137088e-07 39
1717089569572 9.234557075422759e-07 40
1717090371987 9.69047973393825e-07 41
1717091185505 1.0156367439589792e-06 42
1717091974189 1.063210524155728e-06 43
1717092775658 1.1117575758656836e-06 44
1717093576447 1.1612659208302355e-06 45
1717094382586 1.211723343606094e-06 46
1717095188688 1.263117394579196e-06 47
1717095976768 1.3154353930364757e-06 48
1717096781729 1.3686644302946784e-06 49
1717097599853 1.422791372885346e-06 50
1717098403578 1.4778028657952767e-06 51
1717099219363 1.5336853357618141e-06 52
1717100049912 1.5904249946216246e-06 53
1717100871446 1.6480078427129438e-06 54
1717101656167 1.7064196723295992e-06 55
1717102466887 1.765646071226639e-06 56
1717103311306 1.8256724261764775e-06 57
1717104135819 1.8864839265741204e-06 58
1717104941291 1.9480655680917655e-06 59
1717105760694 2.010402156380912e-06 60
1717106565337 2.073478310821175e-06 61
1717107367949 2.137278468315181e-06 62
1717108211438 2.2017868871288034e-06 63
1717109028735 2.2669876507749546e-06 64
1717109846236 2.3328646719408e-06 65
1717110647282 2.3994016964570823e-06 66
1717111433979 2.466582307308706e-06 67
1717112228116 2.5343899286850647e-06 68
1717113062635 2.60280783007034e-06 69
1717113900656 2.67181913037105e-06 70
1717114699177 2.7414068020814973e-06 71
1717115498029 2.811553675484932e-06 72
1717116333655 2.8822424428900225e-06 73
1717117159978 2.953455662901058e-06 74
1717117961506 3.0251757647216607e-06 75
1717118779291 3.0973850524899202e-06 76
1717119595171 3.1700657096444286e-06 77
1717120392692 3.2431998033207523e-06 78
1717121202699 3.316769288775442e-06 79
1717122022122 3.3907560138389597e-06 80
1717122819594 3.465141723393843e-06 81
1717123593672 3.539908063879387e-06 82
1717124415717 3.615036587819794e-06 83
1717125209982 3.6905087583759635e-06 84
1717125998504 3.7663059539192003e-06 85
1717126808203 3.842409472625559e-06 86
1717127592559 3.918800537090714e-06 87
1717128391371 3.995460298962438e-06 88
1717129207628 4.072369843591606e-06 89
1717130037810 4.149510194698914e-06 90
1717130850520 4.226862319056996e-06 91
1717131654959 4.304407131186563e-06 92
1717132474449 4.3821254980657195e-06 93
1717133301452 4.4599982438501985e-06 94
1717134107168 4.538006154605194e-06 95
1717134915914 4.616129983046142e-06 96
1717135743539 4.69435045328727e-06 97
1717136553666 4.7726482655979865e-06 98
1717137358932 4.851004101164622e-06 99
1717138179798 4.92939862685739e-06 100
1717138981425 5.007812500000018e-06 101
1717139788246 5.0862263731425586e-06 102
1717140575944 5.164620898835318e-06 103
1717141385519 5.242976734402045e-06 104
1717142186053 5.321274546712723e-06 105
1717142998443 5.399495016953796e-06 106
1717143823916 5.477618845394776e-06 107
1717144633166 5.555626756149862e-06 108
1717145448035 5.6334995019342885e-06 109
1717146264743 5.711217868813412e-06 110
1717147089860 5.788762680943062e-06 111
1717147897032 5.866114805301177e-06 112
1717148700516 5.943255156408461e-06 113
1717149523406 6.02016470103764e-06 114
1717150336200 6.096824462909246e-06 115
1717151144045 6.17321552737443e-06 116
1717151935116 6.249319046080754e-06 117
1717152760413 6.325116241624031e-06 118
1717153580440 6.40058841218024e-06 119
1717154393493 6.475716936120726e-06 120
1717155222668 6.550483276606241e-06 121
1717156032011 6.6248689861610445e-06 122
1717156838328 6.698855711224498e-06 123
1717157639088 6.7724251966793315e-06 124
1717158449296 6.845559290355488e-06 125
1717159249328 6.9182399475100725e-06 126
1717160040779 6.990449235278347e-06 127
1717160859594 7.062169337098977e-06 128
1717161660990 7.133382557110002e-06 129
1717162471059 7.204071324515103e-06 130
1717163232186 7.274218197918438e-06 131
1717163892691 7.343805869628884e-06 132
1717164537676 7.4128171699297435e-06 133
1717165210048 7.481235071314971e-06 134
1717165883845 7.549042692691319e-06 135
1717166554171 7.6162233035429544e-06 136
1717167244692 7.682760328059278e-06 137
1717167921401 7.748637349225091e-06 138
1717168586768 7.813838112871276e-06 139
1717169261624 7.878346531684737e-06 140
1717169936932 7.942146689178878e-06 141
1717170609041 8.005222843619123e-06 142
1717171272167 8.067559431908305e-06 143
1717171942253 8.129141073425907e-06 144
1717172600686 8.18995257382357e-06 145
1717173272582 8.249978928773294e-06 146
1717173951340 8.309205327670413e-06 147
1717174625757 8.367617157287062e-06 148
1717175293227 8.425200005378382e-06 149
1717175960935 8.481939664238198e-06 150
1717176644147 8.537822134204759e-06 151
1717177300269 8.592833627114683e-06 152
1717177967219 8.646960569705252e-06 153
1717178641733 8.700189606963415e-06 154
1717179317774 8.752507605420813e-06 155
1717179968433 8.803901656393896e-06 156
1717180646394 8.854359079169729e-06 157
1717181312331 8.903867424134389e-06 158
1717181955937 8.952414475844223e-06 159
1717182620801 8.999988256041129e-06 160
1717183309311 9.046577026606212e-06 161
1717183981081 9.09216929245776e-06 162
1717184674038 9.13675380438627e-06 163
1717185353829 9.18031956183062e-06 164
1717186019015 9.222855815592072e-06 165
1717186688766 9.264352070486539e-06 166
1717187361007 9.30479808793369e-06 167
1717188022696 9.344183888484474e-06 168
1717188704146 9.382499754281502e-06 169
1717189385065 9.419736231458411e-06 170
1717190055542 9.455884132471542e-06 171
1717190713936 9.490934538367442e-06 172
1717191391264 9.524878800982774e-06 173
1717192041588 9.557708545078538e-06 174
1717192697716 9.58941567040683e-06 175
1717193367171 9.619992353708601e-06 176
1717194023885 9.649431050645288e-06 177
1717194691075 9.677724497658512e-06 178
1717195358351 9.704865713763762e-06 179
1717196020829 9.73084800227196e-06 180
1717196683254 9.755664952442242e-06 181
1717197361092 9.779310441063504e-06 182
1717198040149 9.80177863396539e-06 183
1717198714948 9.823063987457313e-06 184
1717199390405 9.84316124969685e-06 185
1717200060199 9.862065461985294e-06 186
1717200724098 9.879771959991027e-06 187
1717201390408 9.896276374900931e-06 188
1717202237812 9.911574634497048e-06 189
1717203067927 9.925662964163313e-06 190
1717203863561 9.938537887814825e-06 191
1717204666412 9.950196228757005e-06 192
1717205471066 9.960635110468385e-06 193
1717206275061 9.969851957311418e-06 194
1717207089484 9.97784449516693e-06 195
1717207907344 9.984610751995974e-06 196
1717208730848 9.990149058325503e-06 197
1717209534305 9.994458047661647e-06 198
1717210351260 9.997536656825792e-06 199
