1715681202989 0.0 0
1715681335919 1.0 1
1715681569681 2.0 2
1715681951760 3.0 3
1715682336568 4.0 4
1715682654123 5.0 5
1715683038442 6.0 6
1715683356775 7.0 7
1715683746889 8.0 8
1715684058081 9.0 9
1715684437862 10.0 10
1715684746402 11.0 11
1715685145589 12.0 12
1715685462494 13.0 13
1715685834152 14.0 14
1715686144102 15.0 15
1715686507860 16.0 16
1715686831572 17.0 17
1715687185367 18.0 18
1715687501933 19.0 19
1715687853477 20.0 20
1715688164199 21.0 21
1715688526590 22.0 22
1715688846059 23.0 23
1715689191265 24.0 24
1715689506164 25.0 25
1715689840574 26.0 26
1715690151357 27.0 27
1715690485997 28.0 28
1715690799860 29.0 29
1715691138901 30.0 30
1715691452601 31.0 31
1715691782441 32.0 32
1715692102302 33.0 33
1715692427376 34.0 34
1715692761909 35.0 35
1715693079531 36.0 36
1715693417014 37.0 37
1715693738977 38.0 38
1715694072892 39.0 39
1715694393513 40.0 40
1715694732470 41.0 41
1715695044140 42.0 42
1715695391900 43.0 43
1715695710990 44.0 44
1715696072349 45.0 45
1715696381301 46.0 46
1715696742256 47.0 47
1715697063788 48.0 48
1715697428834 49.0 49
1715697769189 50.0 50
1715698122777 51.0 51
1715698456382 52.0 52
1715698818307 53.0 53
1715699160394 54.0 54
1715699503574 55.0 55
1715699847570 56.0 56
1715700176804 57.0 57
1715700511896 58.0 58
1715700831141 59.0 59
1715701165320 60.0 60
1715701492052 61.0 61
1715701815435 62.0 62
1715702141699 63.0 63
1715702468235 64.0 64
1715702792125 65.0 65
1715703098184 66.0 66
1715703430567 67.0 67
1715703749922 68.0 68
1715704076662 69.0 69
1715704373041 70.0 70
1715704710811 71.0 71
1715705026898 72.0 72
1715705349679 73.0 73
1715705667992 74.0 74
1715705997312 75.0 75
1715706313802 76.0 76
1715706646221 77.0 77
1715706946159 78.0 78
1715707281521 79.0 79
1715707605787 80.0 80
1715707943874 81.0 81
1715708253800 82.0 82
1715708577268 83.0 83
1715708896125 84.0 84
1715709218722 85.0 85
1715709538870 86.0 86
1715709854976 87.0 87
1715710186378 88.0 88
1715710502609 89.0 89
1715710846755 90.0 90
1715711155080 91.0 91
1715711503865 92.0 92
1715711829405 93.0 93
1715712186690 94.0 94
1715712501910 95.0 95
1715712851945 96.0 96
1715713158573 97.0 97
1715713524035 98.0 98
1715713837961 99.0 99
1715714203122 100.0 100
1715714530210 101.0 101
1715714899341 102.0 102
1715715229147 103.0 103
1715715575335 104.0 104
1715715905911 105.0 105
1715716253798 106.0 106
1715716574263 107.0 107
1715716913677 108.0 108
1715717240024 109.0 109
1715717576595 110.0 110
1715717888179 111.0 111
1715718219259 112.0 112
1715718532073 113.0 113
1715718871998 114.0 114
1715719170183 115.0 115
1715719516190 116.0 116
1715719833226 117.0 117
1715720173238 118.0 118
1715720481453 119.0 119
1715720818458 120.0 120
1715721123187 121.0 121
1715721463788 122.0 122
1715721771155 123.0 123
1715722113094 124.0 124
1715722422138 125.0 125
1715722753554 126.0 126
1715723073095 127.0 127
1715723404238 128.0 128
1715723707949 129.0 129
1715724043425 130.0 130
1715724366675 131.0 131
1715724690173 132.0 132
1715725011011 133.0 133
1715725337355 134.0 134
1715725674898 135.0 135
1715725983328 136.0 136
1715726316828 137.0 137
1715726642308 138.0 138
1715726970024 139.0 139
1715727285218 140.0 140
1715727627648 141.0 141
1715727939617 142.0 142
1715728292258 143.0 143
1715728599868 144.0 144
1715728963679 145.0 145
1715729277076 146.0 146
1715729631639 147.0 147
1715729958609 148.0 148
1715730309753 149.0 149
1715730647768 150.0 150
1715731007303 151.0 151
1715731336031 152.0 152
1715731681582 153.0 153
1715732011574 154.0 154
1715732350145 155.0 155
1715732688006 156.0 156
1715733004771 157.0 157
1715733337875 158.0 158
1715733666173 159.0 159
1715733989411 160.0 160
1715734313761 161.0 161
1715734643076 162.0 162
1715734969453 163.0 163
1715735276072 164.0 164
1715735606141 165.0 165
1715735912323 166.0 166
1715736244349 167.0 167
1715736555260 168.0 168
1715736898062 169.0 169
1715737209161 170.0 170
1715737535070 171.0 171
1715737848574 172.0 172
1715738182912 173.0 173
1715738483061 174.0 174
1715738830195 175.0 175
1715739152770 176.0 176
1715739488245 177.0 177
1715739794669 178.0 178
1715740131680 179.0 179
1715740451295 180.0 180
1715740775240 181.0 181
1715741078058 182.0 182
1715741420223 183.0 183
1715741745758 184.0 184
1715742073789 185.0 185
1715742390691 186.0 186
1715742728980 187.0 187
1715743052043 188.0 188
1715743378449 189.0 189
1715743706563 190.0 190
1715744028028 191.0 191
1715744366404 192.0 192
1715744687198 193.0 193
1715745036374 194.0 194
1715745348123 195.0 195
1715745708773 196.0 196
1715746027899 197.0 197
1715746380632 198.0 198
1715746691735 199.0 199
1715747066677 200.0 200
1715747385312 201.0 201
1715747741448 202.0 202
1715748055721 203.0 203
1715748430139 204.0 204
1715748753409 205.0 205
1715749108911 206.0 206
1715749431337 207.0 207
1715749791097 208.0 208
1715750122032 209.0 209
1715750460516 210.0 210
1715750787404 211.0 211
1715751117135 212.0 212
1715751451924 213.0 213
1715751787960 214.0 214
1715752115999 215.0 215
1715752439772 216.0 216
1715752751699 217.0 217
1715753097037 218.0 218
1715753406075 219.0 219
1715753746711 220.0 220
1715754062018 221.0 221
1715754393675 222.0 222
1715754705315 223.0 223
1715755040574 224.0 224
1715755345601 225.0 225
1715755681332 226.0 226
1715755993888 227.0 227
1715756328626 228.0 228
1715756647228 229.0 229
1715756980734 230.0 230
1715757297563 231.0 231
1715757627592 232.0 232
1715757939505 233.0 233
1715758274658 234.0 234
1715758587466 235.0 235
1715758929327 236.0 236
1715759236682 237.0 237
1715759563513 238.0 238
1715759888131 239.0 239
1715760223815 240.0 240
1715760547090 241.0 241
1715760865851 242.0 242
1715761199788 243.0 243
1715761531234 244.0 244
1715761861824 245.0 245
1715762177031 246.0 246
1715762519749 247.0 247
1715762841148 248.0 248
1715763193808 249.0 249
1715763505883 250.0 250
1715763859673 251.0 251
1715764173928 252.0 252
1715764533569 253.0 253
1715764848086 254.0 254
1715765207544 255.0 255
1715765532285 256.0 256
1715765889868 257.0 257
1715766225858 258.0 258
1715766605389 259.0 259
1715766979096 260.0 260
1715767384016 261.0 261
1715767749941 262.0 262
1715768168523 263.0 263
1715768557967 264.0 264
1715768952385 265.0 265
1715769338380 266.0 266
1715769722471 267.0 267
1715770094643 268.0 268
1715770487638 269.0 269
1715770865254 270.0 270
1715771258096 271.0 271
1715771627464 272.0 272
1715772041123 273.0 273
1715772426065 274.0 274
1715772816951 275.0 275
1715773173023 276.0 276
1715773563705 277.0 277
1715773943716 278.0 278
1715774333211 279.0 279
1715774709753 280.0 280
1715775062180 281.0 281
1715775459111 282.0 282
1715775845450 283.0 283
1715776233406 284.0 284
1715776595223 285.0 285
1715776984957 286.0 286
1715777352781 287.0 287
1715777750579 288.0 288
1715778106218 289.0 289
1715778485412 290.0 290
1715778852983 291.0 291
1715779232110 292.0 292
1715779611016 293.0 293
1715779985795 294.0 294
1715780340458 295.0 295
1715780730443 296.0 296
1715781113999 297.0 297
1715781480040 298.0 298
1715781859436 299.0 299
1715782241662 300.0 300
1715782637556 301.0 301
1715782986817 302.0 302
1715783370446 303.0 303
1715783742195 304.0 304
1715784121851 305.0 305
1715784473713 306.0 306
1715784858036 307.0 307
1715785225184 308.0 308
1715785625972 309.0 309
1715786015906 310.0 310
1715786431554 311.0 311
1715786806477 312.0 312
1715787202364 313.0 313
1715787576370 314.0 314
1715787970630 315.0 315
1715788315377 316.0 316
1715788699039 317.0 317
1715789090412 318.0 318
1715789472612 319.0 319
1715789830267 320.0 320
1715790200658 321.0 321
1715790582137 322.0 322
1715790973170 323.0 323
1715791332821 324.0 324
1715791684870 325.0 325
1715792079092 326.0 326
1715792455392 327.0 327
1715792843878 328.0 328
1715793212270 329.0 329
1715793592205 330.0 330
1715793974350 331.0 331
1715794366264 332.0 332
1715794738465 333.0 333
1715795120881 334.0 334
1715795488278 335.0 335
1715795883454 336.0 336
1715796269595 337.0 337
1715796658888 338.0 338
1715797014325 339.0 339
1715797399819 340.0 340
1715797777835 341.0 341
1715798139052 342.0 342
1715798490071 343.0 343
1715798850961 344.0 344
1715799228593 345.0 345
1715799591786 346.0 346
1715799939324 347.0 347
1715800322763 348.0 348
1715800705396 349.0 349
1715801086129 350.0 350
1715801468986 351.0 351
1715801826888 352.0 352
1715802219925 353.0 353
1715802605672 354.0 354
1715802985385 355.0 355
1715803344014 356.0 356
1715803698619 357.0 357
1715804063847 358.0 358
1715804464247 359.0 359
1715804825630 360.0 360
1715805200286 361.0 361
1715805587053 362.0 362
1715805966067 363.0 363
1715806338041 364.0 364
1715806710404 365.0 365
1715807084334 366.0 366
1715807472188 367.0 367
1715807853631 368.0 368
1715808207940 369.0 369
1715808594920 370.0 370
1715808969294 371.0 371
1715809344963 372.0 372
1715809712008 373.0 373
1715810053288 374.0 374
1715810405039 375.0 375
1715810796416 376.0 376
1715811175239 377.0 377
1715811558537 378.0 378
1715811911990 379.0 379
1715812291280 380.0 380
1715812679554 381.0 381
1715813036069 382.0 382
1715813387258 383.0 383
1715813769580 384.0 384
1715814152777 385.0 385
1715814531089 386.0 386
1715814892512 387.0 387
1715815267950 388.0 388
1715815632799 389.0 389
1715816016363 390.0 390
1715816388305 391.0 391
1715816747598 392.0 392
1715817107492 393.0 393
1715817473192 394.0 394
1715817866603 395.0 395
1715818238812 396.0 396
1715818601761 397.0 397
1715818977050 398.0 398
1715819358686 399.0 399
1715819734396 400.0 400
1715820100202 401.0 401
1715820451200 402.0 402
1715820855669 403.0 403
1715821230893 404.0 404
1715821591996 405.0 405
1715821957759 406.0 406
1715822331503 407.0 407
1715822710609 408.0 408
1715823087530 409.0 409
1715823453651 410.0 410
1715823835259 411.0 411
1715824204796 412.0 412
1715824545483 413.0 413
1715824874145 414.0 414
1715825183817 415.0 415
1715825508574 416.0 416
1715825826854 417.0 417
1715826158299 418.0 418
1715826471161 419.0 419
1715826794316 420.0 420
1715827102094 421.0 421
1715827436913 422.0 422
1715827749563 423.0 423
1715828083575 424.0 424
1715828398659 425.0 425
1715828722649 426.0 426
1715829061188 427.0 427
