1715681202989 7095944.0 0
1715681335921 7095944.0 1
1715681569682 7095944.0 2
1715681951762 7095944.0 3
1715682336569 7095944.0 4
1715682654124 7095944.0 5
1715683038443 7095944.0 6
1715683356776 7095944.0 7
1715683746890 7095944.0 8
1715684058082 7095944.0 9
1715684437864 7095944.0 10
1715684746403 7095944.0 11
1715685145591 7095944.0 12
1715685462495 7095944.0 13
1715685834153 7095944.0 14
1715686144104 7095944.0 15
1715686507860 7095944.0 16
1715686831573 7095944.0 17
1715687185369 7095944.0 18
1715687501935 7095944.0 19
1715687853478 7095944.0 20
1715688164200 7095944.0 21
1715688526591 7095944.0 22
1715688846060 7095944.0 23
1715689191266 7095944.0 24
1715689506165 7095944.0 25
1715689840575 7095944.0 26
1715690151358 7095944.0 27
1715690485999 7095944.0 28
1715690799861 7095944.0 29
1715691138903 7095944.0 30
1715691452610 7095944.0 31
1715691782443 7095944.0 32
1715692102303 7095944.0 33
1715692427378 7095944.0 34
1715692761910 7095944.0 35
1715693079533 7095944.0 36
1715693417016 7095944.0 37
1715693738978 7095944.0 38
1715694072893 7095944.0 39
1715694393514 7095944.0 40
1715694732472 7095944.0 41
1715695044141 7095944.0 42
1715695391902 7095944.0 43
1715695710991 7095944.0 44
1715696072351 7095944.0 45
1715696381302 7095944.0 46
1715696742257 7095944.0 47
1715697063789 7095944.0 48
1715697428836 7095944.0 49
1715697769190 7095944.0 50
1715698122778 7095944.0 51
1715698456383 7095944.0 52
1715698818308 7095944.0 53
1715699160397 7095944.0 54
1715699503576 7095944.0 55
1715699847571 7095944.0 56
1715700176805 7095944.0 57
1715700511898 7095944.0 58
1715700831142 7095944.0 59
1715701165321 7095944.0 60
1715701492053 7095944.0 61
1715701815437 7095944.0 62
1715702141700 7095944.0 63
1715702468236 7095944.0 64
1715702792127 7095944.0 65
1715703098185 7095944.0 66
1715703430569 7095944.0 67
1715703749924 7095944.0 68
1715704076664 7095944.0 69
1715704373042 7095944.0 70
1715704710812 7095944.0 71
1715705026899 7095944.0 72
1715705349680 7095944.0 73
1715705667994 7095944.0 74
1715705997313 7095944.0 75
1715706313804 7095944.0 76
1715706646223 7095944.0 77
1715706946160 7095944.0 78
1715707281522 7095944.0 79
1715707605788 7095944.0 80
1715707943876 7095944.0 81
1715708253801 7095944.0 82
1715708577270 7095944.0 83
1715708896127 7095944.0 84
1715709218724 7095944.0 85
1715709538871 7095944.0 86
1715709854978 7095944.0 87
1715710186380 7095944.0 88
1715710502611 7095944.0 89
1715710846757 7095944.0 90
1715711155081 7095944.0 91
1715711503866 7095944.0 92
1715711829406 7095944.0 93
1715712186692 7095944.0 94
1715712501911 7095944.0 95
1715712851945 7095944.0 96
1715713158574 7095944.0 97
1715713524036 7095944.0 98
1715713837962 7095944.0 99
1715714203123 7095944.0 100
1715714530211 7095944.0 101
1715714899343 7095944.0 102
1715715229149 7095944.0 103
1715715575336 7095944.0 104
1715715905912 7095944.0 105
1715716253799 7095944.0 106
1715716574265 7095944.0 107
1715716913678 7095944.0 108
1715717240026 7095944.0 109
1715717576596 7095944.0 110
1715717888180 7095944.0 111
1715718219261 7095944.0 112
1715718532074 7095944.0 113
1715718871999 7095944.0 114
1715719170184 7095944.0 115
1715719516192 7095944.0 116
1715719833227 7095944.0 117
1715720173239 7095944.0 118
1715720481455 7095944.0 119
1715720818459 7095944.0 120
1715721123188 7095944.0 121
1715721463790 7095944.0 122
1715721771157 7095944.0 123
1715722113095 7095944.0 124
1715722422139 7095944.0 125
1715722753555 7095944.0 126
1715723073096 7095944.0 127
1715723404240 7095944.0 128
1715723707951 7095944.0 129
1715724043427 7095944.0 130
1715724366676 7095944.0 131
1715724690175 7095944.0 132
1715725011012 7095944.0 133
1715725337356 7095944.0 134
1715725674900 7095944.0 135
1715725983328 7095944.0 136
1715726316829 7095944.0 137
1715726642309 7095944.0 138
1715726970026 7095944.0 139
1715727285220 7095944.0 140
1715727627649 7095944.0 141
1715727939618 7095944.0 142
1715728292259 7095944.0 143
1715728599869 7095944.0 144
1715728963680 7095944.0 145
1715729277078 7095944.0 146
1715729631641 7095944.0 147
1715729958611 7095944.0 148
1715730309755 7095944.0 149
1715730647769 7095944.0 150
1715731007304 7095944.0 151
1715731336032 7095944.0 152
1715731681584 7095944.0 153
1715732011575 7095944.0 154
1715732350146 7095944.0 155
1715732688007 7095944.0 156
1715733004773 7095944.0 157
1715733337876 7095944.0 158
1715733666174 7095944.0 159
1715733989412 7095944.0 160
1715734313763 7095944.0 161
1715734643077 7095944.0 162
1715734969454 7095944.0 163
1715735276073 7095944.0 164
1715735606143 7095944.0 165
1715735912325 7095944.0 166
1715736244350 7095944.0 167
1715736555261 7095944.0 168
1715736898063 7095944.0 169
1715737209163 7095944.0 170
1715737535071 7095944.0 171
1715737848576 7095944.0 172
1715738182914 7095944.0 173
1715738483062 7095944.0 174
1715738830197 7095944.0 175
1715739152771 7095944.0 176
1715739488246 7095944.0 177
1715739794670 7095944.0 178
1715740131682 7095944.0 179
1715740451296 7095944.0 180
1715740775241 7095944.0 181
1715741078059 7095944.0 182
1715741420224 7095944.0 183
1715741745760 7095944.0 184
1715742073791 7095944.0 185
1715742390693 7095944.0 186
1715742728981 7095944.0 187
1715743052044 7095944.0 188
1715743378450 7095944.0 189
1715743706564 7095944.0 190
1715744028029 7095944.0 191
1715744366405 7095944.0 192
1715744687200 7095944.0 193
1715745036375 7095944.0 194
1715745348124 7095944.0 195
1715745708775 7095944.0 196
1715746027901 7095944.0 197
1715746380633 7095944.0 198
1715746691737 7095944.0 199
1715747066679 7095944.0 200
1715747385313 7095944.0 201
1715747741449 7095944.0 202
1715748055723 7095944.0 203
1715748430140 7095944.0 204
1715748753410 7095944.0 205
1715749108913 7095944.0 206
1715749431338 7095944.0 207
1715749791098 7095944.0 208
1715750122034 7095944.0 209
1715750460517 7095944.0 210
1715750787405 7095944.0 211
1715751117136 7095944.0 212
1715751451925 7095944.0 213
1715751787961 7095944.0 214
1715752116001 7095944.0 215
1715752439773 7095944.0 216
1715752751700 7095944.0 217
1715753097039 7095944.0 218
1715753406076 7095944.0 219
1715753746713 7095944.0 220
1715754062020 7095944.0 221
1715754393677 7095944.0 222
1715754705316 7095944.0 223
1715755040575 7095944.0 224
1715755345603 7095944.0 225
1715755681333 7095944.0 226
1715755993889 7095944.0 227
1715756328628 7095944.0 228
1715756647230 7095944.0 229
1715756980735 7095944.0 230
1715757297565 7095944.0 231
1715757627593 7095944.0 232
1715757939507 7095944.0 233
1715758274659 7095944.0 234
1715758587467 7095944.0 235
1715758929328 7095944.0 236
1715759236683 7095944.0 237
1715759563515 7095944.0 238
1715759888132 7095944.0 239
1715760223816 7095944.0 240
1715760547092 7095944.0 241
1715760865852 7095944.0 242
1715761199789 7095944.0 243
1715761531235 7095944.0 244
1715761861825 7095944.0 245
1715762177032 7095944.0 246
1715762519751 7095944.0 247
1715762841150 7095944.0 248
1715763193810 7095944.0 249
1715763505885 7095944.0 250
1715763859674 7095944.0 251
1715764173929 7095944.0 252
1715764533571 7095944.0 253
1715764848087 7095944.0 254
1715765207545 7095944.0 255
1715765532287 7095944.0 256
1715765889869 7095944.0 257
1715766225859 7095944.0 258
1715766605391 7095944.0 259
1715766979097 7095944.0 260
1715767384017 7095944.0 261
1715767749942 7095944.0 262
1715768168524 7095944.0 263
1715768557968 7095944.0 264
1715768952387 7095944.0 265
1715769338381 7095944.0 266
1715769722473 7095944.0 267
1715770094645 7095944.0 268
1715770487640 7095944.0 269
1715770865256 7095944.0 270
1715771258098 7095944.0 271
1715771627466 7095944.0 272
1715772041124 7095944.0 273
1715772426068 7095944.0 274
1715772816952 7095944.0 275
1715773173024 7095944.0 276
1715773563706 7095944.0 277
1715773943718 7095944.0 278
1715774333212 7095944.0 279
1715774709754 7095944.0 280
1715775062182 7095944.0 281
1715775459113 7095944.0 282
1715775845452 7095944.0 283
1715776233408 7095944.0 284
1715776595224 7095944.0 285
1715776984959 7095944.0 286
1715777352783 7095944.0 287
1715777750581 7095944.0 288
1715778106219 7095944.0 289
1715778485413 7095944.0 290
1715778852984 7095944.0 291
1715779232112 7095944.0 292
1715779611017 7095944.0 293
1715779985796 7095944.0 294
1715780340460 7095944.0 295
1715780730444 7095944.0 296
1715781114000 7095944.0 297
1715781480041 7095944.0 298
1715781859438 7095944.0 299
1715782241663 7095944.0 300
1715782637557 7095944.0 301
1715782986818 7095944.0 302
1715783370448 7095944.0 303
1715783742197 7095944.0 304
1715784121854 7095944.0 305
1715784473715 7095944.0 306
1715784858038 7095944.0 307
1715785225185 7095944.0 308
1715785625973 7095944.0 309
1715786015907 7095944.0 310
1715786431555 7095944.0 311
1715786806478 7095944.0 312
1715787202365 7095944.0 313
1715787576371 7095944.0 314
1715787970631 7095944.0 315
1715788315378 7095944.0 316
1715788699041 7095944.0 317
1715789090413 7095944.0 318
1715789472613 7095944.0 319
1715789830269 7095944.0 320
1715790200659 7095944.0 321
1715790582139 7095944.0 322
1715790973172 7095944.0 323
1715791332822 7095944.0 324
1715791684872 7095944.0 325
1715792079093 7095944.0 326
1715792455394 7095944.0 327
1715792843879 7095944.0 328
1715793212272 7095944.0 329
1715793592206 7095944.0 330
1715793974352 7095944.0 331
1715794366266 7095944.0 332
1715794738466 7095944.0 333
1715795120883 7095944.0 334
1715795488279 7095944.0 335
1715795883455 7095944.0 336
1715796269597 7095944.0 337
1715796658890 7095944.0 338
1715797014326 7095944.0 339
1715797399820 7095944.0 340
1715797777836 7095944.0 341
1715798139053 7095944.0 342
1715798490072 7095944.0 343
1715798850963 7095944.0 344
1715799228594 7095944.0 345
1715799591788 7095944.0 346
1715799939325 7095944.0 347
1715800322764 7095944.0 348
1715800705399 7095944.0 349
1715801086130 7095944.0 350
1715801468987 7095944.0 351
1715801826889 7095944.0 352
1715802219926 7095944.0 353
1715802605673 7095944.0 354
1715802985387 7095944.0 355
1715803344015 7095944.0 356
1715803698620 7095944.0 357
1715804063848 7095944.0 358
1715804464248 7095944.0 359
1715804825631 7095944.0 360
1715805200288 7095944.0 361
1715805587055 7095944.0 362
1715805966068 7095944.0 363
1715806338042 7095944.0 364
1715806710405 7095944.0 365
1715807084335 7095944.0 366
1715807472189 7095944.0 367
1715807853633 7095944.0 368
1715808207942 7095944.0 369
1715808594921 7095944.0 370
1715808969295 7095944.0 371
1715809344964 7095944.0 372
1715809712010 7095944.0 373
1715810053289 7095944.0 374
1715810405041 7095944.0 375
1715810796417 7095944.0 376
1715811175240 7095944.0 377
1715811558538 7095944.0 378
1715811911991 7095944.0 379
1715812291282 7095944.0 380
1715812679556 7095944.0 381
1715813036071 7095944.0 382
1715813387259 7095944.0 383
1715813769582 7095944.0 384
1715814152778 7095944.0 385
1715814531090 7095944.0 386
1715814892514 7095944.0 387
1715815267951 7095944.0 388
1715815632800 7095944.0 389
1715816016364 7095944.0 390
1715816388306 7095944.0 391
1715816747600 7095944.0 392
1715817107493 7095944.0 393
1715817473193 7095944.0 394
1715817866604 7095944.0 395
1715818238813 7095944.0 396
1715818601763 7095944.0 397
1715818977051 7095944.0 398
1715819358688 7095944.0 399
1715819734398 7095944.0 400
1715820100203 7095944.0 401
1715820451202 7095944.0 402
1715820855671 7095944.0 403
1715821230895 7095944.0 404
1715821591997 7095944.0 405
1715821957760 7095944.0 406
1715822331505 7095944.0 407
1715822710610 7095944.0 408
1715823087532 7095944.0 409
1715823453653 7095944.0 410
1715823835261 7095944.0 411
1715824204797 7095944.0 412
1715824545484 7095944.0 413
1715824874146 7095944.0 414
1715825183817 7095944.0 415
1715825508575 7095944.0 416
1715825826855 7095944.0 417
1715826158300 7095944.0 418
1715826471162 7095944.0 419
1715826794317 7095944.0 420
1715827102095 7095944.0 421
1715827436915 7095944.0 422
1715827749564 7095944.0 423
1715828083576 7095944.0 424
1715828398660 7095944.0 425
1715828722650 7095944.0 426
1715829061190 7095944.0 427
