1715681202986 5.316412919241449 0
1715681335912 5.3005058778368905 1
1715681569673 5.27090548173241 2
1715681951751 5.218610294487165 3
1715682336558 5.164556954217994 4
1715682654118 5.11429314898408 5
1715683038438 5.051455781511638 6
1715683356770 5.038529526928197 7
1715683746884 5.040814236454342 8
1715684058077 5.049040883779526 9
1715684437853 5.029668040897535 10
1715684746394 5.038760260395382 11
1715685145581 5.038846860761228 12
1715685462490 5.038708773644074 13
1715685834144 5.031260696442231 14
1715686144098 5.025097215953081 15
1715686507855 5.021596508181614 16
1715686831565 5.021866895582365 17
1715687185360 5.002297217431276 18
1715687501929 5.013469300840212 19
1715687853472 5.013884197110715 20
1715688164190 5.0060201339099715 21
1715688526581 5.002419737370118 22
1715688846054 4.989587598520776 23
1715689191260 4.994536244350931 24
1715689506160 4.988824453042901 25
1715689840569 4.9841660520304805 26
1715690151349 4.986701498860898 27
1715690485990 4.995007478672525 28
1715690799855 4.991116199804389 29
1715691138897 4.968850884748542 30
1715691452595 4.983928946049317 31
1715691782436 4.976942751718604 32
1715692102297 4.969884352839512 33
1715692427367 4.960812683986581 34
1715692761905 4.948025314704232 35
1715693079524 4.953240280566008 36
1715693417007 4.961510721756064 37
1715693738972 4.95958736927613 38
1715694072887 4.933072152345077 39
1715694393507 4.940565017254456 40
1715694732458 4.914514196955639 41
1715695044133 4.926757861738619 42
1715695391892 4.908237405445265 43
1715695710984 4.914371692616006 44
1715696072340 4.900788686845614 45
1715696381296 4.901258122661839 46
1715696742252 4.906124476505362 47
1715697063777 4.90118933112725 48
1715697428827 4.8919792849084605 49
1715697769181 4.884709943895754 50
1715698122773 4.871415138244629 51
1715698456377 4.879877467518267 52
1715698818303 4.882211038599843 53
1715699160385 4.860398720140043 54
1715699503565 4.84916010045487 55
1715699847564 4.841040663097216 56
1715700176799 4.851253538028054 57
1715700511889 4.838204264640808 58
1715700831137 4.829645093368447 59
1715701165316 4.840252304854601 60
1715701492047 4.824758463579675 61
1715701815429 4.820715464975523 62
1715702141694 4.823341103999511 63
1715702468230 4.797662197247796 64
1715702792116 4.8128066646016165 65
1715703098180 4.813356400831886 66
1715703430556 4.790227007606755 67
1715703749915 4.790936519270358 68
1715704076658 4.787263379796691 69
1715704373036 4.76555475074312 70
1715704710804 4.75819967492767 71
1715705026895 4.771131229141484 72
1715705349674 4.756017179592796 73
1715705667987 4.731399146111115 74
1715705997310 4.753177888367487 75
1715706313793 4.728153306504955 76
1715706646217 4.721008743928826 77
1715706946154 4.728406618470731 78
1715707281512 4.706582297449526 79
1715707605783 4.718083073911459 80
1715707943866 4.696128144212391 81
1715708253794 4.684835805841114 82
1715708577264 4.675407272966011 83
1715708896118 4.694163047749063 84
1715709218714 4.66756708725639 85
1715709538865 4.649677916713383 86
1715709854971 4.667000477728636 87
1715710186374 4.643028134237165 88
1715710502602 4.642209519510684 89
1715710846747 4.6228543455186095 90
1715711155075 4.606045761186143 91
1715711503860 4.6066616009110986 92
1715711829399 4.600922891627187 93
1715712186683 4.595019646960756 94
1715712501905 4.579532200227613 95
1715712851942 4.585804667161859 96
1715713158568 4.560690693233324 97
1715713524031 4.546896418151648 98
1715713837956 4.533736122691113 99
1715714203117 4.539119142553081 100
1715714530205 4.512091820006785 101
1715714899331 4.519442919155826 102
1715715229143 4.524216999178347 103
1715715575330 4.5034736446712325 104
1715715905907 4.49219442061756 105
1715716253793 4.475315574070682 106
1715716574259 4.486270003344702 107
1715716913672 4.4659643613773845 108
1715717240017 4.4653775594804594 109
1715717576590 4.440059197985607 110
1715717888174 4.464537336126618 111
1715718219255 4.446177784515464 112
1715718532068 4.413513026807619 113
1715718871993 4.414937671759854 114
1715719170178 4.396188417206639 115
1715719516186 4.384805910613226 116
1715719833222 4.3758115910965465 117
1715720173232 4.352766795002895 118
1715720481449 4.364860370755196 119
1715720818448 4.336777841267378 120
1715721123184 4.3611158398182495 121
1715721463781 4.3512182611486185 122
1715721771150 4.3377548436755715 123
1715722113090 4.31584493038447 124
1715722422134 4.293255038883375 125
1715722753546 4.313759804419849 126
1715723073087 4.321266012347263 127
1715723404234 4.289527969515842 128
1715723707941 4.275189706812734 129
1715724043417 4.25763649655425 130
1715724366669 4.25385619699955 131
1715724690164 4.230488256267879 132
1715725011006 4.202314158496649 133
1715725337349 4.212751724797746 134
1715725674890 4.203270182013512 135
1715725983325 4.1928737979868185 136
1715726316823 4.158215809127559 137
1715726642303 4.145146958206011 138
1715726970015 4.196469695671745 139
1715727285209 4.134432143491248 140
1715727627644 4.126659989356995 141
1715727939611 4.123533631148546 142
1715728292253 4.144400448902793 143
1715728599863 4.098886628513751 144
1715728963675 4.108120410338692 145
1715729277068 4.087986130429351 146
1715729631635 4.087488883863324 147
1715729958605 4.060130899367125 148
1715730309749 4.0752822679022085 149
1715730647763 4.093807257387949 150
1715731007298 4.023722945995953 151
1715731336025 4.018066576641539 152
1715731681574 4.020708984654883 153
1715732011570 3.9731751453617346 154
1715732350140 3.9751061129829157 155
1715732688000 3.9810728255821313 156
1715733004762 3.9939189592133397 157
1715733337870 3.9478677576002865 158
1715733666168 3.9613313402818595 159
1715733989405 3.9149206429719925 160
1715734313753 3.90577330407889 161
1715734643071 3.932135505520779 162
1715734969450 3.90253110424332 163
1715735276067 3.8775442268537437 164
1715735606133 3.884931682244591 165
1715735912319 3.8552418195683025 166
1715736244344 3.8379660773536433 167
1715736555256 3.816267576554547 168
1715736898057 3.7957317563502686 169
1715737209153 3.8269033626369806 170
1715737535066 3.836291347508845 171
1715737848570 3.8016431739796763 172
1715738182908 3.7788227854863456 173
1715738483056 3.7593272334855534 174
1715738830187 3.761155407713807 175
1715739152765 3.7320467661256376 176
1715739488240 3.717057257242825 177
1715739794665 3.7110818676326587 178
1715740131676 3.7063580816206723 179
1715740451291 3.703880609377571 180
1715740775235 3.663957661260729 181
1715741078054 3.685062455094379 182
1715741420218 3.6533708390982254 183
1715741745753 3.6822532460741373 184
1715742073783 3.6395466437806254 185
1715742390682 3.5978892691757367 186
1715742728976 3.636081710457802 187
1715743052036 3.579368539478468 188
1715743378445 3.6057916024456853 189
1715743706560 3.555888321088708 190
1715744028023 3.5897604401992713 191
1715744366399 3.4931409222924192 192
1715744687195 3.5695211770741837 193
1715745036369 3.512687067622724 194
1715745348118 3.5024972324785977 195
1715745708768 3.5356800549704097 196
1715746027890 3.4895070836595865 197
1715746380625 3.4579963347186213 198
1715746691731 3.476760966622311 199
1715747066669 3.4635001116472743 200
1715747385307 3.417123355295347 201
1715747741443 3.41786704050458 202
1715748055714 3.4234103074540263 203
1715748430134 3.407355917536694 204
1715748753404 3.3901462276344714 205
1715749108907 3.3917489136042804 206
1715749431332 3.3789694406416104 207
1715749791092 3.331056285811507 208
1715750122027 3.3427875534347864 209
1715750460511 3.353766842380814 210
1715750787399 3.327647640005402 211
1715751117130 3.3014934788579526 212
1715751451915 3.306390456531359 213
1715751787955 3.2770454248656398 214
1715752115989 3.24134438322938 215
1715752439766 3.268367353340854 216
1715752751694 3.2221178778487705 217
1715753097031 3.2250765966980355 218
1715753406071 3.2585868446723274 219
1715753746707 3.1950424109464106 220
1715754062014 3.1993687253283416 221
1715754393670 3.124942823272684 222
1715754705310 3.154370946728665 223
1715755040569 3.1361884714468666 224
1715755345595 3.115605790330016 225
1715755681327 3.0970568132141363 226
1715755993881 3.099347289489663 227
1715756328619 3.092201105278471 228
1715756647219 3.091186225414276 229
1715756980730 3.0279724798772647 230
1715757297559 3.054985047682472 231
1715757627587 3.017780508036199 232
1715757939501 3.004336287146029 233
1715758274653 3.0094715049085408 234
1715758587464 3.005173471310864 235
1715758929322 3.0361199291503946 236
1715759236678 2.975269550214643 237
1715759563505 2.991899652973465 238
1715759888122 2.9386171536601107 239
1715760223809 2.9471095975326453 240
1715760547086 2.913911719361077 241
1715760865847 2.957832857642485 242
1715761199783 2.91474681833516 243
1715761531229 2.8437972016956494 244
1715761861819 2.9014492468989412 245
1715762177026 2.8919114305273346 246
1715762519737 2.839778646502806 247
1715762841144 2.8220336155399033 248
1715763193802 2.8242563281370248 249
1715763505879 2.798229132009589 250
1715763859669 2.8492298103545024 251
1715764173924 2.8110579197173533 252
1715764533565 2.7970387760711755 253
1715764848081 2.7655748051145803 254
1715765207539 2.7261879013284394 255
1715765532277 2.743528356694657 256
1715765889863 2.7173254185396694 257
1715766225853 2.6893059847795446 258
1715766605379 2.685816891491413 259
1715766979093 2.69509720445975 260
1715767384011 2.710253698994284 261
1715767749932 2.659333365119022 262
1715768168518 2.6734780526679494 263
1715768557959 2.60987083516691 264
1715768952380 2.649529031113438 265
1715769338377 2.619697597687659 266
1715769722464 2.5858633203998855 267
1715770094639 2.604676586454329 268
1715770487630 2.5654960381595986 269
1715770865247 2.557131659725438 270
1715771258088 2.5409573222631994 271
1715771627455 2.512263929390389 272
1715772041119 2.537022630481616 273
1715772426056 2.50523285081853 274
1715772816946 2.5362075026268545 275
1715773173015 2.465956930880961 276
1715773563701 2.4635304915516274 277
1715773943712 2.4677549969890844 278
1715774333206 2.4748196588910143 279
1715774709748 2.463204837363699 280
1715775062177 2.465104321422784 281
1715775459102 2.455114535987377 282
1715775845442 2.389310013340867 283
1715776233402 2.351093094310035 284
1715776595213 2.3823958188295364 285
1715776984945 2.390957908137985 286
1715777352777 2.3373974539015605 287
1715777750570 2.3471251638687174 288
1715778106213 2.3364778358651246 289
1715778485406 2.3317933837356777 290
1715778852977 2.332870947278064 291
1715779232102 2.2597675547003746 292
1715779611012 2.309146818583426 293
1715779985789 2.2932171523571014 294
1715780340454 2.271526382993097 295
1715780730439 2.268336832523346 296
1715781113994 2.260941153311211 297
1715781480035 2.226393242245135 298
1715781859430 2.2432265339986137 299
1715782241658 2.238286534729211 300
1715782637551 2.219119633021562 301
1715782986812 2.208853127191896 302
1715783370440 2.1883000284433365 303
1715783742182 2.174508233757123 304
1715784121841 2.198132164128449 305
1715784473709 2.154525872481906 306
1715784858029 2.1499347842257954 307
1715785225180 2.14495748637811 308
1715785625967 2.107824379335279 309
1715786015901 2.140706846571487 310
1715786431549 2.1366101302530454 311
1715786806473 2.1257015489365743 312
1715787202355 2.1136442335403482 313
1715787576362 2.1030468817638313 314
1715787970621 2.06365198350471 315
1715788315367 2.061294594536657 316
1715788699035 2.107594367278659 317
1715789090402 2.058305084705353 318
1715789472610 2.0656728164657303 319
1715789830260 2.0423042677018954 320
1715790200654 2.037012945698655 321
1715790582130 1.9692372964776081 322
1715790973161 1.9940330172362535 323
1715791332817 1.9779996421674024 324
1715791684864 2.032401163616906 325
1715792079084 1.9960745754449263 326
1715792455384 1.9770323478657266 327
1715792843874 1.947516876394334 328
1715793212263 1.9713795311425044 329
1715793592200 1.9776845331425252 330
1715793974346 1.958671912226988 331
1715794366257 1.918848004354083 332
1715794738461 1.9270351525882017 333
1715795120877 1.9112781140467394 334
1715795488273 1.9031102952101957 335
1715795883445 1.9068868163487185 336
1715796269588 1.9646677157801131 337
1715796658884 1.9226128177150437 338
1715797014318 1.8702851608395576 339
1715797399814 1.8692832725203556 340
1715797777822 1.8620836083655772 341
1715798139047 1.8414880623636039 342
1715798490066 1.8609729418935983 343
1715798850953 1.864637177599513 344
1715799228589 1.8377601928685023 345
1715799591782 1.8704821169376373 346
1715799939318 1.855763376083063 347
1715800322758 1.8300323194783668 348
1715800705385 1.8314570152889127 349
1715801086120 1.8221631898828174 350
1715801468982 1.80702419028334 351
1715801826883 1.7810113261575284 352
1715802219920 1.8081692570577497 353
1715802605667 1.8200000420860623 354
1715802985381 1.7867411870671355 355
1715803344010 1.7807259002457494 356
1715803698614 1.7812628564627275 357
1715804063842 1.7589052355159884 358
1715804464240 1.7664393468395523 359
1715804825623 1.7875564564829287 360
1715805200274 1.7501672250421152 361
1715805587045 1.7597042143992756 362
1715805966060 1.750578856014687 363
1715806338032 1.767769768834114 364
1715806710399 1.7338741820143617 365
1715807084329 1.773118895681008 366
1715807472185 1.7311701819948528 367
1715807853623 1.7149737786663615 368
1715808207934 1.7556443778069124 369
1715808594915 1.69066346242376 370
1715808969286 1.715324401207592 371
1715809344958 1.7185486843404563 372
1715809712003 1.6695105559799983 373
1715810053284 1.7194737821169521 374
1715810405031 1.7222112067367719 375
1715810796411 1.6911397530980732 376
1715811175234 1.6824896403628846 377
1715811558532 1.6642763345785763 378
1715811911986 1.6933460896429808 379
1715812291270 1.677650493124257 380
1715812679546 1.6717083982151488 381
1715813036061 1.661761379112368 382
1715813387253 1.6512047240267629 383
1715813769570 1.6237921983651493 384
1715814152768 1.6327613115958546 385
1715814531084 1.6585181002383647 386
1715814892507 1.635814289683881 387
1715815267945 1.6306091404479484 388
1715815632794 1.632897883977579 389
1715816016358 1.6189486329322276 390
1715816388298 1.6412114254806354 391
1715816747590 1.628590469127116 392
1715817107487 1.6499822372975557 393
1715817473187 1.6311211215089196 394
1715817866598 1.6209645880305248 395
1715818238804 1.5978431565606075 396
1715818601754 1.5982065119821092 397
1715818977043 1.5997770289364068 398
1715819358678 1.6156009435653687 399
1715819734389 1.596872500265422 400
1715820100197 1.5832093921692476 401
1715820451193 1.5703798266856566 402
1715820855660 1.563961518847424 403
1715821230886 1.5853453168402547 404
1715821591988 1.60339653848306 405
1715821957750 1.5670698220315187 406
1715822331499 1.5536368366168893 407
1715822710605 1.5773779131148173 408
1715823087522 1.549179246082254 409
1715823453647 1.5894886514414912 410
1715823835255 1.572624511692835 411
1715824204789 1.5435558693564457 412
1715824545476 1.5432116690537203 413
1715824874141 1.565733928071416 414
1715825183814 1.5563447890074358 415
1715825508569 1.5534832720523295 416
1715825826848 1.561111325479072 417
1715826158294 1.5260364515301974 418
1715826471156 1.5173382166287173 419
1715826794309 1.5687993225520072 420
1715827102090 1.5339878331059995 421
1715827436909 1.5456542199396568 422
1715827749558 1.5353072078331658 423
1715828083569 1.5207143197564974 424
1715828398654 1.5468972903554854 425
1715828722644 1.5205484813322192 426
1715829061184 1.515092371598534 427
