1715681202985 1.0000000000000025e-05 0
1715681335907 1.0000000000000025e-05 1
1715681569669 8.031249999999934e-06 2
1715681951747 6.062499999999992e-06 3
1715682336554 4.093749999999979e-06 4
1715682654116 2.1249999999999885e-06 5
1715683038436 1.586786481999141e-07 6
1715683356768 1.5974712684710027e-07 7
1715683746882 1.6100977463110428e-07 8
1715684058075 1.6246654170475536e-07 9
1715684437849 1.6411737055738747e-07 10
1715684746389 1.6596219601709978e-07 11
1715685145577 1.680009452533453e-07 12
1715685462488 1.702335377797926e-07 13
1715685834139 1.726598854575115e-07 14
1715686144096 1.7527989249844948e-07 15
1715686507853 1.7809345546921744e-07 16
1715686831562 1.8110046329516328e-07 17
1715687185356 1.8430079726477248e-07 18
1715687501927 1.8769433103433471e-07 19
1715687853470 1.91280930632949e-07 20
1715688164186 1.9506045446780243e-07 21
1715688526576 1.9903275332977368e-07 22
1715688846051 2.0319767039929468e-07 23
1715689191258 2.075550412525765e-07 24
1715689506158 2.121046938680809e-07 25
1715689840567 2.1684644863330654e-07 26
1715690151346 2.2178011835189957e-07 27
1715690485985 2.2690550825102583e-07 28
1715690799853 2.3222241598906687e-07 29
1715691138895 2.3773063166361372e-07 30
1715691452593 2.4342993781973756e-07 31
1715691782434 2.49320109458593e-07 32
1715692102295 2.5540091404628284e-07 33
1715692427363 2.6167211152306934e-07 34
1715692761903 2.6813345431280047e-07 35
1715693079519 2.7478468733272496e-07 36
1715693417003 2.816255480035665e-07 37
1715693738970 2.8865576625984757e-07 38
1715694072885 2.958750645605903e-07 39
1715694393505 3.0328315790025877e-07 40
1715694732452 3.1087975382002037e-07 41
1715695044129 3.186645524192678e-07 42
1715695391887 3.26637246367477e-07 43
1715695710981 3.3479752091635906e-07 44
1715696072336 3.4314505391223373e-07 45
1715696381295 3.516795158087984e-07 46
1715696742250 3.6040056968010374e-07 47
1715697063773 3.693078712338842e-07 48
1715697428822 3.784010688251151e-07 49
1715697769176 3.876798034699398e-07 50
1715698122771 3.971437088597946e-07 51
1715698456376 4.0679241137589444e-07 52
1715698818301 4.166255301039964e-07 53
1715699160381 4.266426768493969e-07 54
1715699503561 4.368434561523116e-07 55
1715699847562 4.4722746530341983e-07 56
1715700176797 4.577942943598418e-07 57
1715700511884 4.6854352616124184e-07 58
1715700831135 4.794747363463602e-07 59
1715701165313 4.905874933697452e-07 60
1715701492045 5.018813585187656e-07 61
1715701815425 5.133558859309673e-07 62
1715702141692 5.250106226116497e-07 63
1715702468228 5.368451084517812e-07 64
1715702792112 5.488588762461118e-07 65
1715703098178 5.610514517116509e-07 66
1715703430550 5.734223535064199e-07 67
1715703749912 5.859710932483908e-07 68
1715704076656 5.986971755347881e-07 69
1715704373034 6.116000979616907e-07 70
1715704710802 6.246793511438138e-07 71
1715705026894 6.379344187346309e-07 72
1715705349672 6.513647774467719e-07 73
1715705667985 6.649698970726685e-07 74
1715705997308 6.787492405054964e-07 75
1715706313787 6.927022637603806e-07 76
1715706646214 7.068284159958329e-07 77
1715706946152 7.211271395355752e-07 78
1715707281508 7.355978698904669e-07 79
1715707605781 7.502400357808526e-07 80
1715707943863 7.650530591591096e-07 81
1715708253792 7.80036355232422e-07 82
1715708577262 7.951893324859319e-07 83
1715708896113 8.10511392706028e-07 84
1715709218710 8.260019310040171e-07 85
1715709538863 8.416603358399668e-07 86
1715709854968 8.574859890468683e-07 87
1715710186372 8.734782658550294e-07 88
1715710502598 8.896365349167472e-07 89
1715710846743 9.05960158331234e-07 90
1715711155073 9.224484916697735e-07 91
1715711503857 9.391008840012061e-07 92
1715711829397 9.559166779175813e-07 93
1715712186678 9.728952095601799e-07 94
1715712501902 9.900358086456142e-07 95
1715712851940 1.007337798492387e-06 96
1715713158565 1.02480049604758e-06 97
1715713524028 1.0424232119137908e-06 98
1715713837954 1.0602052503763658e-06 99
1715714203115 1.078145909430865e-06 100
1715714530203 1.0962444808108146e-06 101
1715714899325 1.1145002500155803e-06 102
1715715229141 1.1329124963386622e-06 103
1715715575328 1.1514804928960883e-06 104
1715715905905 1.170203506655191e-06 105
1715716253791 1.1890807984634098e-06 106
1715716574257 1.208111623077581e-06 107
1715716913670 1.2272952291933662e-06 108
1715717240012 1.2466308594748002e-06 109
1715717576588 1.2661177505843463e-06 110
1715717888172 1.2857551332129162e-06 111
1715718219253 1.3055422321102338e-06 112
1715718532065 1.3254782661155183e-06 113
1715718871991 1.3455624481883198e-06 114
1715719170176 1.3657939854394869e-06 115
1715719516184 1.3861720791625816e-06 116
1715719833220 1.4066959248653486e-06 117
1715720173230 1.427364712301512e-06 118
1715720481447 1.4481776255027325e-06 119
1715720818444 1.4691338428108343e-06 120
1715721123182 1.4902325369102343e-06 121
1715721463776 1.5114728748606267e-06 122
1715721771148 1.5328540181298241e-06 123
1715722113089 1.5543751226269336e-06 124
1715722422133 1.5760353387355478e-06 125
1715722753542 1.5978338113474666e-06 126
1715723073082 1.6197696798962917e-06 127
1715723404232 1.6418420783915002e-06 128
1715723707936 1.6640501354526073e-06 129
1715724043413 1.6863929743435193e-06 130
1715724366667 1.7088697130072373e-06 131
1715724690160 1.7314794641005937e-06 132
1715725011004 1.7542213350293375e-06 133
1715725337346 1.7770944279833404e-06 134
1715725674886 1.8000978399720538e-06 135
1715725983323 1.8232306628601645e-06 136
1715726316821 1.846491983403425e-06 137
1715726642301 1.8698808832847541e-06 138
1715726970010 1.8933964391503802e-06 139
1715727285204 1.917037722646484e-06 140
1715727627642 1.940803800455665e-06 141
1715727939608 1.964693734333855e-06 142
1715728292251 1.9887065811473263e-06 143
1715728599861 2.012841392910083e-06 144
1715728963673 2.037097216821021e-06 145
1715729277063 2.0614730953017635e-06 146
1715729631632 2.0859680660343544e-06 147
1715729958603 2.1105811619993235e-06 148
1715730309746 2.1353114115137696e-06 149
1715730647761 2.1601578382697718e-06 150
1715731007295 2.185119461373003e-06 151
1715731336022 2.210195295381214e-06 152
1715731681569 2.2353843503435223e-06 153
1715732011568 2.2606856318391122e-06 154
1715732350138 2.2860981410167644e-06 155
1715732687998 2.311620874634029e-06 156
1715733004758 2.3372528250971876e-06 157
1715733337867 2.3629929805006774e-06 158
1715733666166 2.3888403246672566e-06 159
1715733989403 2.4147938371880194e-06 160
1715734313749 2.4408524934627677e-06 161
1715734643069 2.4670152647403184e-06 162
1715734969448 2.4932811181592467e-06 163
1715735276065 2.5196490167886714e-06 164
1715735606129 2.5461179196691395e-06 165
1715735912316 2.5726867818536586e-06 166
1715736244343 2.5993545544489975e-06 167
1715736555254 2.6261201846571876e-06 168
1715736898055 2.652982615816987e-06 169
1715737209149 2.6799407874456475e-06 170
1715737535063 2.7069936352806135e-06 171
1715737848568 2.7341400913218815e-06 172
1715738182906 2.761379083873762e-06 173
1715738483054 2.788709537587516e-06 174
1715738830183 2.816130373503627e-06 175
1715739152763 2.8436405090944176e-06 176
1715739488237 2.871238858306849e-06 177
1715739794663 2.898924331605397e-06 178
1715740131673 2.9266958360149688e-06 179
1715740451289 2.9545522751640527e-06 180
1715740775233 2.9824925493281653e-06 181
1715741078051 3.0105155554731408e-06 182
1715741420217 3.0386201872986868e-06 183
1715741745751 3.0668053352820298e-06 184
1715742073781 3.095069886721819e-06 185
1715742390677 3.1234127257819253e-06 186
1715742728974 3.1518327335356273e-06 187
1715743052031 3.180328788009687e-06 188
1715743378443 3.208899764228622e-06 189
1715743706558 3.2375445342592525e-06 190
1715744028021 3.2662619672550837e-06 191
1715744366397 3.2950509295010367e-06 192
1715744687193 3.323910284458225e-06 193
1715745036367 3.3528388928086233e-06 194
1715745348115 3.3818356125004186e-06 195
1715745708765 3.410899298792689e-06 196
1715746027886 3.4400288043009135e-06 197
1715746380622 3.469222979042067e-06 198
1715746691729 3.4984806704801356e-06 199
1715747066664 3.527800723571559e-06 200
1715747385305 3.5571819808107997e-06 201
1715747741440 3.5866232822761955e-06 202
1715748055710 3.6161234656755243e-06 203
1715748430132 3.6456813663921043e-06 204
1715748753402 3.6752958175305634e-06 205
1715749108905 3.704965649963189e-06 206
1715749431330 3.7346896923756645e-06 207
1715749791090 3.7644667713137448e-06 208
1715750122025 3.7942957112294227e-06 209
1715750460509 3.824175334527133e-06 210
1715750787397 3.854104461610493e-06 211
1715751117128 3.884081910928842e-06 212
1715751451911 3.914106499023841e-06 213
1715751787953 3.944177040576135e-06 214
1715752115984 3.974292348452263e-06 215
1715752439763 4.004451233751411e-06 216
1715752751692 4.0346525058523545e-06 217
1715753097028 4.064894972460744e-06 218
1715753406068 4.095177439655618e-06 219
1715753746705 4.12549871193719e-06 220
1715754062011 4.15585759227335e-06 221
1715754393668 4.1862528821477065e-06 222
1715754705308 4.216683381606091e-06 223
1715755040567 4.247147889304511e-06 224
1715755345592 4.277645202556393e-06 225
1715755681325 4.308174117380133e-06 226
1715755993878 4.338733428546255e-06 227
1715756328615 4.3693219296256466e-06 228
1715756647214 4.3999384130365125e-06 229
1715756980728 4.430581670092664e-06 230
1715757297557 4.461250491050721e-06 231
1715757627585 4.491943665158078e-06 232
1715757939499 4.522659980700813e-06 233
1715758274652 4.553398225051477e-06 234
1715758587462 4.5841571847166515e-06 235
1715758929320 4.614935645385409e-06 236
1715759236675 4.64573239197683e-06 237
1715759563501 4.676546208687986e-06 238
1715759888116 4.707375879042192e-06 239
1715760223806 4.738220185936933e-06 240
1715760547084 4.76907791169164e-06 241
1715760865845 4.799947838096254e-06 242
1715761199782 4.830828746458971e-06 243
1715761531227 4.861719417654242e-06 244
1715761861817 4.892618632171406e-06 245
1715762177024 4.9235251701623415e-06 246
1715762519732 4.954437811489854e-06 247
1715762841142 4.985355335775707e-06 248
1715763193797 5.016276522449096e-06 249
1715763505877 5.047200150794541e-06 250
1715763859667 5.078125000000038e-06 251
1715764173922 5.109049849205435e-06 252
1715764533563 5.139973477550881e-06 253
1715764848079 5.1708946642242994e-06 254
1715765207537 5.201812188510219e-06 255
1715765532273 5.232724829837634e-06 256
1715765889861 5.263631367828601e-06 257
1715766225851 5.294530582345728e-06 258
1715766605375 5.325421253541025e-06 259
1715766979091 5.356302161903754e-06 260
1715767384009 5.387172088308363e-06 261
1715767749927 5.418029814063041e-06 262
1715768168516 5.448874120957816e-06 263
1715768557955 5.479703791311999e-06 264
1715768952378 5.510517608023138e-06 265
1715769338375 5.54131435461456e-06 266
1715769722458 5.572092815283353e-06 267
1715770094637 5.602851774948535e-06 268
1715770487625 5.633590019299158e-06 269
1715770865243 5.664306334841897e-06 270
1715771258083 5.694999508949277e-06 271
1715771627450 5.725668329907306e-06 272
1715772041116 5.756311586963451e-06 273
1715772426052 5.786928070374318e-06 274
1715772816944 5.817516571453743e-06 275
1715773173012 5.848075882619918e-06 276
1715773563699 5.8786047974435796e-06 277
1715773943710 5.909102110695465e-06 278
1715774333204 5.939566618393922e-06 279
1715774709746 5.9699971178523075e-06 280
1715775062175 6.000392407726621e-06 281
1715775459097 6.0307512880627984e-06 282
1715775845438 6.061072560344363e-06 283
1715776233400 6.0913550275392324e-06 284
1715776595207 6.121597494147616e-06 285
1715776984941 6.151798766248658e-06 286
1715777352775 6.181957651547723e-06 287
1715777750564 6.212072959423878e-06 288
1715778106211 6.2421435009761646e-06 289
1715778485404 6.272168089071173e-06 290
1715778852975 6.302145538389494e-06 291
1715779232098 6.332074665472937e-06 292
1715779611011 6.361954288770565e-06 293
1715779985787 6.391783228686201e-06 294
1715780340452 6.421560307624324e-06 295
1715780730437 6.451284350036806e-06 296
1715781113993 6.4809541824694065e-06 297
1715781480033 6.510568633607885e-06 298
1715781859428 6.540126534324446e-06 299
1715782241655 6.569626717723827e-06 300
1715782637549 6.599068019189171e-06 301
1715782986810 6.6284492764284135e-06 302
1715783370436 6.657769329519853e-06 303
1715783742178 6.687027020957955e-06 304
1715784121836 6.716221195699102e-06 305
1715784473707 6.7453507012073296e-06 306
1715784858024 6.7744143874996026e-06 307
1715785225177 6.803411107191361e-06 308
1715785625966 6.832339715541751e-06 309
1715786015899 6.861199070498899e-06 310
1715786431547 6.889988032744936e-06 311
1715786806471 6.918705465740769e-06 312
1715787202351 6.947350235771412e-06 313
1715787576358 6.975921211990301e-06 314
1715787970617 7.004417266464398e-06 315
1715788315363 7.03283727421801e-06 316
1715788699032 7.061180113278194e-06 317
1715789090398 7.089444664717901e-06 318
1715789472608 7.117629812701313e-06 319
1715789830256 7.145734444526925e-06 320
1715790200652 7.173757450671833e-06 321
1715790582125 7.201697724835922e-06 322
1715790973157 7.229554163985068e-06 323
1715791332815 7.257325668394653e-06 324
1715791684859 7.28501114169314e-06 325
1715792079078 7.312609490905559e-06 326
1715792455380 7.340119626496411e-06 327
1715792843872 7.367540462412518e-06 328
1715793212259 7.394870916126212e-06 329
1715793592199 7.422109908678095e-06 330
1715793974344 7.449256364719431e-06 331
1715794366252 7.4763092125543296e-06 332
1715794738459 7.5032673841829406e-06 333
1715795120875 7.530129815342855e-06 334
1715795488271 7.55689544555104e-06 335
1715795883441 7.583563218146399e-06 336
1715796269583 7.610132080330918e-06 337
1715796658882 7.63660098321125e-06 338
1715797014314 7.662968881840794e-06 339
1715797399812 7.689234735259722e-06 340
1715797777818 7.715397506537269e-06 341
1715798139045 7.7414561628119e-06 342
1715798490064 7.767409675332788e-06 343
1715798850948 7.793257019499298e-06 344
1715799228587 7.818997174902731e-06 345
1715799591780 7.844629125365896e-06 346
1715799939315 7.870151858983275e-06 347
1715800322756 7.895564368160808e-06 348
1715800705381 7.92086564965647e-06 349
1715801086115 7.946054704618832e-06 350
1715801468980 7.971130538627053e-06 351
1715801826881 7.996092161730204e-06 352
1715802219918 8.020938588486198e-06 353
1715802605665 8.045668838000646e-06 354
1715802985379 8.070281933965571e-06 355
1715803344008 8.094776904698275e-06 356
1715803698612 8.11915278317894e-06 357
1715804063840 8.143408607089954e-06 358
1715804464237 8.167543418852675e-06 359
1715804825620 8.191556265666181e-06 360
1715805200270 8.215446199544406e-06 361
1715805587041 8.239212277353442e-06 362
1715805966054 8.262853560849667e-06 363
1715806338028 8.286369116715229e-06 364
1715806710397 8.30975801659661e-06 365
1715807084327 8.333019337139789e-06 366
1715807472183 8.356152160027924e-06 367
1715807853618 8.37915557201671e-06 368
1715808207931 8.402028664970696e-06 369
1715808594913 8.424770535899366e-06 370
1715808969282 8.44738028699281e-06 371
1715809344956 8.469857025656405e-06 372
1715809712000 8.492199864547365e-06 373
1715810053282 8.514407921608539e-06 374
1715810405027 8.536480320103658e-06 375
1715810796409 8.558416188652607e-06 376
1715811175232 8.580214661264378e-06 377
1715811558529 8.60187487737312e-06 378
1715811911984 8.623395981870229e-06 379
1715812291265 8.644777125139346e-06 380
1715812679542 8.66601746308973e-06 381
1715813036057 8.687116157189178e-06 382
1715813387251 8.708072374497212e-06 383
1715813769564 8.728885287698535e-06 384
1715814152763 8.749554075134593e-06 385
1715814531082 8.77007792083738e-06 386
1715814892505 8.79045601456056e-06 387
1715815267943 8.810687551811653e-06 388
1715815632793 8.83077173388442e-06 389
1715816016356 8.850707767889784e-06 390
1715816388295 8.870494866787102e-06 391
1715816747586 8.890132249415623e-06 392
1715817107485 8.909619140525267e-06 393
1715817473185 8.928954770806715e-06 394
1715817866596 8.94813837692238e-06 395
1715818238800 8.967169201536685e-06 396
1715818601750 8.986046493344758e-06 397
1715818977040 9.004769507103852e-06 398
1715819358673 9.023337503661328e-06 399
1715819734385 9.04174974998441e-06 400
1715820100195 9.060005519189235e-06 401
1715820451191 9.078104090569108e-06 402
1715820855656 9.096044749623697e-06 403
1715821230881 9.113826788086181e-06 404
1715821591984 9.131449503952495e-06 405
1715821957745 9.148912201507557e-06 406
1715822331497 9.166214191354437e-06 407
1715822710603 9.183354790439898e-06 408
1715823087518 9.200333322082492e-06 409
1715823453645 9.217149115998796e-06 410
1715823835253 9.233801508330185e-06 411
1715824204786 9.250289841668722e-06 412
1715824545473 9.266613465083287e-06 413
1715824874139 9.282771734145018e-06 414
1715825183813 9.298764010953084e-06 415
1715825508567 9.31458966416011e-06 416
1715825826846 9.330248068996001e-06 417
1715826158292 9.345738607293927e-06 418
1715826471154 9.361060667514131e-06 419
1715826794305 9.376213644767518e-06 420
1715827102088 9.391196940840892e-06 421
1715827436907 9.40600996421912e-06 422
1715827749554 9.420652130109488e-06 423
1715828083567 9.435122860464365e-06 424
1715828398652 9.449421584004166e-06 425
1715828722642 9.46354773623956e-06 426
1715829061182 9.477500759494534e-06 427
