1716517748979 0.0 0
1716518047404 1.0 1
1716518341837 2.0 2
1716518659695 3.0 3
1716518973406 4.0 4
1716519262442 5.0 5
1716519570664 6.0 6
1716519888443 7.0 7
1716520173829 8.0 8
1716520479571 9.0 9
1716520802223 10.0 10
1716521091948 11.0 11
1716521408460 12.0 12
1716521713141 13.0 13
1716522043527 14.0 14
1716522379919 15.0 15
1716522715502 16.0 16
1716523044014 17.0 17
1716523340923 18.0 18
1716523621290 19.0 19
1716523905310 20.0 20
1716524203501 21.0 21
1716524524105 22.0 22
1716524848416 23.0 23
1716525173860 24.0 24
1716525477222 25.0 25
1716525771167 26.0 26
1716526069262 27.0 27
1716526372148 28.0 28
1716526671330 29.0 29
1716526972644 30.0 30
1716527272252 31.0 31
1716527581166 32.0 32
1716527893565 33.0 33
1716528201409 34.0 34
1716528501017 35.0 35
1716528811650 36.0 36
1716529132362 37.0 37
1716529439828 38.0 38
1716529667862 39.0 39
1716529857946 40.0 40
1716530046637 41.0 41
1716530231915 42.0 42
1716530414396 43.0 43
1716530592884 44.0 44
1716530771977 45.0 45
1716530951394 46.0 46
1716531130339 47.0 47
1716531309968 48.0 48
1716531493683 49.0 49
