1716517748980 7095944.0 0
1716518047405 7095944.0 1
1716518341838 7095944.0 2
1716518659697 7095944.0 3
1716518973408 7095944.0 4
1716519262443 7095944.0 5
1716519570666 7095944.0 6
1716519888445 7095944.0 7
1716520173829 7095944.0 8
1716520479572 7095944.0 9
1716520802225 7095944.0 10
1716521091949 7095944.0 11
1716521408461 7095944.0 12
1716521713143 7095944.0 13
1716522043527 7095944.0 14
1716522379920 7095944.0 15
1716522715504 7095944.0 16
1716523044015 7095944.0 17
1716523340925 7095944.0 18
1716523621292 7095944.0 19
1716523905311 7095944.0 20
1716524203502 7095944.0 21
1716524524106 7095944.0 22
1716524848416 7095944.0 23
1716525173861 7095944.0 24
1716525477223 7095944.0 25
1716525771168 7095944.0 26
1716526069263 7095944.0 27
1716526372150 7095944.0 28
1716526671331 7095944.0 29
1716526972645 7095944.0 30
1716527272253 7095944.0 31
1716527581168 7095944.0 32
1716527893566 7095944.0 33
1716528201410 7095944.0 34
1716528501018 7095944.0 35
1716528811651 7095944.0 36
1716529132364 7095944.0 37
1716529439829 7095944.0 38
1716529667863 7095944.0 39
1716529857947 7095944.0 40
1716530046639 7095944.0 41
1716530231916 7095944.0 42
1716530414398 7095944.0 43
1716530592885 7095944.0 44
1716530771978 7095944.0 45
1716530951396 7095944.0 46
1716531130341 7095944.0 47
1716531309969 7095944.0 48
1716531493684 7095944.0 49
