1716517748975 1.0000000000000025e-05 0
1716518047389 1.0000000000000025e-05 1
1716518341832 8.003124999999968e-06 2
1716518659682 6.0062500000000604e-06 3
1716518973393 4.009374999999988e-06 4
1716519262428 2.0124999999999833e-06 5
1716519570651 2.599600475577902e-07 6
1716519888433 3.6619394935474757e-07 7
1716520173822 4.907461990172981e-07 8
1716520479565 6.331252457185211e-07 9
1716520802210 7.927691844079053e-07 10
1716521091942 9.690479733938212e-07 11
1716521408448 1.1612659208302357e-06 12
1716521713128 1.3686644302946676e-06 13
1716522043520 1.5904249946216246e-06 14
1716522379912 1.8256724261764752e-06 15
1716522715494 2.073478310821179e-06 16
1716523044008 2.3328646719407834e-06 17
1716523340914 2.602807830070321e-06 18
1716523621278 2.882242442890016e-06 19
1716523905300 3.1700657096444514e-06 20
1716524203495 3.4651417233938258e-06 21
1716524524098 3.7663059539192003e-06 22
1716524848410 4.072369843591596e-06 23
1716525173855 4.382125498065707e-06 24
1716525477215 4.6943504532872365e-06 25
1716525771161 5.0078125000000175e-06 26
1716526069252 5.321274546712768e-06 27
1716526372136 5.633499501934289e-06 28
1716526671320 5.943255156408415e-06 29
1716526972637 6.249319046080799e-06 30
1716527272246 6.550483276606198e-06 31
1716527581156 6.845559290355497e-06 32
1716527893560 7.133382557110002e-06 33
1716528201398 7.412817169929704e-06 34
1716528501008 7.682760328059246e-06 35
1716528811638 7.942146689178854e-06 36
1716529132350 8.18995257382356e-06 37
1716529439822 8.425200005378409e-06 38
1716529667847 8.646960569705247e-06 39
1716529857937 8.854359079169712e-06 40
1716530046623 9.046577026606158e-06 41
1716530231908 9.222855815592133e-06 42
1716530414383 9.382499754281438e-06 43
1716530592875 9.52487880098275e-06 44
1716530771962 9.649431050645288e-06 45
1716530951380 9.755664952442242e-06 46
1716531130333 9.84316124969691e-06 47
1716531309959 9.911574634497137e-06 48
1716531493677 9.960635110468385e-06 49
