1716517748976 1.4066937277498452 0
1716518047394 1.3353728797772657 1
1716518341834 1.3040396461020345 2
1716518659686 1.2833976891377699 3
1716518973399 1.2679458438702251 4
1716519262433 1.2627735387371934 5
1716519570656 1.2566380844168041 6
1716519888436 1.2576349141157193 7
1716520173824 1.2581681865064993 8
1716520479567 1.2513483992737273 9
1716520802215 1.2554212118620458 10
1716521091944 1.2533123609812364 11
1716521408452 1.2499416386303694 12
1716521713134 1.2493851337095965 13
1716522043523 1.2441161304064419 14
1716522379914 1.242300093497919 15
1716522715497 1.237665737128776 16
1716523044010 1.2393686243373414 17
1716523340917 1.2323909444005594 18
1716523621283 1.2304887891463612 19
1716523905304 1.2276219579836596 20
1716524203496 1.2213752826918727 21
1716524524101 1.2171744875933812 22
1716524848412 1.2132666901401852 23
1716525173856 1.2124518813646359 24
1716525477217 1.2092430876648945 25
1716525771163 1.2060931917765867 26
1716526069255 1.1988810404487278 27
1716526372140 1.1988749585073928 28
1716526671323 1.1938215160499448 29
1716526972639 1.1920848284726557 30
1716527272248 1.1871612344099127 31
1716527581159 1.1871028597588125 32
1716527893562 1.1828774495617203 33
1716528201401 1.1823336248812468 34
1716528501011 1.179832945375339 35
1716528811642 1.1751438780971195 36
1716529132355 1.17349995251583 37
1716529439824 1.176770748651546 38
1716529667852 1.1715550872942675 39
1716529857940 1.163367986355139 40
1716530046627 1.1622595906905506 41
1716530231910 1.1598662597977596 42
1716530414388 1.159479168770106 43
1716530592878 1.1941440840778144 44
1716530771967 1.1585006529222364 45
1716530951385 1.154862403869629 46
1716531130335 1.1496802364354548 47
1716531309961 1.1494621462796046 48
1716531493679 1.145291758944159 49
