1717979620798 0.0 0
1717980211530 1.0 1
1717980846687 2.0 2
1717981461609 3.0 3
1717982084421 4.0 4
1717982710980 5.0 5
1717983323997 6.0 6
1717983965372 7.0 7
1717984583347 8.0 8
1717985219943 9.0 9
1717985833593 10.0 10
1717986454090 11.0 11
1717987076370 12.0 12
1717987693033 13.0 13
1717988324234 14.0 14
1717988939914 15.0 15
1717989558556 16.0 16
1717990199576 17.0 17
1717990825469 18.0 18
1717991473414 19.0 19
1717992101479 20.0 20
1717992737130 21.0 21
1717993366952 22.0 22
1717993998033 23.0 23
1717994647531 24.0 24
1717995281949 25.0 25
1717995938878 26.0 26
1717996575865 27.0 27
1717997216518 28.0 28
1717997860803 29.0 29
1717998463454 30.0 30
1717999087406 31.0 31
1717999716670 32.0 32
1718000351397 33.0 33
1718000978385 34.0 34
1718001619559 35.0 35
1718002253608 36.0 36
1718002886954 37.0 37
1718003512778 38.0 38
1718004146091 39.0 39
1718004772595 40.0 40
1718005405988 41.0 41
1718006022541 42.0 42
1718006641924 43.0 43
1718007248238 44.0 44
1718007853865 45.0 45
1718008448964 46.0 46
1718009049596 47.0 47
1718009645912 48.0 48
1718010223999 49.0 49
1718010796581 50.0 50
1718011365390 51.0 51
1718011932943 52.0 52
1718012498322 53.0 53
1718013063685 54.0 54
1718013625358 55.0 55
1718014187327 56.0 56
1718014747687 57.0 57
1718015311748 58.0 58
1718015873725 59.0 59
1718016431574 60.0 60
1718016989967 61.0 61
1718017545939 62.0 62
1718018102863 63.0 63
1718018659307 64.0 64
1718019213225 65.0 65
1718019767321 66.0 66
1718020320663 67.0 67
1718020874510 68.0 68
1718021434596 69.0 69
1718021992143 70.0 70
1718022549390 71.0 71
1718023102155 72.0 72
1718023655146 73.0 73
1718024211305 74.0 74
1718024764373 75.0 75
1718025314116 76.0 76
1718025871064 77.0 77
1718026427153 78.0 78
1718026985021 79.0 79
1718027537517 80.0 80
1718028086892 81.0 81
1718028637049 82.0 82
1718029115634 83.0 83
1718029400024 84.0 84
1718029685406 85.0 85
1718029970046 86.0 86
1718030254196 87.0 87
1718030538882 88.0 88
1718030823512 89.0 89
1718031108423 90.0 90
1718031394349 91.0 91
1718031680445 92.0 92
1718031966445 93.0 93
1718032252238 94.0 94
1718032538064 95.0 95
1718032823794 96.0 96
1718033108979 97.0 97
1718033394532 98.0 98
1718033680303 99.0 99
1718033964793 100.0 100
1718034250667 101.0 101
1718034535699 102.0 102
1718034820355 103.0 103
1718035105414 104.0 104
1718035389943 105.0 105
1718035674950 106.0 106
1718035959228 107.0 107
1718036243975 108.0 108
1718036529228 109.0 109
1718036813450 110.0 110
1718037096057 111.0 111
1718037379394 112.0 112
1718037662881 113.0 113
1718037949256 114.0 114
1718038233698 115.0 115
1718038516942 116.0 116
1718038799031 117.0 117
1718039083450 118.0 118
1718039368491 119.0 119
1718039652836 120.0 120
1718039937704 121.0 121
1718040222672 122.0 122
1718040506876 123.0 123
1718040789540 124.0 124
1718041071819 125.0 125
1718041353905 126.0 126
1718041638784 127.0 127
1718041920878 128.0 128
1718042202514 129.0 129
1718042484212 130.0 130
1718042766996 131.0 131
1718043048716 132.0 132
1718043330202 133.0 133
1718043611451 134.0 134
1718043894039 135.0 135
1718044177428 136.0 136
1718044460996 137.0 137
1718044743093 138.0 138
1718045024396 139.0 139
1718045306017 140.0 140
1718045588939 141.0 141
1718045870991 142.0 142
1718046153043 143.0 143
1718046435737 144.0 144
1718046717787 145.0 145
1718046998591 146.0 146
1718047279877 147.0 147
1718047561168 148.0 148
1718047843602 149.0 149
1718048126327 150.0 150
1718048409848 151.0 151
1718048692648 152.0 152
1718048973597 153.0 153
1718049255817 154.0 154
1718049537787 155.0 155
1718049820139 156.0 156
1718050102363 157.0 157
1718050383332 158.0 158
1718050664416 159.0 159
1718050946717 160.0 160
1718051228595 161.0 161
1718051509753 162.0 162
1718051790955 163.0 163
1718052072617 164.0 164
1718052353633 165.0 165
1718052634902 166.0 166
1718052915710 167.0 167
1718053197220 168.0 168
1718053478111 169.0 169
1718053759861 170.0 170
1718054040195 171.0 171
1718054320819 172.0 172
1718054601787 173.0 173
1718054882209 174.0 174
1718055162502 175.0 175
1718055444356 176.0 176
1718055727270 177.0 177
1718056010199 178.0 178
1718056292114 179.0 179
1718056572195 180.0 180
1718056852171 181.0 181
1718057131572 182.0 182
1718057411264 183.0 183
1718057690567 184.0 184
1718057970381 185.0 185
1718058249777 186.0 186
1718058529063 187.0 187
1718058807882 188.0 188
1718059087179 189.0 189
1718059366732 190.0 190
1718059645993 191.0 191
1718059924803 192.0 192
1718060203481 193.0 193
1718060482445 194.0 194
1718060761416 195.0 195
1718061040457 196.0 196
1718061319211 197.0 197
1718061597456 198.0 198
1718061876086 199.0 199
