1717979620800 7080504.0 0
1717980211532 7080504.0 1
1717980846689 7080504.0 2
1717981461611 7080504.0 3
1717982084423 7080504.0 4
1717982710982 7080504.0 5
1717983323999 7080504.0 6
1717983965374 7080504.0 7
1717984583348 7080504.0 8
1717985219945 7080504.0 9
1717985833595 7080504.0 10
1717986454092 7080504.0 11
1717987076372 7080504.0 12
1717987693035 7080504.0 13
1717988324235 7080504.0 14
1717988939915 7080504.0 15
1717989558558 7080504.0 16
1717990199577 7080504.0 17
1717990825470 7080504.0 18
1717991473416 7080504.0 19
1717992101481 7080504.0 20
1717992737132 7080504.0 21
1717993366954 7080504.0 22
1717993998036 7080504.0 23
1717994647532 7080504.0 24
1717995281951 7080504.0 25
1717995938880 7080504.0 26
1717996575867 7080504.0 27
1717997216520 7080504.0 28
1717997860805 7080504.0 29
1717998463456 7080504.0 30
1717999087407 7080504.0 31
1717999716671 7080504.0 32
1718000351398 7080504.0 33
1718000978387 7080504.0 34
1718001619560 7080504.0 35
1718002253610 7080504.0 36
1718002886955 7080504.0 37
1718003512779 7080504.0 38
1718004146092 7080504.0 39
1718004772596 7080504.0 40
1718005405990 7080504.0 41
1718006022542 7080504.0 42
1718006641926 7080504.0 43
1718007248239 7080504.0 44
1718007853866 7080504.0 45
1718008448965 7080504.0 46
1718009049597 7080504.0 47
1718009645914 7080504.0 48
1718010224000 7080504.0 49
1718010796583 7080504.0 50
1718011365391 7080504.0 51
1718011932943 7080504.0 52
1718012498323 7080504.0 53
1718013063686 7080504.0 54
1718013625359 7080504.0 55
1718014187329 7080504.0 56
1718014747689 7080504.0 57
1718015311748 7080504.0 58
1718015873725 7080504.0 59
1718016431575 7080504.0 60
1718016989968 7080504.0 61
1718017545939 7080504.0 62
1718018102864 7080504.0 63
1718018659308 7080504.0 64
1718019213227 7080504.0 65
1718019767322 7080504.0 66
1718020320664 7080504.0 67
1718020874512 7080504.0 68
1718021434597 7080504.0 69
1718021992144 7080504.0 70
1718022549391 7080504.0 71
1718023102157 7080504.0 72
1718023655148 7080504.0 73
1718024211306 7080504.0 74
1718024764374 7080504.0 75
1718025314117 7080504.0 76
1718025871065 7080504.0 77
1718026427154 7080504.0 78
1718026985023 7080504.0 79
1718027537518 7080504.0 80
1718028086893 7080504.0 81
1718028637051 7080504.0 82
1718029115636 7080504.0 83
1718029400026 7080504.0 84
1718029685408 7080504.0 85
1718029970048 7080504.0 86
1718030254198 7080504.0 87
1718030538884 7080504.0 88
1718030823514 7080504.0 89
1718031108424 7080504.0 90
1718031394351 7080504.0 91
1718031680447 7080504.0 92
1718031966446 7080504.0 93
1718032252239 7080504.0 94
1718032538066 7080504.0 95
1718032823796 7080504.0 96
1718033108981 7080504.0 97
1718033394533 7080504.0 98
1718033680305 7080504.0 99
1718033964794 7080504.0 100
1718034250669 7080504.0 101
1718034535701 7080504.0 102
1718034820357 7080504.0 103
1718035105416 7080504.0 104
1718035389945 7080504.0 105
1718035674952 7080504.0 106
1718035959230 7080504.0 107
1718036243976 7080504.0 108
1718036529229 7080504.0 109
1718036813452 7080504.0 110
1718037096059 7080504.0 111
1718037379395 7080504.0 112
1718037662883 7080504.0 113
1718037949258 7080504.0 114
1718038233700 7080504.0 115
1718038516944 7080504.0 116
1718038799033 7080504.0 117
1718039083452 7080504.0 118
1718039368493 7080504.0 119
1718039652838 7080504.0 120
1718039937705 7080504.0 121
1718040222674 7080504.0 122
1718040506878 7080504.0 123
1718040789542 7080504.0 124
1718041071820 7080504.0 125
1718041353907 7080504.0 126
1718041638786 7080504.0 127
1718041920879 7080504.0 128
1718042202516 7080504.0 129
1718042484214 7080504.0 130
1718042766998 7080504.0 131
1718043048718 7080504.0 132
1718043330204 7080504.0 133
1718043611453 7080504.0 134
1718043894041 7080504.0 135
1718044177430 7080504.0 136
1718044460998 7080504.0 137
1718044743094 7080504.0 138
1718045024398 7080504.0 139
1718045306019 7080504.0 140
1718045588941 7080504.0 141
1718045870993 7080504.0 142
1718046153044 7080504.0 143
1718046435738 7080504.0 144
1718046717788 7080504.0 145
1718046998593 7080504.0 146
1718047279879 7080504.0 147
1718047561169 7080504.0 148
1718047843604 7080504.0 149
1718048126329 7080504.0 150
1718048409850 7080504.0 151
1718048692650 7080504.0 152
1718048973599 7080504.0 153
1718049255819 7080504.0 154
1718049537789 7080504.0 155
1718049820141 7080504.0 156
1718050102365 7080504.0 157
1718050383334 7080504.0 158
1718050664418 7080504.0 159
1718050946719 7080504.0 160
1718051228597 7080504.0 161
1718051509755 7080504.0 162
1718051790957 7080504.0 163
1718052072619 7080504.0 164
1718052353635 7080504.0 165
1718052634904 7080504.0 166
1718052915712 7080504.0 167
1718053197222 7080504.0 168
1718053478113 7080504.0 169
1718053759863 7080504.0 170
1718054040197 7080504.0 171
1718054320821 7080504.0 172
1718054601789 7080504.0 173
1718054882211 7080504.0 174
1718055162503 7080504.0 175
1718055444358 7080504.0 176
1718055727272 7080504.0 177
1718056010200 7080504.0 178
1718056292115 7080504.0 179
1718056572197 7080504.0 180
1718056852173 7080504.0 181
1718057131574 7080504.0 182
1718057411266 7080504.0 183
1718057690568 7080504.0 184
1718057970383 7080504.0 185
1718058249779 7080504.0 186
1718058529065 7080504.0 187
1718058807884 7080504.0 188
1718059087180 7080504.0 189
1718059366734 7080504.0 190
1718059645995 7080504.0 191
1718059924805 7080504.0 192
1718060203483 7080504.0 193
1718060482447 7080504.0 194
1718060761417 7080504.0 195
1718061040459 7080504.0 196
1718061319212 7080504.0 197
1718061597458 7080504.0 198
1718061876087 7080504.0 199
