1717979620787 1.4730143300865008 0
1717980211523 1.3854859289915666 1
1717980846677 1.3123507840639872 2
1717981461602 1.2600480561833018 3
1717982084413 1.2200809896964093 4
1717982710971 1.197678062983829 5
1717983323989 1.1793257973116378 6
1717983965363 1.1794668926007075 7
1717984583341 1.1793253062211948 8
1717985219934 1.1892498993193326 9
1717985833585 1.1715072995942573 10
1717986454081 1.1739402219005253 11
1717987076362 1.1832071805939726 12
1717987693025 1.1827346654203923 13
1717988324224 1.1780611706654662 14
1717988939905 1.1689183848869542 15
1717989558547 1.1839723337603651 16
1717990199572 1.1667697225575862 17
1717990825465 1.1803010741815618 18
1717991473406 1.149977901302602 19
1717992101469 1.1657373977258154 20
1717992737122 1.1626086965527223 21
1717993366942 1.155984486736681 22
1717993998025 1.155377254375945 23
1717994647525 1.1649992266750855 24
1717995281940 1.1571403118255346 25
1717995938869 1.1586321016530627 26
1717996575856 1.1588247782024352 27
1717997216509 1.154863358920683 28
1717997860799 1.1410644622924535 29
1717998463448 1.1426261879665696 30
1717999087400 1.1416160728296507 31
1717999716665 1.1274568825636222 32
1718000351393 1.1228882489806933 33
1718000978377 1.1209620511078315 34
1718001619555 1.1292224347429431 35
1718002253603 1.1169600610661765 36
1718002886950 1.1081304542882287 37
1718003512775 1.1121111839361812 38
1718004146088 1.1091749527208183 39
1718004772589 1.1057826357529215 40
1718005405979 1.101500080169543 41
1718006022537 1.1001168906526722 42
1718006641916 1.0970322196574316 43
1718007248235 1.0924462742455627 44
1718007853861 1.0858270972967148 45
1718008448960 1.08834605064729 46
1718009049593 1.090099002842022 47
1718009645906 1.0726922270234511 48
1718010223996 1.0733847916936097 49
1718010796573 1.064969459305639 50
1718011365384 1.0643769325283559 51
1718011932939 1.0609871577471495 52
1718012498316 1.0661659429416708 53
1718013063681 1.058195447549224 54
1718013625353 1.0528799595878175 55
1718014187320 1.0445540692333295 56
1718014747682 1.0437140076866616 57
1718015311744 1.0341337418750576 58
1718015873721 1.0315550552762074 59
1718016431569 1.0351364410927761 60
1718016989964 1.0255910152488428 61
1718017545934 1.0251877056839673 62
1718018102858 1.0233916994184256 63
1718018659303 1.0277247785226158 64
1718019213217 1.0206250079462063 65
1718019767317 1.0191142855455047 66
1718020320659 1.0124373491853476 67
1718020874503 1.0161016099964795 68
1718021434591 1.0071855637690295 69
1718021992137 1.0119244549423456 70
1718022549386 0.998085476782011 71
1718023102151 1.002815008973298 72
1718023655141 0.9962243894520013 73
1718024211300 0.9945628005687309 74
1718024764368 0.9993547717028338 75
1718025314112 0.9922637460834306 76
1718025871060 0.9889288862114367 77
1718026427148 0.9940169231723184 78
1718026985014 0.9857597345405299 79
1718027537512 0.9850439786425104 80
1718028086887 0.9860365635350995 81
1718028637044 0.984666209505952 82
1718029115625 0.9842347905201756 83
1718029400014 0.9860849186940037 84
1718029685396 0.9883990474045277 85
1718029970038 0.9847686090709075 86
1718030254188 0.9806592149417037 87
1718030538873 0.9754271852257459 88
1718030823502 0.9814737002648737 89
1718031108420 0.9793217953942392 90
1718031394340 0.9786225482011619 91
1718031680436 0.9755182415246964 92
1718031966436 0.9731354772558679 93
1718032252228 0.9730326370538577 94
1718032538056 0.9839731376294208 95
1718032823784 0.9734376509390448 96
1718033108969 0.979576751994698 97
1718033394522 0.9716043708764989 98
1718033680294 0.9725344737424798 99
1718033964783 0.9764904979940342 100
1718034250658 0.9701395997696597 101
1718034535689 0.9739065348454143 102
1718034820347 0.9748162836970194 103
1718035105406 0.9650608402393435 104
1718035389934 0.9707514211211515 105
1718035674940 0.9741675203423137 106
1718035959220 0.9742159492781629 107
1718036243964 0.9641111153785301 108
1718036529218 0.9636130356432303 109
1718036813441 0.9670172711915296 110
1718037096048 0.9732922973192256 111
1718037379390 0.9660802728132062 112
1718037662871 0.9652743175139894 113
1718037949247 0.9672242525317098 114
1718038233689 0.9656244088774142 115
1718038516933 0.9734463950052209 116
1718038799021 0.9668332969202943 117
1718039083441 0.9663261148430731 118
1718039368482 0.97029191814363 119
1718039652827 0.965313557697379 120
1718039937694 0.9669420677034751 121
1718040222663 0.9714171366523141 122
1718040506867 0.9669283106923103 123
1718040789530 0.9671871982838797 124
1718041071814 0.9720987176279658 125
1718041353897 0.9662236084594674 126
1718041638776 0.9667005152644023 127
1718041920868 0.9651256365620572 128
1718042202506 0.9748267658540736 129
1718042484202 0.9663331931375939 130
1718042766988 0.967900481156033 131
1718043048706 0.9640368762547555 132
1718043330198 0.9652495804526235 133
1718043611442 0.9636757837851411 134
1718043894029 0.9764632643402918 135
1718044177418 0.9687873949499234 136
1718044460987 0.9616967568416959 137
1718044743089 0.9603808693101873 138
1718045024387 0.9640257231405248 139
1718045306007 0.9698884573805592 140
1718045588930 0.9628531720651232 141
1718045870982 0.9683005217786717 142
1718046153036 0.9722122703071522 143
1718046435732 0.963532423681539 144
1718046717782 0.9622381517420644 145
1718046998581 0.9639703301793855 146
1718047279868 0.9666723606541104 147
1718047561158 0.9697449183820382 148
1718047843592 0.9623467156906491 149
1718048126319 0.9654017735434615 150
1718048409839 0.9714771835538356 151
1718048692638 0.9673682098965282 152
1718048973588 0.9574809685835372 153
1718049255808 0.9601863318163416 154
1718049537778 0.961457078628566 155
1718049820129 0.9673668070007926 156
1718050102354 0.9707077476803375 157
1718050383322 0.982813163862928 158
1718050664406 0.9607465201583893 159
1718050946707 0.9605625275846409 160
1718051228586 0.9639427880554096 161
1718051509745 0.9582721090511136 162
1718051790946 0.9623108884400647 163
1718052072608 0.9630695574957392 164
1718052353625 0.9599390950701807 165
1718052634892 0.9693987831149412 166
1718052915700 0.9702078104019165 167
1718053197210 0.9663528447727794 168
1718053478106 0.9698295177810866 169
1718053759851 0.9694594838049101 170
1718054040186 0.9578247336751741 171
1718054320810 0.9567177819654994 172
1718054601777 0.9641706423591012 173
1718054882200 0.9541283743051083 174
1718055162492 0.9636422018318073 175
1718055444346 0.96479467642696 176
1718055727260 0.9651660872218402 177
1718056010196 0.9612156732574754 178
1718056292110 0.9619401879608631 179
1718056572186 0.9654612586550091 180
1718056852161 0.9596290799748638 181
1718057131562 0.9540640127885601 182
1718057411254 0.9595549726939719 183
1718057690557 0.955439099394109 184
1718057970371 0.9671246751980938 185
1718058249768 0.9617276632267496 186
1718058529054 0.9607804084763579 187
1718058807872 0.9604129031624483 188
1718059087169 0.9516321186624144 189
1718059366727 0.9640537122993366 190
1718059645989 0.9586154179566581 191
1718059924793 0.9564687774071227 192
1718060203473 0.9605981787747663 193
1718060482437 0.9643505407578271 194
1718060761411 0.9583032502104407 195
1718061040448 0.9633798524737358 196
1718061319202 0.9662442722398302 197
1718061597446 0.9525944167829078 198
1718061876082 0.9647500766846149 199
