1717979620782 9.999999999999821e-06 0
1717980211519 9.999999999999821e-06 1
1717980846674 8.003125000000054e-06 2
1717981461599 6.006250000000084e-06 3
1717982084409 4.009374999999961e-06 4
1717982710965 2.0124999999999786e-06 5
1717983323984 3.101424800415069e-08 6
1717983965358 3.778050483306068e-08 7
1717984583338 4.577304268859532e-08 8
1717985219929 5.498988953162855e-08 9
1717985833581 6.542877124312479e-08 10
1717986454076 7.708711218521327e-08 11
1717987076358 8.99620358367144e-08 12
1717987693019 1.0405036550287616e-07 13
1717988324219 1.193486250991563e-07 14
1717988939900 1.3585304000890825e-07 15
1717989558542 1.535595380147265e-07 16
1717990199570 1.7246375030316084e-07 17
1717990825462 1.9256101254271226e-07 18
1717991473401 2.1384636603463928e-07 19
1717992101464 2.3631455893646363e-07 20
1717992737117 2.599600475577924e-07 21
1717993366937 2.847769977281182e-07 22
1717993998021 3.1075928623632427e-07 23
1717994647521 3.379005023415242e-07 24
1717995281934 3.6619394935474794e-07 25
1717995938865 3.956326462913136e-07 26
1717996575853 4.2620932959324986e-07 27
1717997216504 4.579164549214859e-07 28
1717997860796 4.907461990173027e-07 29
1717998463445 5.24690461632545e-07 30
1717999087398 5.597408675283739e-07 31
1717999716663 5.958887685416057e-07 32
1718000351391 6.331252457185202e-07 33
1718000978372 6.714411115155851e-07 34
1718001619553 7.108269120662461e-07 35
1718002253602 7.512729295135598e-07 36
1718002886949 7.927691844079031e-07 37
1718003512773 8.353054381693497e-07 38
1718004146086 8.788711956137184e-07 39
1718004772586 9.234557075422652e-07 40
1718005405975 9.690479733938117e-07 41
1718006022535 1.015636743958962e-06 42
1718006641911 1.0632105241557405e-06 43
1718007248233 1.1117575758656836e-06 44
1718007853858 1.1612659208302353e-06 45
1718008448959 1.2117233436061076e-06 46
1718009049591 1.2631173945792096e-06 47
1718009645904 1.3154353930364863e-06 48
1718010223994 1.3686644302946887e-06 49
1718010796568 1.4227913728853415e-06 50
1718011365381 1.4778028657952767e-06 51
1718011932938 1.533685335761823e-06 52
1718012498313 1.5904249946216246e-06 53
1718013063679 1.6480078427129462e-06 54
1718013625350 1.7064196723296092e-06 55
1718014187316 1.7656460712266292e-06 56
1718014747680 1.8256724261764502e-06 57
1718015311742 1.8864839265741295e-06 58
1718015873719 1.948065568091793e-06 59
1718016431567 2.010402156380903e-06 60
1718016989962 2.0734783108211434e-06 61
1718017545932 2.1372784683151794e-06 62
1718018102856 2.201786887128827e-06 63
1718018659301 2.266987650774926e-06 64
1718019213214 2.3328646719408296e-06 65
1718019767315 2.399401696457077e-06 66
1718020320657 2.466582307308711e-06 67
1718020874499 2.5343899286850575e-06 68
1718021434590 2.60280783007036e-06 69
1718021992134 2.671819130371049e-06 70
1718022549384 2.741406802081492e-06 71
1718023102149 2.811553675484932e-06 72
1718023655139 2.8822424428900285e-06 73
1718024211297 2.953455662901058e-06 74
1718024764366 3.0251757647216425e-06 75
1718025314110 3.097385052489938e-06 76
1718025871058 3.170065709644442e-06 77
1718026427146 3.2431998033207294e-06 78
1718026985009 3.3167692887754812e-06 79
1718027537509 3.39075601383898e-06 80
1718028086884 3.465141723393809e-06 81
1718028637041 3.539908063879337e-06 82
1718029115620 3.6150365878197944e-06 83
1718029400009 3.6905087583759457e-06 84
1718029685392 3.7663059539192643e-06 85
1718029970033 3.842409472625542e-06 86
1718030254183 3.918800537090645e-06 87
1718030538869 3.995460298962383e-06 88
1718030823497 4.0723698435915536e-06 89
1718031108418 4.1495101946988515e-06 90
1718031394335 4.2268623190569455e-06 91
1718031680432 4.3044071311865475e-06 92
1718031966432 4.382125498065731e-06 93
1718032252223 4.459998243850152e-06 94
1718032538051 4.5380061546051785e-06 95
1718032823780 4.616129983046188e-06 96
1718033108964 4.694350453287328e-06 97
1718033394517 4.772648265597989e-06 98
1718033680290 4.851004101164565e-06 99
1718033964778 4.929398626857433e-06 100
1718034250653 5.007812500000019e-06 101
1718034535685 5.086226373142546e-06 102
1718034820342 5.164620898835267e-06 103
1718035105401 5.242976734402045e-06 104
1718035389930 5.321274546712681e-06 105
1718035674935 5.3994950169537916e-06 106
1718035959215 5.477618845394801e-06 107
1718036243960 5.555626756149884e-06 108
1718036529213 5.6334995019342885e-06 109
1718036813437 5.7112178688134494e-06 110
1718037096043 5.7887626809431065e-06 111
1718037379388 5.866114805301182e-06 112
1718037662867 5.943255156408505e-06 113
1718037949242 6.020164701037632e-06 114
1718038233685 6.096824462909201e-06 115
1718038516928 6.173215527374464e-06 116
1718038799017 6.249319046080777e-06 117
1718039083437 6.3251162416239945e-06 118
1718039368477 6.400588412180242e-06 119
1718039652823 6.475716936120691e-06 120
1718039937690 6.550483276606282e-06 121
1718040222658 6.624868986161036e-06 122
1718040506862 6.698855711224465e-06 123
1718040789526 6.772425196679372e-06 124
1718041071813 6.845559290355481e-06 125
1718041353892 6.918239947510172e-06 126
1718041638771 6.990449235278376e-06 127
1718041920863 7.062169337098871e-06 128
1718042202501 7.133382557110113e-06 129
1718042484197 7.2040713245151035e-06 130
1718042766983 7.274218197918519e-06 131
1718043048702 7.343805869628848e-06 132
1718043330196 7.412817169929781e-06 133
1718043611438 7.48123507131498e-06 134
1718043894024 7.549042692691319e-06 135
1718044177414 7.61622330354283e-06 136
1718044460982 7.682760328059307e-06 137
1718044743087 7.748637349224983e-06 138
1718045024383 7.81383811287131e-06 139
1718045306002 7.878346531684708e-06 140
1718045588925 7.942146689178765e-06 141
1718045870977 8.005222843618992e-06 142
1718046153034 8.067559431908339e-06 143
1718046435730 8.129141073426044e-06 144
1718046717780 8.18995257382346e-06 145
1718046998577 8.249978928773269e-06 146
1718047279863 8.309205327670413e-06 147
1718047561154 8.36761715728693e-06 148
1718047843587 8.425200005378253e-06 149
1718048126314 8.481939664238198e-06 150
1718048409835 8.53782213420476e-06 151
1718048692634 8.592833627114578e-06 152
1718048973584 8.646960569705349e-06 153
1718049255803 8.700189606963383e-06 154
1718049537773 8.752507605420916e-06 155
1718049820125 8.803901656393793e-06 156
1718050102350 8.854359079169824e-06 157
1718050383318 8.903867424134414e-06 158
1718050664401 8.9524144758441e-06 159
1718050946703 8.999988256041159e-06 160
1718051228582 9.046577026606334e-06 161
1718051509740 9.092169292457882e-06 162
1718051790942 9.13675380438617e-06 163
1718052072604 9.180319561830497e-06 164
1718052353620 9.222855815591953e-06 165
1718052634887 9.264352070486568e-06 166
1718052915695 9.304798087933569e-06 167
1718053197205 9.344183888484595e-06 168
1718053478104 9.382499754281614e-06 169
1718053759847 9.419736231458506e-06 170
1718054040182 9.455884132471513e-06 171
1718054320806 9.490934538367532e-06 172
1718054601773 9.524878800982796e-06 173
1718054882196 9.557708545078633e-06 174
1718055162487 9.589415670406851e-06 175
1718055444342 9.619992353708578e-06 176
1718055727256 9.64943105064529e-06 177
1718056010194 9.677724497658514e-06 178
1718056292109 9.704865713763784e-06 179
1718056572182 9.730848002271983e-06 180
1718056852157 9.755664952442244e-06 181
1718057131558 9.779310441063395e-06 182
1718057411250 9.801778633965497e-06 183
1718057690552 9.823063987457421e-06 184
1718057970367 9.843161249696764e-06 185
1718058249763 9.862065461985208e-06 186
1718058529049 9.879771959990917e-06 187
1718058807868 9.896276374900938e-06 188
1718059087165 9.911574634496937e-06 189
1718059366725 9.92566296416342e-06 190
1718059645987 9.938537887814932e-06 191
1718059924788 9.950196228757033e-06 192
1718060203468 9.960635110468385e-06 193
1718060482432 9.969851957311418e-06 194
1718060761409 9.97784449516693e-06 195
1718061040443 9.984610751996003e-06 196
1718061319197 9.990149058325415e-06 197
1718061597442 9.994458047661625e-06 198
1718061876080 9.997536656825877e-06 199
