1718111416812 0.0 0
1718111728273 1.0 1
1718112089569 2.0 2
1718112407587 3.0 3
1718112742618 4.0 4
1718113103336 5.0 5
1718113434133 6.0 6
1718113760075 7.0 7
1718114122655 8.0 8
1718114470851 9.0 9
1718114787594 10.0 10
1718115144715 11.0 11
1718115492645 12.0 12
1718115806976 13.0 13
1718116164859 14.0 14
1718116514529 15.0 15
1718116831954 16.0 16
1718117189349 17.0 17
1718117540756 18.0 18
1718117856703 19.0 19
1718118207237 20.0 20
1718118563163 21.0 21
1718118898565 22.0 22
1718119218350 23.0 23
1718119577830 24.0 24
1718119922287 25.0 25
1718120237962 26.0 26
1718120596227 27.0 27
1718120940287 28.0 28
1718121256336 29.0 29
1718121619630 30.0 30
1718121946131 31.0 31
1718122277830 32.0 32
1718122644682 33.0 33
1718122970205 34.0 34
1718123299377 35.0 35
1718123664247 36.0 36
1718123988710 37.0 37
1718124319865 38.0 38
1718124684038 39.0 39
1718125037426 40.0 40
1718125361114 41.0 41
1718125723731 42.0 42
1718126098085 43.0 43
1718126472201 44.0 44
1718126831647 45.0 45
1718127172879 46.0 46
1718127548001 47.0 47
1718127930436 48.0 48
1718128301154 49.0 49
1718128685085 50.0 50
1718129043611 51.0 51
1718129397066 52.0 52
1718129778847 53.0 53
1718130169131 54.0 54
1718130547628 55.0 55
1718130941756 56.0 56
1718131328104 57.0 57
1718131689736 58.0 58
1718132050827 59.0 59
1718132438835 60.0 60
1718132834934 61.0 61
1718133219190 62.0 62
1718133611730 63.0 63
1718134007638 64.0 64
1718134384080 65.0 65
1718134750205 66.0 66
1718135136739 67.0 67
1718135541897 68.0 68
1718135946710 69.0 69
1718136331508 70.0 70
1718136720563 71.0 71
1718137126909 72.0 72
1718137528894 73.0 73
1718137910170 74.0 74
1718138286007 75.0 75
1718138674618 76.0 76
1718139082704 77.0 77
1718139493265 78.0 78
1718139893360 79.0 79
1718140279683 80.0 80
1718140682103 81.0 81
1718141095616 82.0 82
1718141502289 83.0 83
1718141882734 84.0 84
1718142263998 85.0 85
1718142662553 86.0 86
1718143080288 87.0 87
1718143500510 88.0 88
1718143914636 89.0 89
1718144305834 90.0 90
1718144698353 91.0 91
1718145112998 92.0 92
1718145538249 93.0 93
1718145963637 94.0 94
1718146386558 95.0 95
1718146805297 96.0 96
1718147202175 97.0 97
1718147591931 98.0 98
1718147986326 99.0 99
1718148409242 100.0 100
1718148842700 101.0 101
1718149249333 102.0 102
1718149590869 103.0 103
1718150217851 104.0 104
1718150885657 105.0 105
1718151467073 106.0 106
1718152023769 107.0 107
1718152605648 108.0 108
1718153189484 109.0 109
1718153820376 110.0 110
1718154354753 111.0 111
1718155135316 112.0 112
