1718111416814 7080504.0 0
1718111728275 7080504.0 1
1718112089571 7080504.0 2
1718112407588 7080504.0 3
1718112742620 7080504.0 4
1718113103338 7080504.0 5
1718113434135 7080504.0 6
1718113760077 7080504.0 7
1718114122657 7080504.0 8
1718114470853 7080504.0 9
1718114787595 7080504.0 10
1718115144717 7080504.0 11
1718115492646 7080504.0 12
1718115806977 7080504.0 13
1718116164861 7080504.0 14
1718116514531 7080504.0 15
1718116831956 7080504.0 16
1718117189351 7080504.0 17
1718117540758 7080504.0 18
1718117856704 7080504.0 19
1718118207239 7080504.0 20
1718118563165 7080504.0 21
1718118898567 7080504.0 22
1718119218352 7080504.0 23
1718119577831 7080504.0 24
1718119922289 7080504.0 25
1718120237964 7080504.0 26
1718120596228 7080504.0 27
1718120940289 7080504.0 28
1718121256338 7080504.0 29
1718121619632 7080504.0 30
1718121946133 7080504.0 31
1718122277831 7080504.0 32
1718122644683 7080504.0 33
1718122970206 7080504.0 34
1718123299379 7080504.0 35
1718123664248 7080504.0 36
1718123988712 7080504.0 37
1718124319866 7080504.0 38
1718124684039 7080504.0 39
1718125037428 7080504.0 40
1718125361116 7080504.0 41
1718125723732 7080504.0 42
1718126098087 7080504.0 43
1718126472203 7080504.0 44
1718126831649 7080504.0 45
1718127172881 7080504.0 46
1718127548002 7080504.0 47
1718127930438 7080504.0 48
1718128301156 7080504.0 49
1718128685087 7080504.0 50
1718129043613 7080504.0 51
1718129397068 7080504.0 52
1718129778849 7080504.0 53
1718130169132 7080504.0 54
1718130547630 7080504.0 55
1718130941758 7080504.0 56
1718131328106 7080504.0 57
1718131689738 7080504.0 58
1718132050828 7080504.0 59
1718132438837 7080504.0 60
1718132834936 7080504.0 61
1718133219192 7080504.0 62
1718133611732 7080504.0 63
1718134007639 7080504.0 64
1718134384082 7080504.0 65
1718134750207 7080504.0 66
1718135136741 7080504.0 67
1718135541899 7080504.0 68
1718135946712 7080504.0 69
1718136331510 7080504.0 70
1718136720564 7080504.0 71
1718137126910 7080504.0 72
1718137528895 7080504.0 73
1718137910172 7080504.0 74
1718138286009 7080504.0 75
1718138674619 7080504.0 76
1718139082706 7080504.0 77
1718139493267 7080504.0 78
1718139893361 7080504.0 79
1718140279684 7080504.0 80
1718140682105 7080504.0 81
1718141095618 7080504.0 82
1718141502291 7080504.0 83
1718141882735 7080504.0 84
1718142263999 7080504.0 85
1718142662555 7080504.0 86
1718143080289 7080504.0 87
1718143500511 7080504.0 88
1718143914638 7080504.0 89
1718144305835 7080504.0 90
1718144698355 7080504.0 91
1718145113000 7080504.0 92
1718145538250 7080504.0 93
1718145963639 7080504.0 94
1718146386560 7080504.0 95
1718146805298 7080504.0 96
1718147202177 7080504.0 97
1718147591933 7080504.0 98
1718147986327 7080504.0 99
1718148409243 7080504.0 100
1718148842702 7080504.0 101
1718149249335 7080504.0 102
1718149590871 7080504.0 103
1718150217853 7080504.0 104
1718150885658 7080504.0 105
1718151467075 7080504.0 106
1718152023771 7080504.0 107
1718152605650 7080504.0 108
1718153189485 7080504.0 109
1718153820378 7080504.0 110
1718154354754 7080504.0 111
1718155135318 7080504.0 112
