1718111416799 9.999999999999821e-06 0
1718111728261 9.999999999999821e-06 1
1718112089558 8.003125000000054e-06 2
1718112407572 6.006250000000084e-06 3
1718112742604 4.009374999999961e-06 4
1718113103322 2.0124999999999786e-06 5
1718113434119 2.2466619467402577e-08 6
1718113760062 2.547594167448766e-08 7
1718114122645 2.903163323102732e-08 8
1718114470838 3.313330421536665e-08 9
1718114787580 3.778050483306068e-08 10
1718115144704 4.297272546619879e-08 11
1718115492639 4.870939672927052e-08 12
1718115806961 5.498988953162855e-08 13
1718116164846 6.181351514646666e-08 14
1718116514516 6.917952528633349e-08 15
1718116831940 7.708711218521327e-08 16
1718117189336 8.553540868708872e-08 17
1718117540743 9.45234883410516e-08 18
1718117856697 1.0405036550287616e-07 19
1718118207225 1.1411499544312034e-07 20
1718118563152 1.247162744617043e-07 21
1718118898559 1.3585304000890825e-07 22
1718119218336 1.4752407081289366e-07 23
1718119577823 1.5972808701361202e-07 24
1718119922273 1.7246375030316084e-07 25
1718120237947 1.8572966407254168e-07 26
1718120596220 1.9952437356481966e-07 27
1718120940275 2.1384636603463928e-07 28
1718121256328 2.286940709141349e-07 29
1718121619617 2.440658599851536e-07 30
1718121946117 2.599600475577924e-07 31
1718122277825 2.7637489065526584e-07 32
1718122644666 2.933085892050772e-07 33
1718122970196 3.1075928623632427e-07 34
1718123299362 3.287250680834436e-07 35
1718123664241 3.472039645960085e-07 36
1718123988703 3.6619394935474794e-07 37
1718124319858 3.8569293989385463e-07 38
1718124684032 4.0569879792927944e-07 39
1718125037415 4.2620932959324986e-07 40
1718125361101 4.4722228567482944e-07 41
1718125723716 4.687353618665917e-07 42
1718126098070 4.907461990173027e-07 43
1718126472188 5.132523833906083e-07 44
1718126831634 5.362514469298127e-07 45
1718127172867 5.597408675283739e-07 46
1718127547994 5.837180693066703e-07 47
1718127930423 6.081804228943073e-07 48
1718128301141 6.331252457185202e-07 49
1718128685070 6.58549802298424e-07 50
1718129043597 6.844513045448772e-07 51
1718129397052 7.108269120662461e-07 52
1718129778841 7.376737324799658e-07 53
1718130169121 7.649888217296404e-07 54
1718130547622 7.927691844079031e-07 55
1718130941743 8.210117740849535e-07 56
1718131328090 8.49713493642561e-07 57
1718131689722 8.788711956137184e-07 58
1718132050820 9.084816825278341e-07 59
1718132438821 9.385417072613512e-07 60
1718132834925 9.690479733938117e-07 61
1718133219176 9.99997135569354e-07 62
1718133611716 1.0313857998635952e-06 63
1718134007620 1.0632105241557405e-06 64
1718134384068 1.0954678185061582e-06 65
1718134750198 1.1281541455390095e-06 66
1718135136726 1.1612659208302353e-06 67
1718135541883 1.1947995133005212e-06 68
1718135946697 1.228751245613497e-06 69
1718136331495 1.2631173945792096e-06 70
1718136720553 1.2978941915620827e-06 71
1718137126903 1.3330778228944588e-06 72
1718137528888 1.3686644302946887e-06 73
1718137910157 1.4046501112902088e-06 74
1718138286000 1.4410309196455872e-06 75
1718138674603 1.4778028657952767e-06 76
1718139082691 1.5149619172809307e-06 77
1718139493253 1.5525039991938534e-06 78
1718139893353 1.5904249946216246e-06 79
1718140279674 1.6287207450998492e-06 80
1718140682088 1.6673870510678936e-06 81
1718141095602 1.7064196723296092e-06 82
1718141502275 1.7458143285181395e-06 83
1718141882721 1.7855666995655702e-06 84
1718142263991 1.8256724261764502e-06 85
1718142662544 1.8661271103058948e-06 86
1718143080281 1.9069263156418949e-06 87
1718143500503 1.948065568091793e-06 88
1718143914619 1.989540356272963e-06 89
1718144305827 2.0313461320075983e-06 90
1718144698340 2.0734783108211434e-06 91
1718145112983 2.115932272445511e-06 92
1718145538237 2.1587033613253458e-06 93
1718145963627 2.201786887128827e-06 94
1718146386544 2.2451781252617707e-06 95
1718146805286 2.2888723173859015e-06 96
1718147202162 2.3328646719408296e-06 97
1718147591924 2.377150364668917e-06 98
1718147986316 2.421724539145096e-06 99
1718148409236 2.466582307308711e-06 100
1718148842687 2.5117187500000153e-06 101
1718149249318 2.5571289174993787e-06 102
1718149590859 2.60280783007036e-06 103
1718150217842 2.6487504785053044e-06 104
1718150885648 2.6949518246750376e-06 105
1718151467062 2.741406802081492e-06 106
1718152023758 2.788110316412774e-06 107
1718152605636 2.835057246102224e-06 108
1718153189478 2.8822424428900285e-06 109
1718153820362 2.9296607323875205e-06 110
1718154354746 2.9773069146450628e-06 111
1718155135308 3.0251757647216425e-06 112
