1718111416804 4.616862462914509 0
1718111728265 3.1386452772371145 1
1718112089562 2.5237773784800717 2
1718112407577 2.2506524922083253 3
1718112742609 2.1091285030479017 4
1718113103327 2.035231271677691 5
1718113434123 2.0165161918038907 6
1718113760066 2.009680297549652 7
1718114122647 2.0243703258102355 8
1718114470844 2.0231832902392615 9
1718114787585 2.0074243104976155 10
1718115144707 2.0048715211451054 11
1718115492641 1.9960685650939527 12
1718115806966 2.0037587210536003 13
1718116164850 1.9930231083670389 14
1718116514521 1.9808287134637004 15
1718116831945 2.0087541715930337 16
1718117189340 2.006189898790225 17
1718117540747 2.003647118968808 18
1718117856699 1.9713015449435816 19
1718118207229 1.987472786689582 20
1718118563156 1.9926465250875638 21
1718118898561 1.9704586372751256 22
1718119218341 1.980108981385179 23
1718119577825 1.9668110848768898 24
1718119922278 1.9740900481524675 25
1718120237952 1.9712996837561545 26
1718120596222 1.9714272945471432 27
1718120940280 1.9731145473602025 28
1718121256330 1.9587978322220885 29
1718121619622 1.962142833063136 30
1718121946122 1.950625328913979 31
1718122277826 1.9394684877732526 32
1718122644670 1.9300308598448401 33
1718122970199 1.917155492402937 34
1718123299367 1.9494754600784052 35
1718123664243 1.9195650023934634 36
1718123988705 1.9019334398857926 37
1718124319860 1.9388693208279817 38
1718124684034 1.893641747372306 39
1718125037418 1.9025453084512898 40
1718125361105 1.9006744239317335 41
1718125723721 1.882262440317351 42
1718126098076 1.8893888322231562 43
1718126472193 1.8770259652772676 44
1718126831639 1.8718059866324714 45
1718127172871 1.877009989288838 46
1718127547996 1.889568687943013 47
1718127930427 1.8534550995606442 48
1718128301145 1.8493761059058749 49
1718128685075 1.8501255883146888 50
1718129043602 1.8472129006100737 51
1718129397058 1.849369543078153 52
1718129778843 1.8430557276891626 53
1718130169123 1.827859319422556 54
1718130547624 1.8290502079155133 55
1718130941748 1.803565559503825 56
1718131328095 1.792941342877305 57
1718131689728 1.805654630712841 58
1718132050822 1.7765758136368317 59
1718132438826 1.792762408437936 60
1718132834928 1.7573338212526364 61
1718133219181 1.7798562660489394 62
1718133611721 1.7550444645078287 63
1718134007625 1.7677240959652092 64
1718134384073 1.763515960911046 65
1718134750200 1.7769951459182345 66
1718135136731 1.7648070882196012 67
1718135541887 1.7424772287840429 68
1718135946702 1.7365861044305821 69
1718136331499 1.7380412596723307 70
1718136720556 1.7083432533494805 71
1718137126905 1.7050494844822779 72
1718137528890 1.7211030483569787 73
1718137910162 1.6969628928472167 74
1718138286002 1.6942499838769436 75
1718138674608 1.6757669523358345 76
1718139082696 1.6667133840205877 77
1718139493257 1.676551018882057 78
1718139893355 1.6740555427968502 79
1718140279676 1.6609321056824664 80
1718140682093 1.6384803638186143 81
1718141095607 1.6514505580391572 82
1718141502281 1.6536809546144113 83
1718141882725 1.6347941763537086 84
1718142263993 1.6282317350092141 85
1718142662547 1.6303513586197211 86
1718143080283 1.6072531420251597 87
1718143500505 1.6143642002311738 88
1718143914626 1.6292552517160126 89
1718144305829 1.5915321050130802 90
1718144698344 1.6096870795540188 91
1718145112988 1.6102438927020715 92
1718145538241 1.5951956843390414 93
1718145963631 1.5792411439444707 94
1718146386549 1.582668554523717 95
1718146805290 1.5906902530595013 96
1718147202167 1.6175747044870388 97
1718147591926 1.5779875860266064 98
1718147986319 1.5600955430418253 99
1718148409238 1.578204277416934 100
1718148842692 1.560956802462106 101
1718149249323 1.5564158306173657 102
1718149590863 1.558886000967544 103
1718150217845 1.547755885221388 104
1718150885651 1.55026482515361 105
1718151467067 1.5485785981721205 106
1718152023762 1.5367172306160564 107
1718152605640 1.5313427360809369 108
1718153189480 1.5008863720880903 109
1718153820367 1.5127557144378838 110
1718154354748 1.5101963849333317 111
1718155135310 1.5010257386804924 112
