1717637517442 0.0 0
1717637828310 1.0 1
1717638170292 2.0 2
1717638485660 3.0 3
1717638818696 4.0 4
1717639125675 5.0 5
1717639461501 6.0 6
1717639789811 7.0 7
1717640142917 8.0 8
1717640449885 9.0 9
1717640735561 10.0 10
1717641045226 11.0 11
1717641386461 12.0 12
1717641701270 13.0 13
1717642051364 14.0 14
1717642343014 15.0 15
1717642618394 16.0 16
1717642910798 17.0 17
1717643176035 18.0 18
1717643463966 19.0 19
1717643726830 20.0 20
1717644023128 21.0 21
1717644349127 22.0 22
1717644634800 23.0 23
1717644899409 24.0 24
1717645159160 25.0 25
1717645418434 26.0 26
1717645708421 27.0 27
1717645991317 28.0 28
1717646287008 29.0 29
1717646564696 30.0 30
1717646853568 31.0 31
1717647184781 32.0 32
1717647453433 33.0 33
1717647710756 34.0 34
1717648006890 35.0 35
1717648275298 36.0 36
1717648591038 37.0 37
1717648834284 38.0 38
1717649136418 39.0 39
1717649480960 40.0 40
1717649799331 41.0 41
1717650146897 42.0 42
1717650452381 43.0 43
1717650798852 44.0 44
1717651081116 45.0 45
1717651416280 46.0 46
1717651710762 47.0 47
1717652002274 48.0 48
1717652280087 49.0 49
1717652555493 50.0 50
1717652887490 51.0 51
1717653147651 52.0 52
1717653410260 53.0 53
1717653664923 54.0 54
1717653949378 55.0 55
1717654226167 56.0 56
1717654495158 57.0 57
1717654809082 58.0 58
1717655100352 59.0 59
1717655388008 60.0 60
1717655700045 61.0 61
1717656002075 62.0 62
1717656313069 63.0 63
1717656553677 64.0 64
1717656873788 65.0 65
1717657218908 66.0 66
1717657516704 67.0 67
1717657854181 68.0 68
1717658129697 69.0 69
1717658446583 70.0 70
1717658747713 71.0 71
1717659030911 72.0 72
1717659312759 73.0 73
1717659583649 74.0 74
1717659914375 75.0 75
1717660187045 76.0 76
1717660453983 77.0 77
1717660721851 78.0 78
1717660998253 79.0 79
1717661325698 80.0 80
1717661568825 81.0 81
1717661841391 82.0 82
1717662183902 83.0 83
1717662501003 84.0 84
1717662827713 85.0 85
1717663115487 86.0 86
1717663464682 87.0 87
1717663782303 88.0 88
1717664093890 89.0 89
1717664362328 90.0 90
1717664634783 91.0 91
1717664937647 92.0 92
1717665193964 93.0 93
1717665488394 94.0 94
1717665757912 95.0 95
1717666027059 96.0 96
1717666281823 97.0 97
1717666541992 98.0 98
1717666846446 99.0 99
1717667153898 100.0 100
1717667394638 101.0 101
1717667698005 102.0 102
1717668044413 103.0 103
1717668359902 104.0 104
1717668710055 105.0 105
1717669036441 106.0 106
1717669374420 107.0 107
1717669686260 108.0 108
1717670009798 109.0 109
1717670262079 110.0 110
1717670600307 111.0 111
1717670917182 112.0 112
1717671257026 113.0 113
1717671564906 114.0 114
1717671898206 115.0 115
1717672183099 116.0 116
1717672501684 117.0 117
1717672818100 118.0 118
1717673127319 119.0 119
1717673420348 120.0 120
1717673757646 121.0 121
1717674062122 122.0 122
1717674350302 123.0 123
1717674657478 124.0 124
1717674973077 125.0 125
1717675279907 126.0 126
1717675604675 127.0 127
1717675939467 128.0 128
1717676189464 129.0 129
1717676459416 130.0 130
1717676755870 131.0 131
1717677050420 132.0 132
1717677362178 133.0 133
1717677672264 134.0 134
1717677963704 135.0 135
1717678233757 136.0 136
1717678503416 137.0 137
1717678762726 138.0 138
1717679029367 139.0 139
1717679315239 140.0 140
1717679584309 141.0 141
1717679855972 142.0 142
1717680129410 143.0 143
1717680401518 144.0 144
1717680669729 145.0 145
1717680919957 146.0 146
1717681194802 147.0 147
1717681490988 148.0 148
1717681779621 149.0 149
1717682073263 150.0 150
1717682354845 151.0 151
1717682625401 152.0 152
1717682898285 153.0 153
1717683164740 154.0 154
1717683428809 155.0 155
1717683695604 156.0 156
1717683959672 157.0 157
1717684225569 158.0 158
1717684489279 159.0 159
1717684752778 160.0 160
1717685018823 161.0 161
1717685248332 162.0 162
1717685436997 163.0 163
1717685613376 164.0 164
1717685788274 165.0 165
1717685964975 166.0 166
1717686139307 167.0 167
1717686313751 168.0 168
1717686492073 169.0 169
1717686666699 170.0 170
1717686852640 171.0 171
1717687027250 172.0 172
1717687201195 173.0 173
1717687378272 174.0 174
1717687552466 175.0 175
1717687740384 176.0 176
1717687915626 177.0 177
1717688090564 178.0 178
1717688267743 179.0 179
1717688442583 180.0 180
1717688620104 181.0 181
1717688797775 182.0 182
1717688971902 183.0 183
1717689155480 184.0 184
1717689330224 185.0 185
1717689504453 186.0 186
1717689681097 187.0 187
1717689855312 188.0 188
1717690043241 189.0 189
1717690217828 190.0 190
1717690392192 191.0 191
1717690568711 192.0 192
1717690743311 193.0 193
1717690922402 194.0 194
1717691099096 195.0 195
1717691273152 196.0 196
1717691454563 197.0 197
1717691629066 198.0 198
1717691803433 199.0 199
