1717637517444 7064485.0 0
1717637828312 7064485.0 1
1717638170294 7064485.0 2
1717638485661 7064485.0 3
1717638818698 7064485.0 4
1717639125676 7064485.0 5
1717639461503 7064485.0 6
1717639789812 7064485.0 7
1717640142918 7064485.0 8
1717640449887 7064485.0 9
1717640735562 7064485.0 10
1717641045227 7064485.0 11
1717641386462 7064485.0 12
1717641701272 7064485.0 13
1717642051366 7064485.0 14
1717642343015 7064485.0 15
1717642618396 7064485.0 16
1717642910799 7064485.0 17
1717643176036 7064485.0 18
1717643463966 7064485.0 19
1717643726831 7064485.0 20
1717644023129 7064485.0 21
1717644349128 7064485.0 22
1717644634801 7064485.0 23
1717644899410 7064485.0 24
1717645159162 7064485.0 25
1717645418436 7064485.0 26
1717645708423 7064485.0 27
1717645991318 7064485.0 28
1717646287010 7064485.0 29
1717646564697 7064485.0 30
1717646853569 7064485.0 31
1717647184783 7064485.0 32
1717647453434 7064485.0 33
1717647710757 7064485.0 34
1717648006891 7064485.0 35
1717648275299 7064485.0 36
1717648591039 7064485.0 37
1717648834285 7064485.0 38
1717649136419 7064485.0 39
1717649480961 7064485.0 40
1717649799332 7064485.0 41
1717650146898 7064485.0 42
1717650452381 7064485.0 43
1717650798853 7064485.0 44
1717651081117 7064485.0 45
1717651416281 7064485.0 46
1717651710764 7064485.0 47
1717652002276 7064485.0 48
1717652280088 7064485.0 49
1717652555493 7064485.0 50
1717652887492 7064485.0 51
1717653147652 7064485.0 52
1717653410261 7064485.0 53
1717653664924 7064485.0 54
1717653949379 7064485.0 55
1717654226169 7064485.0 56
1717654495159 7064485.0 57
1717654809083 7064485.0 58
1717655100353 7064485.0 59
1717655388009 7064485.0 60
1717655700046 7064485.0 61
1717656002076 7064485.0 62
1717656313070 7064485.0 63
1717656553678 7064485.0 64
1717656873790 7064485.0 65
1717657218910 7064485.0 66
1717657516705 7064485.0 67
1717657854182 7064485.0 68
1717658129698 7064485.0 69
1717658446584 7064485.0 70
1717658747714 7064485.0 71
1717659030912 7064485.0 72
1717659312760 7064485.0 73
1717659583651 7064485.0 74
1717659914377 7064485.0 75
1717660187046 7064485.0 76
1717660453984 7064485.0 77
1717660721853 7064485.0 78
1717660998255 7064485.0 79
1717661325700 7064485.0 80
1717661568827 7064485.0 81
1717661841392 7064485.0 82
1717662183903 7064485.0 83
1717662501005 7064485.0 84
1717662827715 7064485.0 85
1717663115488 7064485.0 86
1717663464683 7064485.0 87
1717663782305 7064485.0 88
1717664093891 7064485.0 89
1717664362329 7064485.0 90
1717664634784 7064485.0 91
1717664937648 7064485.0 92
1717665193965 7064485.0 93
1717665488396 7064485.0 94
1717665757914 7064485.0 95
1717666027060 7064485.0 96
1717666281824 7064485.0 97
1717666541993 7064485.0 98
1717666846447 7064485.0 99
1717667153900 7064485.0 100
1717667394639 7064485.0 101
1717667698005 7064485.0 102
1717668044414 7064485.0 103
1717668359903 7064485.0 104
1717668710056 7064485.0 105
1717669036442 7064485.0 106
1717669374420 7064485.0 107
1717669686261 7064485.0 108
1717670009799 7064485.0 109
1717670262081 7064485.0 110
1717670600308 7064485.0 111
1717670917183 7064485.0 112
1717671257028 7064485.0 113
1717671564908 7064485.0 114
1717671898207 7064485.0 115
1717672183100 7064485.0 116
1717672501685 7064485.0 117
1717672818101 7064485.0 118
1717673127320 7064485.0 119
1717673420349 7064485.0 120
1717673757647 7064485.0 121
1717674062123 7064485.0 122
1717674350302 7064485.0 123
1717674657479 7064485.0 124
1717674973078 7064485.0 125
1717675279908 7064485.0 126
1717675604676 7064485.0 127
1717675939468 7064485.0 128
1717676189465 7064485.0 129
1717676459417 7064485.0 130
1717676755871 7064485.0 131
1717677050421 7064485.0 132
1717677362179 7064485.0 133
1717677672265 7064485.0 134
1717677963706 7064485.0 135
1717678233758 7064485.0 136
1717678503417 7064485.0 137
1717678762727 7064485.0 138
1717679029369 7064485.0 139
1717679315240 7064485.0 140
1717679584309 7064485.0 141
1717679855973 7064485.0 142
1717680129412 7064485.0 143
1717680401519 7064485.0 144
1717680669730 7064485.0 145
1717680919958 7064485.0 146
1717681194803 7064485.0 147
1717681490989 7064485.0 148
1717681779622 7064485.0 149
1717682073263 7064485.0 150
1717682354847 7064485.0 151
1717682625402 7064485.0 152
1717682898286 7064485.0 153
1717683164741 7064485.0 154
1717683428809 7064485.0 155
1717683695605 7064485.0 156
1717683959673 7064485.0 157
1717684225570 7064485.0 158
1717684489280 7064485.0 159
1717684752779 7064485.0 160
1717685018825 7064485.0 161
1717685248334 7064485.0 162
1717685436998 7064485.0 163
1717685613377 7064485.0 164
1717685788276 7064485.0 165
1717685964975 7064485.0 166
1717686139308 7064485.0 167
1717686313753 7064485.0 168
1717686492075 7064485.0 169
1717686666700 7064485.0 170
1717686852642 7064485.0 171
1717687027252 7064485.0 172
1717687201197 7064485.0 173
1717687378273 7064485.0 174
1717687552468 7064485.0 175
1717687740384 7064485.0 176
1717687915628 7064485.0 177
1717688090566 7064485.0 178
1717688267745 7064485.0 179
1717688442584 7064485.0 180
1717688620106 7064485.0 181
1717688797777 7064485.0 182
1717688971904 7064485.0 183
1717689155482 7064485.0 184
1717689330226 7064485.0 185
1717689504455 7064485.0 186
1717689681098 7064485.0 187
1717689855313 7064485.0 188
1717690043243 7064485.0 189
1717690217830 7064485.0 190
1717690392194 7064485.0 191
1717690568713 7064485.0 192
1717690743312 7064485.0 193
1717690922404 7064485.0 194
1717691099097 7064485.0 195
1717691273154 7064485.0 196
1717691454565 7064485.0 197
1717691629067 7064485.0 198
1717691803435 7064485.0 199
