1717637517434 0.9572096671909094 0
1717637828300 0.9067543484270573 1
1717638170284 0.8884834293276072 2
1717638485654 0.8692685975027936 3
1717638818688 0.8516092374920845 4
1717639125667 0.8464619062308755 5
1717639461493 0.845961877011827 6
1717639789805 0.8443662471004895 7
1717640142912 0.8415538788373981 8
1717640449877 0.8469573634543589 9
1717640735552 0.8438828105905226 10
1717641045221 0.8417464590498379 11
1717641386455 0.8442583547106811 12
1717641701264 0.8428884278982878 13
1717642051356 0.8425682229655129 14
1717642343008 0.839599517041019 15
1717642618387 0.8386162229414497 16
1717642910790 0.8410158239837203 17
1717643176027 0.8385745821786779 18
1717643463962 0.8450619184545108 19
1717643726827 0.8412203857941287 20
1717644023120 0.8388928156346083 21
1717644349118 0.8373517870370831 22
1717644634795 0.8364007217543465 23
1717644899405 0.8366621378809214 24
1717645159153 0.8340003881603479 25
1717645418424 0.8351441927786384 26
1717645708415 0.8352589604577848 27
1717645991314 0.8369493215743985 28
1717646286999 0.8370902181736061 29
1717646564692 0.8304983321577311 30
1717646853565 0.8301759676209518 31
1717647184774 0.8324070540922028 32
1717647453427 0.8299060006226812 33
1717647710753 0.8322232126125267 34
1717648006882 0.8295622603701693 35
1717648275291 0.8300327323377132 36
1717648591031 0.8338372930884361 37
1717648834280 0.8278507691408906 38
1717649136414 0.8288664322878633 39
1717649480951 0.8261979823665959 40
1717649799323 0.8268791692597526 41
1717650146889 0.8247494428817715 42
1717650452377 0.8233113161155156 43
1717650798846 0.823799175077251 44
1717651081108 0.822771026619843 45
1717651416276 0.8225675669631788 46
1717651710755 0.8214757535606623 47
1717652002267 0.8239742094384772 48
1717652280083 0.818844502259578 49
1717652555489 0.818402285022395 50
1717652887481 0.8196362892964056 51
1717653147648 0.8164446436400924 52
1717653410257 0.8147186032895531 53
1717653664919 0.8168893813022545 54
1717653949374 0.8136209145720515 55
1717654226157 0.8130860214254686 56
1717654495154 0.8147771065788609 57
1717654809076 0.8151578198054007 58
1717655100347 0.8175448455980846 59
1717655388001 0.8091823123395443 60
1717655700042 0.8155157502208438 61
1717656002072 0.8117280283144542 62
1717656313061 0.8072951334927764 63
1717656553669 0.8119492041213172 64
1717656873781 0.8139030332011836 65
1717657218900 0.8128237825419221 66
1717657516700 0.810097753203341 67
1717657854172 0.8071626789335694 68
1717658129694 0.8103571310639381 69
1717658446577 0.8070676302803415 70
1717658747709 0.8083922863006592 71
1717659030906 0.807570446016533 72
1717659312755 0.8117930476686784 73
1717659583643 0.8076345840735095 74
1717659914368 0.8081452466015305 75
1717660187040 0.8062950638788087 76
1717660453976 0.8097152411937714 77
1717660721842 0.8032923878303596 78
1717660998247 0.8058206013270787 79
1717661325688 0.8039899510996682 80
1717661568818 0.8048828491675002 81
1717661841384 0.8032796335007463 82
1717662183897 0.806032777630857 83
1717662500995 0.8102345527814967 84
1717662827703 0.8042274945016418 85
1717663115479 0.8035519873457295 86
1717663464675 0.8016877770423889 87
1717663782296 0.8043290924813066 88
1717664093885 0.8023240188402789 89
1717664362325 0.8014770895242691 90
1717664634780 0.8056107142141887 91
1717664937643 0.8016328816967351 92
1717665193958 0.8040261838052954 93
1717665488385 0.7990750260651112 94
1717665757905 0.8008740320801735 95
1717666027050 0.8009323081267732 96
1717666281819 0.801995322640453 97
1717666541989 0.8022862688771316 98
1717666846443 0.804047830136759 99
1717667153891 0.8018207946526152 100
1717667394635 0.7990807571581432 101
1717667698001 0.7995049506425858 102
1717668044408 0.807112709752151 103
1717668359893 0.7999232108039516 104
1717668710051 0.8002790369625602 105
1717669036434 0.799559120621 106
1717669374417 0.7983030107404504 107
1717669686254 0.8010530088629041 108
1717670009790 0.8163099174520799 109
1717670262074 0.8011865301855973 110
1717670600300 0.8272200463605779 111
1717670917176 0.8023724084986108 112
1717671257016 0.7967369774622577 113
1717671564899 0.7998432628810406 114
1717671898201 0.7970059474131891 115
1717672183092 0.7957550771534443 116
1717672501679 0.7963693980127573 117
1717672818094 0.797163857945374 118
1717673127313 0.7943414904709373 119
1717673420342 0.7981381283274719 120
1717673757638 0.8023053506123168 121
1717674062117 0.8174757268279791 122
1717674350298 0.7978867228542056 123
1717674657474 0.7968965329762016 124
1717674973072 0.8000222218355962 125
1717675279902 0.7957422419318131 126
1717675604671 0.7950904079313789 127
1717675939462 0.7939971900944199 128
1717676189458 0.7956099214830569 129
1717676459409 0.7931268124708107 130
1717676755865 0.7946453469672373 131
1717677050416 0.7953023380999055 132
1717677362175 0.7957051510789565 133
1717677672258 0.816348337967481 134
1717677963698 0.8211382095302854 135
1717678233752 0.8110353744455746 136
1717678503412 0.8006260730326176 137
1717678762722 0.7945722895009177 138
1717679029361 0.8065325072301286 139
1717679315233 0.8024581769215209 140
1717679584305 0.7973952354597194 141
1717679855968 0.7959574532828161 142
1717680129403 0.7944886367768049 143
1717680401515 0.7936552512858596 144
1717680669726 0.7940582236541169 145
1717680919951 0.7911135727273566 146
1717681194797 0.7923192443060023 147
1717681490984 0.7925452688442809 148
1717681779613 0.8071928258453097 149
1717682073259 0.8123154193162918 150
1717682354840 0.8006375804543495 151
1717682625397 0.7962758727371693 152
1717682898280 0.7963238582015038 153
1717683164735 0.7946832454098123 154
1717683428805 0.7933392995702369 155
1717683695597 0.7983464886035238 156
1717683959668 0.7951621905501399 157
1717684225562 0.7934194058179855 158
1717684489275 0.7937178369611502 159
1717684752772 0.7981179614684412 160
1717685018817 0.7911125043673175 161
1717685248325 0.791115440428257 162
1717685436989 0.8655943415526833 163
1717685613367 0.8069908666823592 164
1717685788266 0.8048895373940468 165
1717685964971 0.7977217321417162 166
1717686139299 0.7948764450848103 167
1717686313744 0.7971029350800174 168
1717686492064 0.7948161893125091 169
1717686666695 0.7929090562143496 170
1717686852631 0.7920120057782957 171
1717687027242 0.7929227008883443 172
1717687201186 0.7919276715921504 173
1717687378267 0.7904932890087366 174
1717687552458 0.7933831619364875 175
1717687740379 0.7895072727863278 176
1717687915618 0.7992826798664672 177
1717688090555 0.8266780474888427 178
1717688267735 0.8097911913480077 179
1717688442575 0.8345758207142353 180
1717688620096 0.8083770139408963 181
1717688797766 0.7950126371745553 182
1717688971894 0.7972788039062705 183
1717689155472 0.7931693512946367 184
1717689330216 0.7906539703586272 185
1717689504444 0.7918141910008022 186
1717689681090 0.7935700067984206 187
1717689855304 0.7908858297658818 188
1717690043234 0.794713086581656 189
1717690217820 0.8026861889021737 190
1717690392185 0.8188125959464482 191
1717690568704 0.8034656893994127 192
1717690743301 0.8073729380433049 193
1717690922394 0.8117293888436896 194
1717691099088 0.7976917440869978 195
1717691273144 0.7955991019095693 196
1717691454555 0.7942523519907679 197
1717691629057 0.7939647917768785 198
1717691803426 0.7943490280636719 199
