1717637517428 1.0000000000000023e-05 0
1717637828295 1.0000000000000023e-05 1
1717638170278 8.003125000000022e-06 2
1717638485646 6.006250000000029e-06 3
1717638818684 4.009375000000014e-06 4
1717639125663 2.0124999999999888e-06 5
1717639461488 3.101424800415069e-08 6
1717639789802 3.778050483306144e-08 7
1717640142910 4.577304268859532e-08 8
1717640449874 5.49898895316296e-08 9
1717640735547 6.542877124312356e-08 10
1717641045218 7.708711218521171e-08 11
1717641386452 8.996203583671528e-08 12
1717641701261 1.0405036550287538e-07 13
1717642051352 1.1934862509915562e-07 14
1717642343005 1.3585304000890883e-07 15
1717642618383 1.5355953801472442e-07 16
1717642910786 1.724637503031639e-07 17
1717643176024 1.925610125427108e-07 18
1717643463960 2.1384636603463626e-07 19
1717643726825 2.3631455893646331e-07 20
1717644023116 2.599600475577878e-07 21
1717644349113 2.847769977281137e-07 22
1717644634793 3.107592862363295e-07 23
1717644899404 3.3790050234152326e-07 24
1717645159148 3.661939493547471e-07 25
1717645418420 3.956326462913103e-07 26
1717645708411 4.2620932959325e-07 27
1717645991312 4.579164549214865e-07 28
1717646286994 4.907461990172937e-07 29
1717646564690 5.246904616325541e-07 30
1717646853563 5.597408675283832e-07 31
1717647184771 5.958887685415991e-07 32
1717647453425 6.331252457185222e-07 33
1717647710752 6.714411115155919e-07 34
1717648006879 7.108269120662551e-07 35
1717648275288 7.512729295135528e-07 36
1717648591028 7.92769184407908e-07 37
1717648834279 8.353054381693348e-07 38
1717649136413 8.788711956137162e-07 39
1717649480947 9.234557075422636e-07 40
1717649799318 9.690479733938149e-07 41
1717650146885 1.0156367439589807e-06 42
1717650452376 1.0632105241557383e-06 43
1717650798843 1.1117575758656836e-06 44
1717651081104 1.1612659208302363e-06 45
1717651416274 1.2117233436060873e-06 46
1717651710751 1.2631173945791848e-06 47
1717652002264 1.315435393036472e-06 48
1717652280081 1.3686644302946722e-06 49
1717652555487 1.4227913728853347e-06 50
1717652887477 1.4778028657952775e-06 51
1717653147646 1.533685335761803e-06 52
1717653410256 1.5904249946216246e-06 53
1717653664917 1.6480078427129345e-06 54
1717653949370 1.7064196723295772e-06 55
1717654226152 1.7656460712266629e-06 56
1717654495152 1.8256724261764692e-06 57
1717654809073 1.8864839265740946e-06 58
1717655100344 1.9480655680917863e-06 59
1717655387997 2.010402156380939e-06 60
1717655700039 2.0734783108211747e-06 61
1717656002070 2.137278468315187e-06 62
1717656313057 2.201786887128821e-06 63
1717656553666 2.266987650774962e-06 64
1717656873776 2.3328646719407847e-06 65
1717657218894 2.399401696457104e-06 66
1717657516698 2.466582307308686e-06 67
1717657854168 2.5343899286850897e-06 68
1717658129692 2.602807830070338e-06 69
1717658446574 2.671819130371049e-06 70
1717658747708 2.741406802081492e-06 71
1717659030904 2.8115536754849307e-06 72
1717659312754 2.88224244289e-06 73
1717659583641 2.953455662901058e-06 74
1717659914364 3.0251757647216823e-06 75
1717660187037 3.0973850524898974e-06 76
1717660453973 3.170065709644468e-06 77
1717660721838 3.243199803320729e-06 78
1717660998244 3.3167692887754567e-06 79
1717661325684 3.390756013838916e-06 80
1717661568814 3.465141723393811e-06 81
1717661841381 3.53990806387937e-06 82
1717662183895 3.6150365878197927e-06 83
1717662500992 3.6905087583760096e-06 84
1717662827698 3.7663059539192003e-06 85
1717663115475 3.842409472625609e-06 86
1717663464672 3.91880053709071e-06 87
1717663782293 3.9954602989623996e-06 88
1717664093883 4.072369843591561e-06 89
1717664362323 4.14951019469891e-06 90
1717664634778 4.2268623190569565e-06 91
1717664937641 4.304407131186618e-06 92
1717665193955 4.382125498065675e-06 93
1717665488380 4.459998243850167e-06 94
1717665757902 4.538006154605246e-06 95
1717666027046 4.616129983046162e-06 96
1717666281817 4.694350453287239e-06 97
1717666541987 4.7726482655979755e-06 98
1717666846441 4.8510041011646625e-06 99
1717667153888 4.929398626857396e-06 100
1717667394633 5.007812500000015e-06 101
1717667698000 5.086226373142607e-06 102
1717668044406 5.16462089883536e-06 103
1717668359890 5.242976734402045e-06 104
1717668710049 5.321274546712742e-06 105
1717669036431 5.3994950169538415e-06 106
1717669374415 5.477618845394762e-06 107
1717669686251 5.555626756149834e-06 108
1717670009786 5.633499501934291e-06 109
1717670262070 5.711217868813388e-06 110
1717670600297 5.788762680943003e-06 111
1717670917174 5.866114805301106e-06 112
1717671257012 5.9432551564083985e-06 113
1717671564896 6.020164701037573e-06 114
1717671898199 6.096824462909319e-06 115
1717672183089 6.173215527374391e-06 116
1717672501678 6.249319046080823e-06 117
1717672818090 6.3251162416239894e-06 118
1717673127310 6.400588412180233e-06 119
1717673420338 6.475716936120641e-06 120
1717673757635 6.550483276606162e-06 121
1717674062115 6.624868986161074e-06 122
1717674350296 6.698855711224556e-06 123
1717674657473 6.772425196679244e-06 124
1717674973069 6.845559290355519e-06 125
1717675279901 6.91823994751008e-06 126
1717675604669 6.9904492352782884e-06 127
1717675939460 7.062169337098968e-06 128
1717676189456 7.133382557110002e-06 129
1717676459406 7.204071324515096e-06 130
1717676755864 7.274218197918536e-06 131
1717677050414 7.343805869628978e-06 132
1717677362173 7.412817169929644e-06 133
1717677672256 7.481235071314939e-06 134
1717677963694 7.549042692691319e-06 135
1717678233749 7.616223303542927e-06 136
1717678503411 7.682760328059197e-06 137
1717678762720 7.748637349225017e-06 138
1717679029359 7.813838112871169e-06 139
1717679315231 7.87834653168482e-06 140
1717679584303 7.942146689178804e-06 141
1717679855966 8.005222843619099e-06 142
1717680129399 8.067559431908202e-06 143
1717680401513 8.129141073425895e-06 144
1717680669724 8.189952573823503e-06 145
1717680919948 8.249978928773377e-06 146
1717681194794 8.309205327670413e-06 147
1717681490982 8.367617157287087e-06 148
1717681779610 8.425200005378404e-06 149
1717682073257 8.481939664238198e-06 150
1717682354837 8.537822134204752e-06 151
1717682625395 8.592833627114631e-06 152
1717682898279 8.64696056970533e-06 153
1717683164733 8.700189606963532e-06 154
1717683428803 8.752507605420858e-06 155
1717683695594 8.803901656393854e-06 156
1717683959666 8.854359079169792e-06 157
1717684225559 8.903867424134294e-06 158
1717684489274 8.952414475844274e-06 159
1717684752769 8.999988256041017e-06 160
1717685018815 9.046577026606163e-06 161
1717685248321 9.09216929245771e-06 162
1717685436986 9.136753804386245e-06 163
1717685613363 9.180319561830679e-06 164
1717685788262 9.222855815592127e-06 165
1717685964970 9.264352070486434e-06 166
1717686139295 9.304798087933755e-06 167
1717686313740 9.344183888484408e-06 168
1717686492059 9.382499754281453e-06 169
1717686666693 9.419736231458423e-06 170
1717686852626 9.455884132471643e-06 171
1717687027237 9.49093453836747e-06 172
1717687201182 9.52487880098269e-06 173
1717687378265 9.557708545078543e-06 174
1717687552455 9.589415670406741e-06 175
1717687740377 9.61999235370869e-06 176
1717687915614 9.649431050645283e-06 177
1717688090551 9.677724497658507e-06 178
1717688267731 9.704865713763674e-06 179
1717688442571 9.730848002271876e-06 180
1717688620092 9.755664952442237e-06 181
1717688797761 9.779310441063568e-06 182
1717688971891 9.80177863396533e-06 183
1717689155468 9.823063987457249e-06 184
1717689330212 9.843161249696838e-06 185
1717689504439 9.862065461985282e-06 186
1717689681086 9.87977195999111e-06 187
1717689855300 9.896276374900904e-06 188
1717690043230 9.911574634497137e-06 189
1717690217816 9.925662964163245e-06 190
1717690392180 9.938537887814757e-06 191
1717690568700 9.950196228756901e-06 192
1717690743298 9.960635110468383e-06 193
1717690922389 9.969851957311418e-06 194
1717691099084 9.97784449516693e-06 195
1717691273140 9.984610751995873e-06 196
1717691454552 9.990149058325512e-06 197
1717691629053 9.994458047661726e-06 198
1717691803422 9.997536656825799e-06 199
