1716507917591 0.0 0
1716508077542 1.0 1
1716508238032 2.0 2
1716508400712 3.0 3
1716508562620 4.0 4
1716508724658 5.0 5
1716508885200 6.0 6
1716509046195 7.0 7
1716509206452 8.0 8
1716509367302 9.0 9
1716509527379 10.0 10
1716509687615 11.0 11
1716509848036 12.0 12
1716510008432 13.0 13
1716510169591 14.0 14
1716510329336 15.0 15
1716510489135 16.0 16
1716510648724 17.0 17
1716510809224 18.0 18
1716510969337 19.0 19
1716511129425 20.0 20
1716511288121 21.0 21
1716511447317 22.0 22
1716511606748 23.0 23
1716511765841 24.0 24
1716511925420 25.0 25
1716512084106 26.0 26
1716512243331 27.0 27
1716512402504 28.0 28
1716512561254 29.0 29
1716512720158 30.0 30
1716512878851 31.0 31
1716513037845 32.0 32
1716513197145 33.0 33
1716513355512 34.0 34
1716513513807 35.0 35
1716513671802 36.0 36
1716513829801 37.0 37
1716513987647 38.0 38
1716514145343 39.0 39
1716514302683 40.0 40
1716514460406 41.0 41
1716514617711 42.0 42
1716514776158 43.0 43
1716515053796 44.0 44
1716515386177 45.0 45
1716515683061 46.0 46
1716515986476 47.0 47
1716516303120 48.0 48
1716516599248 49.0 49
