1716507917591 7095944.0 0
1716508077544 7095944.0 1
1716508238034 7095944.0 2
1716508400713 7095944.0 3
1716508562622 7095944.0 4
1716508724660 7095944.0 5
1716508885202 7095944.0 6
1716509046197 7095944.0 7
1716509206454 7095944.0 8
1716509367304 7095944.0 9
1716509527381 7095944.0 10
1716509687616 7095944.0 11
1716509848038 7095944.0 12
1716510008434 7095944.0 13
1716510169592 7095944.0 14
1716510329338 7095944.0 15
1716510489136 7095944.0 16
1716510648726 7095944.0 17
1716510809226 7095944.0 18
1716510969339 7095944.0 19
1716511129427 7095944.0 20
1716511288122 7095944.0 21
1716511447318 7095944.0 22
1716511606750 7095944.0 23
1716511765843 7095944.0 24
1716511925422 7095944.0 25
1716512084108 7095944.0 26
1716512243333 7095944.0 27
1716512402506 7095944.0 28
1716512561256 7095944.0 29
1716512720160 7095944.0 30
1716512878853 7095944.0 31
1716513037846 7095944.0 32
1716513197147 7095944.0 33
1716513355514 7095944.0 34
1716513513808 7095944.0 35
1716513671804 7095944.0 36
1716513829803 7095944.0 37
1716513987649 7095944.0 38
1716514145344 7095944.0 39
1716514302685 7095944.0 40
1716514460408 7095944.0 41
1716514617712 7095944.0 42
1716514776160 7095944.0 43
1716515053798 7095944.0 44
1716515386179 7095944.0 45
1716515683062 7095944.0 46
1716515986478 7095944.0 47
1716516303121 7095944.0 48
1716516599250 7095944.0 49
