1716507917588 0.9172783152240774 0
1716508077533 0.9180510688735091 1
1716508238024 0.9027787422680337 2
1716508400703 0.9001032470361047 3
1716508562611 0.8963085147349731 4
1716508724651 0.8954168329744235 5
1716508885191 0.8939210089004558 6
1716509046185 0.893953998937555 7
1716509206443 0.8944084587628427 8
1716509367294 0.8932734846096971 9
1716509527371 0.8932856505979663 10
1716509687606 0.89250883055122 11
1716509848029 0.8921793354270251 12
1716510008424 0.8918609930121381 13
1716510169584 0.8915546690316304 14
1716510329329 0.8909707053200059 15
1716510489130 0.8906295668819676 16
1716510648715 0.889937034767607 17
1716510809216 0.8894026817187018 18
1716510969327 0.8888398538465085 19
1716511129417 0.8889915191608927 20
1716511288116 0.8877840320701185 21
1716511447309 0.8874533932818018 22
1716511606739 0.8867635543903579 23
1716511765832 0.8864079004396563 24
1716511925412 0.8858041785981344 25
1716512084097 0.8859144217618133 26
1716512243321 0.8850087816624538 27
1716512402495 0.8844872588372749 28
1716512561245 0.8846432950509631 29
1716512720149 0.888441360677066 30
1716512878842 0.8860013394252114 31
1716513037835 0.8830950982544733 32
1716513197138 0.8817048291473285 33
1716513355504 0.881395772261464 34
1716513513802 0.8824705716384493 35
1716513671793 0.889561981772599 36
1716513829792 0.9087884711182636 37
1716513987639 0.8888654216476108 38
1716514145339 0.9091139685200609 39
1716514302675 0.8934669680893421 40
1716514460396 0.8888545578912549 41
1716514617706 0.8818388594233472 42
1716514776149 0.8796392062112041 43
1716515053787 0.8786700834398684 44
1716515386168 0.8783909200650194 45
1716515683057 0.8779487140152765 46
1716515986468 0.876935150636279 47
1716516303115 0.8765041739072489 48
1716516599240 0.8766260694550432 49
