1716507917587 1.0000000000000025e-05 0
1716508077528 1.0000000000000025e-05 1
1716508238019 8.003124999999968e-06 2
1716508400699 6.0062500000000604e-06 3
1716508562606 4.009374999999988e-06 4
1716508724645 2.0124999999999833e-06 5
1716508885187 2.599600475577902e-07 6
1716509046181 3.6619394935474757e-07 7
1716509206438 4.907461990172981e-07 8
1716509367290 6.331252457185211e-07 9
1716509527367 7.927691844079053e-07 10
1716509687601 9.690479733938212e-07 11
1716509848024 1.1612659208302357e-06 12
1716510008420 1.3686644302946676e-06 13
1716510169580 1.5904249946216246e-06 14
1716510329324 1.8256724261764752e-06 15
1716510489128 2.073478310821179e-06 16
1716510648710 2.3328646719407834e-06 17
1716510809211 2.602807830070321e-06 18
1716510969322 2.882242442890016e-06 19
1716511129413 3.1700657096444514e-06 20
1716511288114 3.4651417233938258e-06 21
1716511447304 3.7663059539192003e-06 22
1716511606734 4.072369843591596e-06 23
1716511765827 4.382125498065707e-06 24
1716511925407 4.6943504532872365e-06 25
1716512084092 5.0078125000000175e-06 26
1716512243316 5.321274546712768e-06 27
1716512402491 5.633499501934289e-06 28
1716512561240 5.943255156408415e-06 29
1716512720144 6.249319046080799e-06 30
1716512878838 6.550483276606198e-06 31
1716513037831 6.845559290355497e-06 32
1716513197132 7.133382557110002e-06 33
1716513355499 7.412817169929704e-06 34
1716513513800 7.682760328059246e-06 35
1716513671788 7.942146689178854e-06 36
1716513829788 8.18995257382356e-06 37
1716513987635 8.425200005378409e-06 38
1716514145338 8.646960569705247e-06 39
1716514302670 8.854359079169712e-06 40
1716514460392 9.046577026606158e-06 41
1716514617704 9.222855815592133e-06 42
1716514776145 9.382499754281438e-06 43
1716515053783 9.52487880098275e-06 44
1716515386163 9.649431050645288e-06 45
1716515683056 9.755664952442242e-06 46
1716515986463 9.84316124969691e-06 47
1716516303114 9.911574634497137e-06 48
1716516599235 9.960635110468385e-06 49
