1716777635424 0.0 0
1716777915678 1.0 1
1716778180357 2.0 2
1716778459918 3.0 3
1716778762954 4.0 4
1716779132269 5.0 5
1716779415415 6.0 6
1716779722334 7.0 7
1716780086021 8.0 8
1716780383714 9.0 9
1716780719161 10.0 10
1716781025512 11.0 11
1716781331270 12.0 12
1716781710238 13.0 13
1716782016255 14.0 14
1716782320018 15.0 15
1716782671445 16.0 16
1716782963833 17.0 17
1716783316077 18.0 18
1716783663866 19.0 19
1716783943676 20.0 20
1716784292966 21.0 21
1716784622316 22.0 22
1716784953433 23.0 23
1716785304724 24.0 24
1716785605683 25.0 25
1716785885433 26.0 26
1716786253926 27.0 27
1716786539561 28.0 28
1716786842860 29.0 29
1716787178634 30.0 30
1716787460198 31.0 31
1716787820328 32.0 32
1716788107678 33.0 33
1716788396069 34.0 34
1716788767960 35.0 35
1716789038803 36.0 36
1716789359424 37.0 37
1716789715525 38.0 38
1716789987099 39.0 39
1716790329410 40.0 40
1716790594585 41.0 41
1716790929084 42.0 42
1716791274331 43.0 43
1716791547091 44.0 44
1716791873361 45.0 45
1716792134945 46.0 46
1716792462956 47.0 47
1716792814997 48.0 48
1716793080783 49.0 49
1716793400737 50.0 50
1716793708525 51.0 51
1716793989709 52.0 52
1716794336810 53.0 53
1716794624676 54.0 54
1716794907166 55.0 55
1716795235693 56.0 56
1716795542309 57.0 57
1716795853682 58.0 58
1716796156975 59.0 59
1716796435891 60.0 60
1716796783295 61.0 61
1716797066723 62.0 62
1716797355641 63.0 63
1716797695120 64.0 64
1716798013890 65.0 65
1716798298405 66.0 66
1716798587473 67.0 67
1716798869245 68.0 68
1716799213476 69.0 69
1716799531042 70.0 70
1716799810029 71.0 71
1716800088451 72.0 72
1716800379724 73.0 73
1716800733329 74.0 74
1716801001988 75.0 75
1716801311731 76.0 76
1716801622620 77.0 77
1716801911621 78.0 78
1716802236729 79.0 79
1716802518517 80.0 80
1716802852794 81.0 81
1716803154142 82.0 82
1716803438531 83.0 83
1716803774433 84.0 84
1716804066303 85.0 85
1716804386281 86.0 86
1716804714148 87.0 87
1716804987269 88.0 88
1716805318424 89.0 89
1716805591138 90.0 90
1716805936684 91.0 91
1716806259452 92.0 92
1716806578002 93.0 93
1716806903348 94.0 94
1716807213549 95.0 95
1716807505436 96.0 96
1716807834779 97.0 97
1716808134185 98.0 98
1716808469760 99.0 99
1716808792955 100.0 100
1716809077233 101.0 101
1716809414355 102.0 102
1716809688887 103.0 103
1716810014288 104.0 104
1716810343056 105.0 105
1716810625355 106.0 106
1716810947629 107.0 107
1716811225280 108.0 108
1716811495380 109.0 109
1716811766091 110.0 110
1716812056529 111.0 111
1716812367756 112.0 112
1716812632022 113.0 113
1716812911282 114.0 114
1716813218779 115.0 115
1716813493689 116.0 116
1716813787642 117.0 117
1716814056472 118.0 118
1716814332655 119.0 119
1716814618686 120.0 120
1716814914967 121.0 121
1716815200465 122.0 122
1716815502433 123.0 123
1716815786777 124.0 124
1716816084804 125.0 125
1716816383167 126.0 126
1716816667930 127.0 127
1716816949816 128.0 128
1716817255721 129.0 129
1716817511556 130.0 130
1716817824445 131.0 131
1716818126865 132.0 132
1716818407042 133.0 133
1716818693066 134.0 134
1716818978866 135.0 135
1716819308273 136.0 136
1716819620671 137.0 137
1716819913544 138.0 138
1716820248065 139.0 139
1716820531746 140.0 140
1716820869172 141.0 141
1716821153221 142.0 142
1716821443813 143.0 143
1716821763219 144.0 144
1716822023780 145.0 145
1716822352580 146.0 146
1716822639899 147.0 147
1716822913201 148.0 148
1716823173787 149.0 149
1716823471550 150.0 150
1716823803520 151.0 151
1716824093160 152.0 152
1716824373164 153.0 153
1716824663442 154.0 154
1716824966645 155.0 155
1716825281852 156.0 156
1716825574656 157.0 157
1716825859306 158.0 158
1716826145954 159.0 159
1716826451011 160.0 160
1716826779346 161.0 161
1716827091063 162.0 162
1716827374049 163.0 163
1716827707594 164.0 164
1716827983499 165.0 165
1716828315692 166.0 166
1716828663145 167.0 167
1716828960230 168.0 168
1716829261558 169.0 169
1716829535891 170.0 170
1716829848719 171.0 171
1716830199237 172.0 172
1716830506164 173.0 173
1716830785448 174.0 174
1716831065985 175.0 175
1716831364297 176.0 176
1716831710080 177.0 177
1716831990556 178.0 178
1716832279617 179.0 179
1716832621115 180.0 180
1716832935500 181.0 181
1716833213775 182.0 182
1716833493908 183.0 183
1716833789474 184.0 184
1716834141140 185.0 185
1716834422149 186.0 186
1716834715179 187.0 187
1716835059633 188.0 188
1716835369668 189.0 189
1716835686568 190.0 190
1716836000383 191.0 191
1716836280379 192.0 192
1716836625858 193.0 193
1716836926405 194.0 194
1716837216689 195.0 195
1716837537209 196.0 196
1716837823470 197.0 197
1716838168340 198.0 198
1716838464977 199.0 199
1716838755610 200.0 200
1716839106205 201.0 201
1716839429718 202.0 202
1716839717132 203.0 203
1716840001271 204.0 204
1716840280619 205.0 205
1716840638330 206.0 206
1716840905836 207.0 207
1716841208148 208.0 208
1716841530255 209.0 209
1716841809275 210.0 210
1716842144802 211.0 211
1716842434982 212.0 212
1716842762214 213.0 213
1716843083137 214.0 214
1716843367450 215.0 215
1716843714493 216.0 216
1716844053161 217.0 217
1716844353079 218.0 218
1716844699045 219.0 219
1716844985564 220.0 220
1716845303248 221.0 221
1716845658955 222.0 222
1716845959390 223.0 223
1716846290410 224.0 224
1716846619125 225.0 225
1716846934648 226.0 226
1716847298790 227.0 227
1716847607482 228.0 228
1716847917182 229.0 229
1716848291295 230.0 230
1716848611708 231.0 231
1716848901349 232.0 232
1716849198944 233.0 233
1716849496038 234.0 234
1716849857657 235.0 235
1716850136906 236.0 236
1716850458097 237.0 237
1716850803401 238.0 238
1716851117382 239.0 239
1716851437191 240.0 240
1716851713504 241.0 241
1716852028716 242.0 242
1716852364816 243.0 243
1716852655814 244.0 244
1716853005847 245.0 245
1716853321180 246.0 246
1716853618154 247.0 247
1716853948747 248.0 248
1716854232975 249.0 249
1716854587587 250.0 250
1716854870881 251.0 251
1716855152820 252.0 252
1716855488063 253.0 253
1716855776094 254.0 254
1716856109232 255.0 255
1716856380209 256.0 256
1716856709980 257.0 257
1716857041307 258.0 258
1716857337407 259.0 259
1716857685102 260.0 260
1716858012737 261.0 261
1716858314213 262.0 262
1716858674174 263.0 263
1716858970715 264.0 264
1716859297876 265.0 265
1716859657868 266.0 266
1716860004430 267.0 267
1716860311963 268.0 268
1716860667639 269.0 269
1716860982014 270.0 270
1716861309380 271.0 271
1716861658109 272.0 272
1716861979566 273.0 273
1716862299166 274.0 274
1716862639017 275.0 275
1716862982220 276.0 276
1716863291109 277.0 277
1716863629680 278.0 278
1716863974867 279.0 279
1716864293874 280.0 280
1716864610366 281.0 281
1716864968205 282.0 282
1716865292836 283.0 283
1716865621688 284.0 284
1716865972432 285.0 285
1716866322104 286.0 286
1716866639205 287.0 287
1716866989073 288.0 288
1716867334544 289.0 289
1716867683868 290.0 290
1716868003927 291.0 291
1716868353606 292.0 292
1716868684397 293.0 293
1716869030262 294.0 294
1716869376364 295.0 295
1716869718443 296.0 296
1716870040290 297.0 297
1716870395341 298.0 298
1716870751759 299.0 299
