1716777635425 7095944.0 0
1716777915680 7095944.0 1
1716778180359 7095944.0 2
1716778459920 7095944.0 3
1716778762956 7095944.0 4
1716779132270 7095944.0 5
1716779415416 7095944.0 6
1716779722335 7095944.0 7
1716780086022 7095944.0 8
1716780383715 7095944.0 9
1716780719162 7095944.0 10
1716781025513 7095944.0 11
1716781331271 7095944.0 12
1716781710239 7095944.0 13
1716782016255 7095944.0 14
1716782320020 7095944.0 15
1716782671446 7095944.0 16
1716782963835 7095944.0 17
1716783316078 7095944.0 18
1716783663868 7095944.0 19
1716783943677 7095944.0 20
1716784292967 7095944.0 21
1716784622317 7095944.0 22
1716784953435 7095944.0 23
1716785304725 7095944.0 24
1716785605685 7095944.0 25
1716785885434 7095944.0 26
1716786253927 7095944.0 27
1716786539562 7095944.0 28
1716786842861 7095944.0 29
1716787178635 7095944.0 30
1716787460199 7095944.0 31
1716787820329 7095944.0 32
1716788107679 7095944.0 33
1716788396070 7095944.0 34
1716788767961 7095944.0 35
1716789038804 7095944.0 36
1716789359425 7095944.0 37
1716789715526 7095944.0 38
1716789987100 7095944.0 39
1716790329411 7095944.0 40
1716790594586 7095944.0 41
1716790929085 7095944.0 42
1716791274332 7095944.0 43
1716791547092 7095944.0 44
1716791873361 7095944.0 45
1716792134947 7095944.0 46
1716792462958 7095944.0 47
1716792814999 7095944.0 48
1716793080784 7095944.0 49
1716793400739 7095944.0 50
1716793708526 7095944.0 51
1716793989711 7095944.0 52
1716794336811 7095944.0 53
1716794624677 7095944.0 54
1716794907167 7095944.0 55
1716795235694 7095944.0 56
1716795542310 7095944.0 57
1716795853683 7095944.0 58
1716796156976 7095944.0 59
1716796435892 7095944.0 60
1716796783297 7095944.0 61
1716797066725 7095944.0 62
1716797355643 7095944.0 63
1716797695121 7095944.0 64
1716798013892 7095944.0 65
1716798298407 7095944.0 66
1716798587474 7095944.0 67
1716798869247 7095944.0 68
1716799213477 7095944.0 69
1716799531043 7095944.0 70
1716799810030 7095944.0 71
1716800088452 7095944.0 72
1716800379725 7095944.0 73
1716800733330 7095944.0 74
1716801001989 7095944.0 75
1716801311732 7095944.0 76
1716801622622 7095944.0 77
1716801911623 7095944.0 78
1716802236730 7095944.0 79
1716802518518 7095944.0 80
1716802852796 7095944.0 81
1716803154144 7095944.0 82
1716803438532 7095944.0 83
1716803774435 7095944.0 84
1716804066304 7095944.0 85
1716804386282 7095944.0 86
1716804714150 7095944.0 87
1716804987270 7095944.0 88
1716805318425 7095944.0 89
1716805591139 7095944.0 90
1716805936685 7095944.0 91
1716806259453 7095944.0 92
1716806578003 7095944.0 93
1716806903349 7095944.0 94
1716807213550 7095944.0 95
1716807505437 7095944.0 96
1716807834780 7095944.0 97
1716808134186 7095944.0 98
1716808469761 7095944.0 99
1716808792956 7095944.0 100
1716809077234 7095944.0 101
1716809414356 7095944.0 102
1716809688889 7095944.0 103
1716810014289 7095944.0 104
1716810343058 7095944.0 105
1716810625356 7095944.0 106
1716810947630 7095944.0 107
1716811225282 7095944.0 108
1716811495381 7095944.0 109
1716811766092 7095944.0 110
1716812056530 7095944.0 111
1716812367757 7095944.0 112
1716812632024 7095944.0 113
1716812911284 7095944.0 114
1716813218780 7095944.0 115
1716813493690 7095944.0 116
1716813787642 7095944.0 117
1716814056473 7095944.0 118
1716814332656 7095944.0 119
1716814618687 7095944.0 120
1716814914968 7095944.0 121
1716815200467 7095944.0 122
1716815502435 7095944.0 123
1716815786779 7095944.0 124
1716816084805 7095944.0 125
1716816383168 7095944.0 126
1716816667931 7095944.0 127
1716816949818 7095944.0 128
1716817255723 7095944.0 129
1716817511557 7095944.0 130
1716817824446 7095944.0 131
1716818126866 7095944.0 132
1716818407044 7095944.0 133
1716818693067 7095944.0 134
1716818978867 7095944.0 135
1716819308274 7095944.0 136
1716819620672 7095944.0 137
1716819913545 7095944.0 138
1716820248067 7095944.0 139
1716820531747 7095944.0 140
1716820869173 7095944.0 141
1716821153222 7095944.0 142
1716821443814 7095944.0 143
1716821763221 7095944.0 144
1716822023781 7095944.0 145
1716822352582 7095944.0 146
1716822639899 7095944.0 147
1716822913202 7095944.0 148
1716823173789 7095944.0 149
1716823471551 7095944.0 150
1716823803521 7095944.0 151
1716824093162 7095944.0 152
1716824373165 7095944.0 153
1716824663443 7095944.0 154
1716824966647 7095944.0 155
1716825281853 7095944.0 156
1716825574657 7095944.0 157
1716825859307 7095944.0 158
1716826145955 7095944.0 159
1716826451012 7095944.0 160
1716826779347 7095944.0 161
1716827091064 7095944.0 162
1716827374049 7095944.0 163
1716827707595 7095944.0 164
1716827983500 7095944.0 165
1716828315693 7095944.0 166
1716828663146 7095944.0 167
1716828960231 7095944.0 168
1716829261559 7095944.0 169
1716829535892 7095944.0 170
1716829848720 7095944.0 171
1716830199238 7095944.0 172
1716830506166 7095944.0 173
1716830785449 7095944.0 174
1716831065986 7095944.0 175
1716831364299 7095944.0 176
1716831710081 7095944.0 177
1716831990558 7095944.0 178
1716832279618 7095944.0 179
1716832621116 7095944.0 180
1716832935502 7095944.0 181
1716833213776 7095944.0 182
1716833493909 7095944.0 183
1716833789475 7095944.0 184
1716834141142 7095944.0 185
1716834422150 7095944.0 186
1716834715180 7095944.0 187
1716835059634 7095944.0 188
1716835369669 7095944.0 189
1716835686569 7095944.0 190
1716836000385 7095944.0 191
1716836280379 7095944.0 192
1716836625859 7095944.0 193
1716836926407 7095944.0 194
1716837216690 7095944.0 195
1716837537210 7095944.0 196
1716837823471 7095944.0 197
1716838168341 7095944.0 198
1716838464979 7095944.0 199
1716838755611 7095944.0 200
1716839106206 7095944.0 201
1716839429719 7095944.0 202
1716839717133 7095944.0 203
1716840001271 7095944.0 204
1716840280620 7095944.0 205
1716840638330 7095944.0 206
1716840905837 7095944.0 207
1716841208148 7095944.0 208
1716841530256 7095944.0 209
1716841809276 7095944.0 210
1716842144804 7095944.0 211
1716842434983 7095944.0 212
1716842762215 7095944.0 213
1716843083139 7095944.0 214
1716843367451 7095944.0 215
1716843714495 7095944.0 216
1716844053162 7095944.0 217
1716844353081 7095944.0 218
1716844699046 7095944.0 219
1716844985565 7095944.0 220
1716845303250 7095944.0 221
1716845658956 7095944.0 222
1716845959391 7095944.0 223
1716846290411 7095944.0 224
1716846619126 7095944.0 225
1716846934649 7095944.0 226
1716847298792 7095944.0 227
1716847607483 7095944.0 228
1716847917182 7095944.0 229
1716848291297 7095944.0 230
1716848611709 7095944.0 231
1716848901350 7095944.0 232
1716849198946 7095944.0 233
1716849496039 7095944.0 234
1716849857658 7095944.0 235
1716850136907 7095944.0 236
1716850458098 7095944.0 237
1716850803402 7095944.0 238
1716851117383 7095944.0 239
1716851437192 7095944.0 240
1716851713505 7095944.0 241
1716852028717 7095944.0 242
1716852364818 7095944.0 243
1716852655815 7095944.0 244
1716853005848 7095944.0 245
1716853321181 7095944.0 246
1716853618156 7095944.0 247
1716853948748 7095944.0 248
1716854232976 7095944.0 249
1716854587588 7095944.0 250
1716854870882 7095944.0 251
1716855152821 7095944.0 252
1716855488065 7095944.0 253
1716855776095 7095944.0 254
1716856109233 7095944.0 255
1716856380210 7095944.0 256
1716856709981 7095944.0 257
1716857041308 7095944.0 258
1716857337408 7095944.0 259
1716857685104 7095944.0 260
1716858012738 7095944.0 261
1716858314214 7095944.0 262
1716858674174 7095944.0 263
1716858970716 7095944.0 264
1716859297877 7095944.0 265
1716859657869 7095944.0 266
1716860004431 7095944.0 267
1716860311964 7095944.0 268
1716860667640 7095944.0 269
1716860982015 7095944.0 270
1716861309381 7095944.0 271
1716861658111 7095944.0 272
1716861979567 7095944.0 273
1716862299167 7095944.0 274
1716862639019 7095944.0 275
1716862982220 7095944.0 276
1716863291111 7095944.0 277
1716863629681 7095944.0 278
1716863974868 7095944.0 279
1716864293875 7095944.0 280
1716864610367 7095944.0 281
1716864968206 7095944.0 282
1716865292837 7095944.0 283
1716865621689 7095944.0 284
1716865972434 7095944.0 285
1716866322105 7095944.0 286
1716866639207 7095944.0 287
1716866989074 7095944.0 288
1716867334545 7095944.0 289
1716867683869 7095944.0 290
1716868003928 7095944.0 291
1716868353607 7095944.0 292
1716868684399 7095944.0 293
1716869030264 7095944.0 294
1716869376365 7095944.0 295
1716869718445 7095944.0 296
1716870040291 7095944.0 297
1716870395342 7095944.0 298
1716870751760 7095944.0 299
