1716777635411 1.2715942056282707 0
1716777915670 1.2112767077658488 1
1716778180351 1.1836369818319445 2
1716778459908 1.1660544658484666 3
1716778762943 1.1527119285386542 4
1716779132265 1.1484069947315299 5
1716779415411 1.1430042726190195 6
1716779722327 1.144887099771396 7
1716780086018 1.1464889230935469 8
1716780383710 1.1413625938736873 9
1716780719155 1.1455784300747125 10
1716781025507 1.1448519589460415 11
1716781331266 1.1433117826995642 12
1716781710235 1.144484182090863 13
1716782016251 1.141858918187411 14
1716782320010 1.1425358196315558 15
1716782671437 1.1411027671850247 16
1716782963825 1.14368523268596 17
1716783316074 1.1409001609553462 18
1716783663858 1.1413973910005197 19
1716783943672 1.1427550228393597 20
1716784292962 1.1394475623965263 21
1716784622313 1.1383552483242492 22
1716784953425 1.1383156326154005 23
1716785304719 1.140263132750988 24
1716785605675 1.1396761108999667 25
1716785885429 1.1398331720543944 26
1716786253922 1.1360176176480625 27
1716786539556 1.137986202278863 28
1716786842855 1.1355116205370945 29
1716787178628 1.1368941434699555 30
1716787460194 1.1354412786338641 31
1716787820323 1.1369493273289308 32
1716788107672 1.1343684896178867 33
1716788396060 1.1346811227824376 34
1716788767955 1.1362813228498334 35
1716789038798 1.1337796012344568 36
1716789359420 1.1345633621449056 37
1716789715516 1.1333268482400023 38
1716789987095 1.133479177303936 39
1716790329406 1.1282596215605736 40
1716790594576 1.1288629783236461 41
1716790929074 1.1289043170602426 42
1716791274326 1.1298330377625383 43
1716791547087 1.1280892079939013 44
1716791873356 1.130171610933283 45
1716792134936 1.1274998395339302 46
1716792462951 1.1269026340349861 47
1716792814989 1.1258402894372526 48
1716793080778 1.1236600257132365 49
1716793400730 1.1232389710519626 50
1716793708522 1.1253709449716236 51
1716793989701 1.120629842514577 52
1716794336802 1.1218782919256582 53
1716794624672 1.117530728811803 54
1716794907162 1.1178339956247287 55
1716795235689 1.1177279988060826 56
1716795542305 1.1162334107186482 57
1716795853677 1.116592338875584 58
1716796156971 1.117055553133073 59
1716796435881 1.1126301411701285 60
1716796783286 1.1141517521894497 61
1716797066716 1.1083877154666444 62
1716797355634 1.1098011511823405 63
1716797695115 1.1077092578229697 64
1716798013884 1.108103594702223 65
1716798298400 1.1053686452948528 66
1716798587466 1.1059860360363256 67
1716798869236 1.1043780705203181 68
1716799213467 1.1020878488602845 69
1716799531036 1.1025350832420846 70
1716799810026 1.0995533764362335 71
1716800088446 1.1010939125781474 72
1716800379717 1.1003096515069837 73
1716800733325 1.098573375331319 74
1716801001984 1.0975979663755582 75
1716801311727 1.099302390023418 76
1716801622611 1.0951897307582523 77
1716801911615 1.093087013648904 78
1716802236724 1.092279068801714 79
1716802518513 1.087773386227048 80
1716802852785 1.0906944663628289 81
1716803154135 1.088052840012571 82
1716803438525 1.0865065643320913 83
1716803774425 1.085122981797094 84
1716804066296 1.086533951046674 85
1716804386276 1.0862605513437935 86
1716804714140 1.0839397567121878 87
1716804987264 1.0800855036662973 88
1716805318421 1.0790923367375913 89
1716805591135 1.0809441701225613 90
1716805936680 1.0782426653996757 91
1716806259447 1.0782082129431807 92
1716806577997 1.0767967668564424 93
1716806903343 1.0756037964121155 94
1716807213540 1.0757322159150373 95
1716807505429 1.0719277651413628 96
1716807834774 1.0716540389086888 97
1716808134182 1.0720664602906809 98
1716808469756 1.068808792401915 99
1716808792950 1.0670482419107272 100
1716809077227 1.0680874910043634 101
1716809414350 1.0670246592034465 102
1716809688879 1.067081597512183 103
1716810014283 1.0650034103056658 104
1716810343049 1.0647080769033537 105
1716810625350 1.0621130505333776 106
1716810947625 1.0607994140490242 107
1716811225271 1.0607262804456379 108
1716811495366 1.0601080690065157 109
1716811766081 1.0596661496421564 110
1716812056523 1.055305132885342 111
1716812367747 1.0553393467612888 112
1716812632014 1.0564399445834367 113
1716812911275 1.0576860668218655 114
1716813218775 1.0544978958433089 115
1716813493685 1.0545384870923085 116
1716813787637 1.0543239332087662 117
1716814056463 1.0533268241130787 118
1716814332652 1.0535215498960537 119
1716814618681 1.0493396531952464 120
1716814914964 1.0498603232528851 121
1716815200461 1.048531847803489 122
1716815502425 1.0490312088766824 123
1716815786770 1.0485345123578673 124
1716816084798 1.04702394892988 125
1716816383162 1.044978236698586 126
1716816667926 1.0441286444016125 127
1716816949809 1.0445813458898794 128
1716817255711 1.0455664360652799 129
1716817511551 1.0427938675426918 130
1716817824441 1.042630766234968 131
1716818126860 1.0429312774668569 132
1716818407035 1.039902193714743 133
1716818693062 1.0411863393433716 134
1716818978863 1.0408680390404619 135
1716819308269 1.039875369195057 136
1716819620666 1.0373270506768122 137
1716819913540 1.0370197160088497 138
1716820248059 1.0372647404994653 139
1716820531741 1.036881412986828 140
1716820869168 1.0344869860488435 141
1716821153218 1.0354371057904286 142
1716821443809 1.0361429537120073 143
1716821763215 1.0328131159362586 144
1716822023772 1.0361904542407263 145
1716822352576 1.0346635248026121 146
1716822639894 1.0307309026627436 147
1716822913194 1.0334631580373514 148
1716823173781 1.0323048000750334 149
1716823471548 1.032425322610399 150
1716823803516 1.031107067575921 151
1716824093152 1.0334543256979922 152
1716824373161 1.0298513655105364 153
1716824663437 1.0297556048178154 154
1716824966638 1.030463239259046 155
1716825281849 1.0277574418679527 156
1716825574651 1.0304955287796 157
1716825859302 1.0260931204842485 158
1716826145949 1.0275495115505613 159
1716826451007 1.0253967830668325 160
1716826779343 1.0249989105631476 161
1716827091059 1.0286126463957455 162
1716827374046 1.027159328693929 163
1716827707586 1.0258024540608344 164
1716827983495 1.0239722374016824 165
1716828315687 1.0256915294929692 166
1716828663142 1.0230760767084102 167
1716828960226 1.0225909760464793 168
1716829261555 1.0247708301505316 169
1716829535887 1.0239604909134947 170
1716829848715 1.0209253438464974 171
1716830199234 1.0220171720113442 172
1716830506159 1.0209214147990164 173
1716830785443 1.0212244444891163 174
1716831065982 1.019963555685852 175
1716831364289 1.019182667946038 176
1716831710076 1.020772014623103 177
1716831990549 1.0207946622825188 178
1716832279613 1.0181502466616423 179
1716832621110 1.018542565729307 180
1716832935491 1.01962583285311 181
1716833213772 1.0174119906580967 182
1716833493903 1.0187886370264965 183
1716833789471 1.0166770694372447 184
1716834141133 1.015340825461823 185
1716834422144 1.019176896823489 186
1716834715175 1.0179997786231663 187
1716835059629 1.0157386263751464 188
1716835369664 1.0176372698143772 189
1716835686563 1.0181629646407522 190
1716836000379 1.0237069884720056 191
1716836280376 1.0234752138671668 192
1716836625854 1.0157185468984686 193
1716836926398 1.0206429381733355 194
1716837216686 1.016669793135446 195
1716837537205 1.0158312625211219 196
1716837823466 1.0117340306548968 197
1716838168336 1.0140703637962756 198
1716838464969 1.0130133300047854 199
1716838755607 1.011970655263766 200
1716839106202 1.0120866450926531 201
1716839429713 1.014365411646988 202
1716839717128 1.0132918979810632 203
1716840001266 1.0104708448052406 204
1716840280615 1.0131504895246548 205
1716840638325 1.0137002758033897 206
1716840905831 1.0119000219780465 207
1716841208144 1.0115435562379982 208
1716841530252 1.0111791267991066 209
1716841809268 1.012614905996167 210
1716842144798 1.0111603087381176 211
1716842434979 1.011131002203278 212
1716842762210 1.022553715692914 213
1716843083133 1.0117180146600888 214
1716843367445 1.0071375849454298 215
1716843714484 1.0077825441308643 216
1716844053156 1.0072539061631844 217
1716844353072 1.011943981051445 218
1716844699041 1.0203217729602172 219
1716844985559 1.00911813877199 220
1716845303243 1.0079756586448005 221
1716845658951 1.0079112619809483 222
1716845959385 1.0069414229820604 223
1716846290406 1.0068788555977137 224
1716846619121 1.0074743134496005 225
1716846934644 1.0050624272097712 226
1716847298782 1.0058616174627906 227
1716847607477 1.0075133940123993 228
1716847917178 1.008514482204033 229
1716848291286 1.0077965672573317 230
1716848611705 1.0063426562625428 231
1716848901344 1.0114574919900168 232
1716849198935 1.009179345453563 233
1716849496033 1.0052922450653885 234
1716849857652 1.0054384009993595 235
1716850136902 1.004779142530068 236
1716850458092 1.0043093609097211 237
1716850803396 1.005272137730018 238
1716851117378 1.0032634927850703 239
1716851437185 1.0048253625307395 240
1716851713500 1.0049080215394497 241
1716852028711 1.0031079509012077 242
1716852364807 1.0047577178996543 243
1716852655808 1.0056253219752207 244
1716853005843 1.00669409253675 245
1716853321176 1.0109738300999869 246
1716853618147 1.0083765337324662 247
1716853948743 1.0043338728339777 248
1716854232971 1.0035965222379435 249
1716854587582 1.0014470506297506 250
1716854870876 1.0025516421250675 251
1716855152815 1.0017038125382818 252
1716855488054 1.0012652159708997 253
1716855776090 1.00173369795084 254
1716856109229 0.9996681354292061 255
1716856380205 1.0005601228255292 256
1716856709975 1.001329278168471 257
1716857041298 1.0018570450660975 258
1716857337404 1.0097390889473583 259
1716857685095 0.999151919361042 260
1716858012734 0.9991414922734966 261
1716858314209 1.0059809456376925 262
1716858674170 1.0017622195832108 263
1716858970710 0.9992505818929361 264
1716859297873 1.001232727876176 265
1716859657864 0.998375526426927 266
1716860004424 0.9973202725143536 267
1716860311958 1.0018647693745468 268
1716860667632 1.0004686063722423 269
1716860982005 0.9991918431352014 270
1716861309372 0.9985895147142203 271
1716861658100 1.0054625405565552 272
1716861979559 0.9981693022924921 273
1716862299160 0.9972782436272373 274
1716862639011 0.9974593337139358 275
1716862982216 0.9972001369232717 276
1716863291100 0.9972943817467793 277
1716863629674 0.9951882566446844 278
1716863974861 0.9947995530522388 279
1716864293870 0.9981790991581004 280
1716864610362 1.004637042141479 281
1716864968200 0.9970310080958449 282
1716865292832 0.9988919357242791 283
1716865621683 1.0013055848362653 284
1716865972426 0.9966770439692165 285
1716866322100 0.9946929498211198 286
1716866639196 0.9955282102784385 287
1716866989068 0.9958639224262341 288
1716867334542 0.9953043287538964 289
1716867683863 0.9962555958848932 290
1716868003922 0.9982049597994141 291
1716868353603 0.9935998009598773 292
1716868684388 0.9957630057697711 293
1716869030256 0.9954300582732843 294
1716869376359 0.9940022079517012 295
1716869718437 0.9967553515149199 296
1716870040285 0.9974319482951061 297
1716870395336 0.9967995784852816 298
1716870751755 0.9947916487960712 299
