1716777635407 1.0000000000000025e-05 0
1716777915665 1.0000000000000025e-05 1
1716778180348 8.003124999999968e-06 2
1716778459903 6.0062500000000604e-06 3
1716778762938 4.009374999999988e-06 4
1716779132263 2.0124999999999833e-06 5
1716779415408 2.2466619467402448e-08 6
1716779722323 2.5475941674487975e-08 7
1716780086015 2.903163323102732e-08 8
1716780383708 3.3133304215366015e-08 9
1716780719152 3.778050483306144e-08 10
1716781025505 4.297272546619879e-08 11
1716781331264 4.870939672927125e-08 12
1716781710234 5.49898895316292e-08 13
1716782016249 6.181351514646609e-08 14
1716782320005 6.917952528633214e-08 15
1716782671433 7.708711218521171e-08 16
1716782963820 8.553540868708854e-08 17
1716783316072 9.452348834105113e-08 18
1716783663853 1.0405036550287583e-07 19
1716783943670 1.1411499544312158e-07 20
1716784292960 1.2471627446170628e-07 21
1716784622310 1.358530400089085e-07 22
1716784953421 1.475240708128939e-07 23
1716785304717 1.5972808701361503e-07 24
1716785605671 1.724637503031639e-07 25
1716785885426 1.8572966407254309e-07 26
1716786253920 1.9952437356481683e-07 27
1716786539554 2.1384636603463626e-07 28
1716786842854 2.286940709141318e-07 29
1716787178625 2.4406585998515125e-07 30
1716787460192 2.599600475577902e-07 31
1716787820321 2.7637489065527124e-07 32
1716788107668 2.933085892050718e-07 33
1716788396055 3.1075928623633015e-07 34
1716788767953 3.287250680834453e-07 35
1716789038797 3.47203964596002e-07 36
1716789359419 3.6619394935474757e-07 37
1716789715512 3.856929398938512e-07 38
1716789987093 4.056987979292807e-07 39
1716790329404 4.262093295932499e-07 40
1716790594571 4.4722228567482944e-07 41
1716790929070 4.687353618665841e-07 42
1716791274324 4.907461990172981e-07 43
1716791547085 5.132523833906086e-07 44
1716791873354 5.362514469298027e-07 45
1716792134931 5.59740867528378e-07 46
1716792462949 5.837180693066703e-07 47
1716792814984 6.081804228942952e-07 48
1716793080775 6.331252457185211e-07 49
1716793400725 6.585498022984265e-07 50
1716793708521 6.844513045448764e-07 51
1716793989697 7.108269120662543e-07 52
1716794336797 7.376737324799665e-07 53
1716794624670 7.649888217296421e-07 54
1716794907159 7.927691844079053e-07 55
1716795235687 8.210117740849533e-07 56
1716795542303 8.497134936425584e-07 57
1716795853674 8.788711956137128e-07 58
1716796156970 9.084816825278342e-07 59
1716796435877 9.385417072613598e-07 60
1716796783281 9.690479733938212e-07 61
1716797066712 9.999971355693637e-07 62
1716797355630 1.031385799863593e-06 63
1716797695113 1.0632105241557284e-06 64
1716798013881 1.0954678185061582e-06 65
1716798298398 1.1281541455390317e-06 66
1716798587462 1.1612659208302357e-06 67
1716798869231 1.194799513300497e-06 68
1716799213463 1.228751245613497e-06 69
1716799531034 1.2631173945791842e-06 70
1716799810024 1.297894191562077e-06 71
1716800088444 1.3330778228944585e-06 72
1716800379711 1.3686644302946676e-06 73
1716800733323 1.404650111290203e-06 74
1716801001981 1.441030919645612e-06 75
1716801311724 1.4778028657952769e-06 76
1716801622605 1.5149619172809396e-06 77
1716801911611 1.5525039991938312e-06 78
1716802236721 1.5904249946216246e-06 79
1716802518511 1.6287207450998334e-06 80
1716802852780 1.667387051067888e-06 81
1716803154129 1.7064196723295887e-06 82
1716803438522 1.745814328518149e-06 83
1716803774421 1.7855666995655862e-06 84
1716804066294 1.8256724261764752e-06 85
1716804386274 1.8661271103058944e-06 86
1716804714135 1.90692631564189e-06 87
1716804987262 1.948065568091773e-06 88
1716805318419 1.989540356272978e-06 89
1716805591133 2.0313461320075974e-06 90
1716805936679 2.0734783108211794e-06 91
1716806259446 2.1159322724455386e-06 92
1716806577994 2.1587033613253864e-06 93
1716806903341 2.2017868871288e-06 94
1716807213536 2.24517812526173e-06 95
1716807505426 2.288872317385913e-06 96
1716807834772 2.3328646719407834e-06 97
1716808134180 2.37715036466895e-06 98
1716808469754 2.4217245391450847e-06 99
1716808792948 2.4665823073087004e-06 100
1716809077224 2.5117187500000123e-06 101
1716809414348 2.557128917499428e-06 102
1716809688875 2.602807830070321e-06 103
1716810014282 2.648750478505253e-06 104
1716810343043 2.694951824675084e-06 105
1716810625348 2.7414068020814956e-06 106
1716810947624 2.7881103164127636e-06 107
1716811225267 2.8350572461022258e-06 108
1716811495361 2.882242442890016e-06 109
1716811766077 2.9296607323875374e-06 110
1716812056520 2.9773069146450246e-06 111
1716812367743 3.0251757647216806e-06 112
1716812632009 3.07326203325864e-06 113
1716812911271 3.1215604470546773e-06 114
1716813218772 3.1700657096444514e-06 115
1716813493682 3.2187725018793173e-06 116
1716813787634 3.2676754825105994e-06 117
1716814056459 3.316769288775446e-06 118
1716814332650 3.366048536984718e-06 119
1716814618678 3.415507823113528e-06 120
1716814914962 3.4651417233938258e-06 121
1716815200458 3.514944794909071e-06 122
1716815502420 3.564911576191242e-06 123
1716815786765 3.6150365878197936e-06 124
1716816084796 3.6653143330222084e-06 125
1716816383159 3.7157392982772397e-06 126
1716816667925 3.7663059539192003e-06 127
1716816949806 3.817008754744453e-06 128
1716817255707 3.867842140619456e-06 129
1716817511549 3.918800537090712e-06 130
1716817824440 3.9698783559957264e-06 131
1716818126857 4.021069996076094e-06 132
1716818407030 4.072369843591596e-06 133
1716818693061 4.123772272935842e-06 134
1716818978861 4.1752716472532246e-06 135
1716819308268 4.226862319056994e-06 136
1716819620665 4.278538630848607e-06 137
1716819913539 4.330294915738136e-06 138
1716820248056 4.382125498065707e-06 139
1716820531739 4.434024694023928e-06 140
1716820869165 4.485986812281013e-06 141
1716821153216 4.5380061546052005e-06 142
1716821443807 4.590077016489436e-06 143
1716821763213 4.642193687776927e-06 144
1716822023768 4.6943504532872365e-06 145
1716822352574 4.746541593443408e-06 146
1716822639892 4.798761384898779e-06 147
1716822913189 4.851004101164663e-06 148
1716823173778 4.903264013238522e-06 149
1716823471546 4.955535390232201e-06 150
1716823803514 5.0078125000000175e-06 151
1716824093148 5.060089609767829e-06 152
1716824373159 5.1123609867614116e-06 153
1716824663434 5.164620898835367e-06 154
1716824966634 5.216863615101251e-06 155
1716825281846 5.269083406556597e-06 156
1716825574649 5.321274546712768e-06 157
1716825859299 5.373431312223071e-06 158
1716826145948 5.4255479835104924e-06 159
1716826451004 5.4776188453947355e-06 160
1716826779341 5.529638187719017e-06 161
1716827091057 5.5816003059760985e-06 162
1716827374044 5.633499501934289e-06 163
1716827707581 5.685330084261873e-06 164
1716827983493 5.737086369151428e-06 165
1716828315685 5.788762680943013e-06 166
1716828663140 5.8403533527468105e-06 167
1716828960225 5.891852727064171e-06 168
1716829261553 5.943255156408415e-06 169
1716829535884 5.994555003923943e-06 170
1716829848714 6.045746644004279e-06 171
1716830199232 6.096824462909294e-06 172
1716830506156 6.147782859380545e-06 173
1716830785441 6.1986162452555725e-06 174
1716831065980 6.249319046080799e-06 175
1716831364284 6.299885701722735e-06 176
1716831710074 6.350310666977803e-06 177
1716831990544 6.400588412180238e-06 178
1716832279611 6.450713423808739e-06 179
1716832621106 6.5006802050909895e-06 180
1716832935487 6.550483276606198e-06 181
1716833213770 6.600117176886485e-06 182
1716833493901 6.64957646301527e-06 183
1716833789469 6.6988557112245335e-06 184
1716834141129 6.747949517489424e-06 185
1716834422142 6.796852498120632e-06 186
1716834715173 6.845559290355497e-06 187
1716835059628 6.894064552945354e-06 188
1716835369662 6.942362966741375e-06 189
1716835686561 6.990449235278315e-06 190
1716836000377 7.038318085354949e-06 191
1716836280373 7.0859642676124045e-06 192
1716836625850 7.133382557110002e-06 193
1716836926396 7.180567753897735e-06 194
1716837216684 7.227514683587256e-06 195
1716837537203 7.274218197918479e-06 196
1716837823464 7.320673175324879e-06 197
1716838168334 7.366874521494696e-06 198
1716838464964 7.412817169929704e-06 199
1716838755605 7.458496082500599e-06 200
1716839106200 7.5039062499999575e-06 201
1716839429711 7.549042692691319e-06 202
1716839717126 7.593900460854934e-06 203
1716840001264 7.638474635331067e-06 204
1716840280612 7.682760328059246e-06 205
1716840638323 7.726752682614122e-06 206
1716840905829 7.770446874738289e-06 207
1716841208143 7.813838112871237e-06 208
1716841530251 7.856921638674645e-06 209
1716841809264 7.899692727554476e-06 210
1716842144796 7.942146689178854e-06 211
1716842434978 7.984278867992436e-06 212
1716842762208 8.026084643726987e-06 213
1716843083131 8.067559431908271e-06 214
1716843367443 8.108698684358066e-06 215
1716843714479 8.14949788969414e-06 216
1716844053153 8.18995257382356e-06 217
1716844353067 8.23005830043446e-06 218
1716844699040 8.269810671481787e-06 219
1716844985556 8.309205327670413e-06 220
1716845303241 8.348237948932165e-06 221
1716845658949 8.386904254900119e-06 222
1716845959383 8.425200005378409e-06 223
1716846290404 8.463121000806248e-06 224
1716846619119 8.500663082719098e-06 225
1716846934642 8.537822134204757e-06 226
1716847298777 8.574594080354364e-06 227
1716847607475 8.610974888709757e-06 228
1716847917176 8.646960569705247e-06 229
1716848291281 8.682547177105576e-06 230
1716848611704 8.717730808437867e-06 231
1716848901341 8.752507605420794e-06 232
1716849198933 8.786873754386452e-06 233
1716849496031 8.820825486699492e-06 234
1716849857650 8.854359079169712e-06 235
1716850136901 8.887470854460946e-06 236
1716850458090 8.920157181493875e-06 237
1716850803394 8.952414475844274e-06 238
1716851117377 8.984239200136367e-06 239
1716851437183 9.015627864430702e-06 240
1716851713498 9.046577026606158e-06 241
1716852028709 9.077083292738696e-06 242
1716852364802 9.10714331747211e-06 243
1716852655806 9.136753804386367e-06 244
1716853005841 9.16591150635749e-06 245
1716853321174 9.194613225915053e-06 246
1716853618142 9.222855815592133e-06 247
1716853948740 9.250636178270362e-06 248
1716854232969 9.277951267519977e-06 249
1716854587580 9.304798087933755e-06 250
1716854870873 9.331173695455157e-06 251
1716855152813 9.357075197701568e-06 252
1716855488050 9.382499754281438e-06 253
1716855776088 9.407444577105623e-06 254
1716856109227 9.43190693069327e-06 255
1716856380204 9.455884132471569e-06 256
1716856709973 9.479373553070165e-06 257
1716857041294 9.50237261660933e-06 258
1716857337402 9.52487880098275e-06 259
1716857685091 9.54688963813348e-06 260
1716858012732 9.56840271432516e-06 261
1716858314207 9.589415670406804e-06 262
1716858674167 9.609926202070693e-06 263
1716858970707 9.629932060106213e-06 264
1716859297871 9.649431050645288e-06 265
1716859657862 9.668421035404025e-06 266
1716860004422 9.686899931916493e-06 267
1716860311956 9.704865713763736e-06 268
1716860667630 9.722316410794905e-06 269
1716860982001 9.73925010934465e-06 270
1716861309368 9.755664952442242e-06 271
1716861658095 9.771559140014781e-06 272
1716861979556 9.786930929085893e-06 273
1716862299157 9.801778633965312e-06 274
1716862639009 9.816100626435213e-06 275
1716862982214 9.829895335927526e-06 276
1716863291096 9.84316124969691e-06 277
1716863629672 9.855896912986293e-06 278
1716863974859 9.868100929187028e-06 279
1716864293868 9.879771959991115e-06 280
1716864610361 9.890908725538235e-06 281
1716864968199 9.901510004556904e-06 282
1716865292830 9.911574634497137e-06 283
1716865621681 9.92110151165889e-06 284
1716865972422 9.930089591312996e-06 285
1716866322099 9.938537887814742e-06 286
1716866639191 9.946445474713713e-06 287
1716866989065 9.953811484853636e-06 288
1716867334540 9.960635110468385e-06 289
1716867683861 9.966915603270772e-06 290
1716868003920 9.972652274533857e-06 291
1716868353601 9.97784449516693e-06 292
1716868684383 9.982491695784713e-06 293
1716869030255 9.986593366768942e-06 294
1716869376357 9.99014905832557e-06 295
1716869718435 9.993158380532546e-06 296
1716870040284 9.995621003384182e-06 297
1716870395334 9.99753665682573e-06 298
1716870751754 9.998905130784657e-06 299
