1710498759927 25488584.0 0
1710498826979 25488584.0 1
1710498894909 25488584.0 2
1710498960455 25488584.0 3
1710499028974 25488584.0 4
1710499094980 25488584.0 5
1710499163123 25488584.0 6
1710499233981 25488584.0 7
1710499304824 25488584.0 8
1710499374754 25488584.0 9
1710499444708 25488584.0 10
1710499511384 25488584.0 11
1710499579879 25488584.0 12
1710499649856 25488584.0 13
1710499717982 25488584.0 14
1710499786646 25488584.0 15
1710499855717 25488584.0 16
1710499923596 25488584.0 17
1710499991264 25488584.0 18
1710500059975 25488584.0 19
1710500128935 25488584.0 20
