1710498759919 5.351454140051551 0
1710498826971 5.337358165046443 1
1710498894901 5.343848933344302 2
1710498960446 5.328452913657479 3
1710499028965 5.334286961866462 4
1710499094972 5.326430302599202 5
1710499163114 5.319749900828237 6
1710499233968 5.306075460237006 7
1710499304815 5.292488808217256 8
1710499374743 5.294354932463688 9
1710499444698 5.2723453511362495 10
1710499511375 5.264598841252535 11
1710499579870 5.257589776878771 12
1710499649846 5.246563802594724 13
1710499717972 5.232701318419498 14
1710499786637 5.218922394773235 15
1710499855707 5.223055857679118 16
1710499923586 5.217307636271352 17
1710499991255 5.212111903273541 18
1710500059966 5.200808508240658 19
1710500128927 5.204474038403967 20
