1710498759915 1.0000000000000067e-06 0
1710498826967 1.0000000000000067e-06 1
1710498894897 7.050000000000037e-06 2
1710498960442 1.3099999999999995e-05 3
1710499028961 1.9149999999999913e-05 4
1710499094967 2.520000000000008e-05 5
1710499163109 3.1235438806767474e-05 6
1710499233963 3.122903398955025e-05 7
1710499304811 3.1221466320509704e-05 8
1710499374738 3.121273662952581e-05 9
1710499444694 3.1202845873907834e-05 10
1710499511371 3.1191795138287956e-05 11
1710499579865 3.117958563450414e-05 12
1710499649842 3.116621870146625e-05 13
1710499717968 3.1151695805009185e-05 14
1710499786632 3.113601853773157e-05 15
1710499855703 3.111918861882328e-05 16
1710499923582 3.110120789387427e-05 17
1710499991251 3.108207833467332e-05 18
1710500059962 3.106180203899255e-05 19
1710500128922 3.1040381230355845e-05 20
