1716463324052 0.0 0
1716463824798 1.0 1
1716464257172 2.0 2
1716464685073 3.0 3
1716465151171 4.0 4
1716465630093 5.0 5
1716466112643 6.0 6
1716466633312 7.0 7
1716467111861 8.0 8
1716467586318 9.0 9
1716468006992 10.0 10
1716468406613 11.0 11
1716468865392 12.0 12
1716469353563 13.0 13
1716469904624 14.0 14
1716470414612 15.0 15
1716470910716 16.0 16
1716471368228 17.0 17
1716471749390 18.0 18
1716472123953 19.0 19
1716472496022 20.0 20
1716472774574 21.0 21
1716473010738 22.0 22
1716473182672 23.0 23
1716473424629 24.0 24
1716473596488 25.0 25
1716473816778 26.0 26
1716474019941 27.0 27
1716474191092 28.0 28
1716474393735 29.0 29
1716474597070 30.0 30
1716474751247 31.0 31
1716474907567 32.0 32
1716475063974 33.0 33
1716475220253 34.0 34
1716475376664 35.0 35
1716475532959 36.0 36
1716475689554 37.0 37
1716475846362 38.0 38
1716476002755 39.0 39
1716476159071 40.0 40
1716476315266 41.0 41
1716476471161 42.0 42
1716476627289 43.0 43
1716476783019 44.0 44
1716476939165 45.0 45
1716477095327 46.0 46
1716477252441 47.0 47
1716477408838 48.0 48
1716477564454 49.0 49
