1716463324053 7095944.0 0
1716463824800 7095944.0 1
1716464257173 7095944.0 2
1716464685075 7095944.0 3
1716465151172 7095944.0 4
1716465630094 7095944.0 5
1716466112644 7095944.0 6
1716466633314 7095944.0 7
1716467111863 7095944.0 8
1716467586320 7095944.0 9
1716468006993 7095944.0 10
1716468406613 7095944.0 11
1716468865393 7095944.0 12
1716469353564 7095944.0 13
1716469904625 7095944.0 14
1716470414613 7095944.0 15
1716470910717 7095944.0 16
1716471368228 7095944.0 17
1716471749391 7095944.0 18
1716472123955 7095944.0 19
1716472496024 7095944.0 20
1716472774576 7095944.0 21
1716473010739 7095944.0 22
1716473182673 7095944.0 23
1716473424630 7095944.0 24
1716473596489 7095944.0 25
1716473816779 7095944.0 26
1716474019943 7095944.0 27
1716474191093 7095944.0 28
1716474393736 7095944.0 29
1716474597071 7095944.0 30
1716474751249 7095944.0 31
1716474907569 7095944.0 32
1716475063976 7095944.0 33
1716475220255 7095944.0 34
1716475376666 7095944.0 35
1716475532961 7095944.0 36
1716475689556 7095944.0 37
1716475846364 7095944.0 38
1716476002757 7095944.0 39
1716476159073 7095944.0 40
1716476315267 7095944.0 41
1716476471163 7095944.0 42
1716476627291 7095944.0 43
1716476783021 7095944.0 44
1716476939166 7095944.0 45
1716477095328 7095944.0 46
1716477252443 7095944.0 47
1716477408840 7095944.0 48
1716477564456 7095944.0 49
