1716463324050 1.2715864281939424 0
1716463824790 1.2111634615322817 1
1716464257169 1.1835374181037364 2
1716464685065 1.1660048602067905 3
1716465151161 1.1526835450659627 4
1716465630090 1.1484365404947945 5
1716466112638 1.142178559432859 6
1716466633306 1.1435483927312105 7
1716467111852 1.144215021768342 8
1716467586310 1.1383741598414339 9
1716468006985 1.141571209806463 10
1716468406609 1.1398242511179135 11
1716468865387 1.1364654639492864 12
1716469353554 1.1360964055942453 13
1716469904619 1.1317736794767173 14
1716470414605 1.13058765426926 15
1716470910713 1.1263916466547095 16
1716471368225 1.1274855583906174 17
1716471749387 1.122473148872023 18
1716472123944 1.120551011160664 19
1716472496018 1.1184696250635644 20
1716472774565 1.1127220466732979 21
1716473010734 1.1093769248413003 22
1716473182667 1.1059167705800221 23
1716473424624 1.105839783406776 24
1716473596483 1.1029828417560328 25
1716473816771 1.1005307073178499 26
1716474019938 1.0941554071462674 27
1716474191087 1.093813120023064 28
1716474393731 1.089318612995355 29
1716474597061 1.088612128858981 30
1716474751239 1.0843513109113858 31
1716474907559 1.0841523379735325 32
1716475063965 1.0813323800330576 33
1716475220244 1.081576857553876 34
1716475376655 1.079276369317718 35
1716475532950 1.0945967147531717 36
1716475689544 1.0749734896032705 37
1716475846354 1.0755412149364534 38
1716476002747 1.073404586509518 39
1716476159062 1.0662916780489942 40
1716476315257 1.0646460398059825 41
1716476471154 1.062522538330244 42
1716476627279 1.0620982766799305 43
1716476783011 1.0597084171098212 44
1716476939156 1.0614268761938033 45
1716477095317 1.0734735967024513 46
1716477252433 1.0603576858082544 47
1716477408830 1.0577949917186862 48
1716477564445 1.053957482556934 49
