1716463324048 1.0000000000000025e-05 0
1716463824785 1.0000000000000025e-05 1
1716464257167 8.003124999999968e-06 2
1716464685060 6.0062500000000604e-06 3
1716465151156 4.009374999999988e-06 4
1716465630088 2.0124999999999833e-06 5
1716466112636 2.599600475577902e-07 6
1716466633302 3.6619394935474757e-07 7
1716467111847 4.907461990172981e-07 8
1716467586306 6.331252457185211e-07 9
1716468006982 7.927691844079053e-07 10
1716468406608 9.690479733938212e-07 11
1716468865383 1.1612659208302357e-06 12
1716469353550 1.3686644302946676e-06 13
1716469904617 1.5904249946216246e-06 14
1716470414600 1.8256724261764752e-06 15
1716470910712 2.073478310821179e-06 16
1716471368223 2.3328646719407834e-06 17
1716471749385 2.602807830070321e-06 18
1716472123939 2.882242442890016e-06 19
1716472496015 3.1700657096444514e-06 20
1716472774561 3.4651417233938258e-06 21
1716473010732 3.7663059539192003e-06 22
1716473182665 4.072369843591596e-06 23
1716473424622 4.382125498065707e-06 24
1716473596481 4.6943504532872365e-06 25
1716473816769 5.0078125000000175e-06 26
1716474019936 5.321274546712768e-06 27
1716474191085 5.633499501934289e-06 28
1716474393729 5.943255156408415e-06 29
1716474597056 6.249319046080799e-06 30
1716474751234 6.550483276606198e-06 31
1716474907554 6.845559290355497e-06 32
1716475063961 7.133382557110002e-06 33
1716475220239 7.412817169929704e-06 34
1716475376650 7.682760328059246e-06 35
1716475532946 7.942146689178854e-06 36
1716475689539 8.18995257382356e-06 37
1716475846349 8.425200005378409e-06 38
1716476002743 8.646960569705247e-06 39
1716476159057 8.854359079169712e-06 40
1716476315252 9.046577026606158e-06 41
1716476471149 9.222855815592133e-06 42
1716476627274 9.382499754281438e-06 43
1716476783006 9.52487880098275e-06 44
1716476939151 9.649431050645288e-06 45
1716477095313 9.755664952442242e-06 46
1716477252428 9.84316124969691e-06 47
1716477408826 9.911574634497137e-06 48
1716477564440 9.960635110468385e-06 49
