1710927990440 0.0 0
1710928328518 1.0 1
1710928665406 2.0 2
1710929002242 3.0 3
1710929337622 4.0 4
1710929672948 5.0 5
1710930007727 6.0 6
1710930340892 7.0 7
1710930673956 8.0 8
1710931008034 9.0 9
1710931341742 10.0 10
1710931675509 11.0 11
1710932009175 12.0 12
1710932342890 13.0 13
1710932676528 14.0 14
1710933008916 15.0 15
1710933341087 16.0 16
1710933673668 17.0 17
1710934005957 18.0 18
1710934337052 19.0 19
1710934669528 20.0 20
1710934999281 21.0 21
1710935329714 22.0 22
1710935661450 23.0 23
1710935991800 24.0 24
1710936321853 25.0 25
1710936651403 26.0 26
1710936981020 27.0 27
1710937311699 28.0 28
1710937642393 29.0 29
1710937974574 30.0 30
1710938305626 31.0 31
1710938637287 32.0 32
1710938967936 33.0 33
1710939298461 34.0 34
1710939629608 35.0 35
1710939960884 36.0 36
1710940292215 37.0 37
1710940622126 38.0 38
1710940951966 39.0 39
1710941281445 40.0 40
1710941610641 41.0 41
1710941939120 42.0 42
1710942267385 43.0 43
1710942595031 44.0 44
1710942923544 45.0 45
1710943251064 46.0 46
1710943579570 47.0 47
1710943907884 48.0 48
1710944236314 49.0 49
1710944564451 50.0 50
1710944893982 51.0 51
1710945220569 52.0 52
1710945548105 53.0 53
1710945876016 54.0 54
1710946203490 55.0 55
1710946529972 56.0 56
1710946856251 57.0 57
1710947183581 58.0 58
1710947510907 59.0 59
1710947837662 60.0 60
1710948164819 61.0 61
1710948492206 62.0 62
1710948819550 63.0 63
1710949146119 64.0 64
1710949473153 65.0 65
1710949800194 66.0 66
1710950127387 67.0 67
1710950454445 68.0 68
1710950780216 69.0 69
1710951106783 70.0 70
1710951432638 71.0 71
1710951761458 72.0 72
1710952089241 73.0 73
1710952416146 74.0 74
1710952742002 75.0 75
1710953069124 76.0 76
1710953395272 77.0 77
1710953722441 78.0 78
1710954049201 79.0 79
1710954376671 80.0 80
1710954702501 81.0 81
1710955028020 82.0 82
1710955354246 83.0 83
1710955680673 84.0 84
1710956007392 85.0 85
1710956333456 86.0 86
1710956658989 87.0 87
1710956984800 88.0 88
1710957311115 89.0 89
1710957636116 90.0 90
1710957960460 91.0 91
1710958284875 92.0 92
1710958610516 93.0 93
1710958935056 94.0 94
1710959260017 95.0 95
1710959585432 96.0 96
1710959910228 97.0 97
1710960234551 98.0 98
1710960559051 99.0 99
1710960883492 100.0 100
1710961208954 101.0 101
1710961534055 102.0 102
1710961859083 103.0 103
1710962184061 104.0 104
1710962509169 105.0 105
1710962833669 106.0 106
1710963158146 107.0 107
1710963482097 108.0 108
1710963806858 109.0 109
1710964133550 110.0 110
1710964458209 111.0 111
1710964783457 112.0 112
1710965109329 113.0 113
1710965433194 114.0 114
1710965758713 115.0 115
1710966083280 116.0 116
1710966406915 117.0 117
1710966731492 118.0 118
1710967055668 119.0 119
1710967379471 120.0 120
1710967704164 121.0 121
1710968027403 122.0 122
1710968350377 123.0 123
1710968673725 124.0 124
1710968997376 125.0 125
1710969321097 126.0 126
1710969644265 127.0 127
1710969967530 128.0 128
1710970291754 129.0 129
1710970615802 130.0 130
1710970939251 131.0 131
1710971263162 132.0 132
1710971586977 133.0 133
1710971910259 134.0 134
1710972233096 135.0 135
1710972555967 136.0 136
1710972879283 137.0 137
1710973202511 138.0 138
1710973526156 139.0 139
1710973849370 140.0 140
1710974172573 141.0 141
1710974496409 142.0 142
1710974819792 143.0 143
1710975143039 144.0 144
1710975465200 145.0 145
1710975788481 146.0 146
1710976111463 147.0 147
1710976434564 148.0 148
1710976757705 149.0 149
1710977079659 150.0 150
1710977402280 151.0 151
1710977724922 152.0 152
1710978047810 153.0 153
1710978371206 154.0 154
1710978694782 155.0 155
1710979018968 156.0 156
1710979344568 157.0 157
1710979669664 158.0 158
1710979994939 159.0 159
1710980321189 160.0 160
1710980647555 161.0 161
1710980973574 162.0 162
1710981298994 163.0 163
1710981625029 164.0 164
1710981951480 165.0 165
1710982276940 166.0 166
1710982602163 167.0 167
1710982928195 168.0 168
1710983253870 169.0 169
1710983580464 170.0 170
1710983907570 171.0 171
1710984233823 172.0 172
1710984560534 173.0 173
1710984887318 174.0 174
1710985213929 175.0 175
1710985541130 176.0 176
1710985869352 177.0 177
1710986196973 178.0 178
1710986525356 179.0 179
1710986853887 180.0 180
1710987181839 181.0 181
1710987510545 182.0 182
1710987838749 183.0 183
1710988167980 184.0 184
1710988497933 185.0 185
1710988827807 186.0 186
1710989159226 187.0 187
1710989491504 188.0 188
1710989822778 189.0 189
1710990154225 190.0 190
1710990485974 191.0 191
1710990817634 192.0 192
1710991148974 193.0 193
1710991480595 194.0 194
1710991812924 195.0 195
1710992146202 196.0 196
1710992480301 197.0 197
1710992813893 198.0 198
1710993147465 199.0 199
1710993480859 200.0 200
1710993817898 201.0 201
1710994150836 202.0 202
1710994483947 203.0 203
1710994818246 204.0 204
1710995152313 205.0 205
1710995486069 206.0 206
1710995819821 207.0 207
1710996153501 208.0 208
1710996488129 209.0 209
1710996823307 210.0 210
1710997159085 211.0 211
1710997495419 212.0 212
1710997830724 213.0 213
1710998167470 214.0 214
1710998504367 215.0 215
1710998842050 216.0 216
1710999178595 217.0 217
1710999515720 218.0 218
1710999854498 219.0 219
1711000191795 220.0 220
1711000529269 221.0 221
1711000866257 222.0 222
1711001203448 223.0 223
1711001540008 224.0 224
1711001875692 225.0 225
1711002210720 226.0 226
1711002543750 227.0 227
1711002878591 228.0 228
1711003214449 229.0 229
1711003549433 230.0 230
1711003888124 231.0 231
1711004226889 232.0 232
1711004563473 233.0 233
1711004898918 234.0 234
1711005236389 235.0 235
1711005572191 236.0 236
1711005908564 237.0 237
1711006243277 238.0 238
1711006579626 239.0 239
1711006915863 240.0 240
1711007252242 241.0 241
1711007590658 242.0 242
1711007932584 243.0 243
1711008273167 244.0 244
1711008611860 245.0 245
1711008949143 246.0 246
1711009287471 247.0 247
1711009627298 248.0 248
1711009967259 249.0 249
1711010306337 250.0 250
1711010645158 251.0 251
1711010984641 252.0 252
1711011325469 253.0 253
1711011665177 254.0 254
1711012005729 255.0 255
1711012345971 256.0 256
1711012686359 257.0 257
1711013025947 258.0 258
1711013363109 259.0 259
1711013701054 260.0 260
1711014039792 261.0 261
1711014379359 262.0 262
1711014718465 263.0 263
1711015059305 264.0 264
1711015400796 265.0 265
1711015741189 266.0 266
1711016081957 267.0 267
1711016422954 268.0 268
1711016764517 269.0 269
1711017105684 270.0 270
1711017444265 271.0 271
1711017781653 272.0 272
1711018119260 273.0 273
1711018457434 274.0 274
1711018796326 275.0 275
1711019134128 276.0 276
1711019471403 277.0 277
1711019808665 278.0 278
1711020145952 279.0 279
1711020483429 280.0 280
1711020822363 281.0 281
1711021160234 282.0 282
1711021499163 283.0 283
1711021837295 284.0 284
1711022176128 285.0 285
1711022515499 286.0 286
1711022855017 287.0 287
1711023195318 288.0 288
1711023534327 289.0 289
1711023872503 290.0 290
1711024212060 291.0 291
1711024546833 292.0 292
1711024881168 293.0 293
1711025214916 294.0 294
1711025547164 295.0 295
1711025887001 296.0 296
1711026231301 297.0 297
1711026578818 298.0 298
1711026926153 299.0 299
