1710927990441 7278728.0 0
1710928328520 7278728.0 1
1710928665408 7278728.0 2
1710929002243 7278728.0 3
1710929337623 7278728.0 4
1710929672949 7278728.0 5
1710930007729 7278728.0 6
1710930340893 7278728.0 7
1710930673958 7278728.0 8
1710931008035 7278728.0 9
1710931341743 7278728.0 10
1710931675510 7278728.0 11
1710932009176 7278728.0 12
1710932342891 7278728.0 13
1710932676529 7278728.0 14
1710933008917 7278728.0 15
1710933341088 7278728.0 16
1710933673669 7278728.0 17
1710934005958 7278728.0 18
1710934337054 7278728.0 19
1710934669530 7278728.0 20
1710934999282 7278728.0 21
1710935329715 7278728.0 22
1710935661452 7278728.0 23
1710935991802 7278728.0 24
1710936321854 7278728.0 25
1710936651404 7278728.0 26
1710936981021 7278728.0 27
1710937311701 7278728.0 28
1710937642394 7278728.0 29
1710937974576 7278728.0 30
1710938305628 7278728.0 31
1710938637288 7278728.0 32
1710938967936 7278728.0 33
1710939298463 7278728.0 34
1710939629609 7278728.0 35
1710939960886 7278728.0 36
1710940292216 7278728.0 37
1710940622127 7278728.0 38
1710940951967 7278728.0 39
1710941281446 7278728.0 40
1710941610643 7278728.0 41
1710941939122 7278728.0 42
1710942267386 7278728.0 43
1710942595033 7278728.0 44
1710942923546 7278728.0 45
1710943251066 7278728.0 46
1710943579572 7278728.0 47
1710943907885 7278728.0 48
1710944236315 7278728.0 49
1710944564452 7278728.0 50
1710944893984 7278728.0 51
1710945220570 7278728.0 52
1710945548106 7278728.0 53
1710945876017 7278728.0 54
1710946203491 7278728.0 55
1710946529973 7278728.0 56
1710946856252 7278728.0 57
1710947183582 7278728.0 58
1710947510909 7278728.0 59
1710947837664 7278728.0 60
1710948164821 7278728.0 61
1710948492208 7278728.0 62
1710948819552 7278728.0 63
1710949146121 7278728.0 64
1710949473154 7278728.0 65
1710949800196 7278728.0 66
1710950127389 7278728.0 67
1710950454447 7278728.0 68
1710950780218 7278728.0 69
1710951106784 7278728.0 70
1710951432639 7278728.0 71
1710951761459 7278728.0 72
1710952089243 7278728.0 73
1710952416147 7278728.0 74
1710952742004 7278728.0 75
1710953069125 7278728.0 76
1710953395274 7278728.0 77
1710953722443 7278728.0 78
1710954049203 7278728.0 79
1710954376673 7278728.0 80
1710954702502 7278728.0 81
1710955028021 7278728.0 82
1710955354248 7278728.0 83
1710955680675 7278728.0 84
1710956007394 7278728.0 85
1710956333458 7278728.0 86
1710956658991 7278728.0 87
1710956984802 7278728.0 88
1710957311116 7278728.0 89
1710957636117 7278728.0 90
1710957960462 7278728.0 91
1710958284876 7278728.0 92
1710958610518 7278728.0 93
1710958935058 7278728.0 94
1710959260019 7278728.0 95
1710959585434 7278728.0 96
1710959910229 7278728.0 97
1710960234552 7278728.0 98
1710960559053 7278728.0 99
1710960883493 7278728.0 100
1710961208956 7278728.0 101
1710961534057 7278728.0 102
1710961859085 7278728.0 103
1710962184062 7278728.0 104
1710962509171 7278728.0 105
1710962833671 7278728.0 106
1710963158147 7278728.0 107
1710963482099 7278728.0 108
1710963806860 7278728.0 109
1710964133552 7278728.0 110
1710964458211 7278728.0 111
1710964783459 7278728.0 112
1710965109330 7278728.0 113
1710965433195 7278728.0 114
1710965758714 7278728.0 115
1710966083281 7278728.0 116
1710966406917 7278728.0 117
1710966731494 7278728.0 118
1710967055670 7278728.0 119
1710967379473 7278728.0 120
1710967704166 7278728.0 121
1710968027405 7278728.0 122
1710968350378 7278728.0 123
1710968673726 7278728.0 124
1710968997377 7278728.0 125
1710969321099 7278728.0 126
1710969644267 7278728.0 127
1710969967531 7278728.0 128
1710970291755 7278728.0 129
1710970615804 7278728.0 130
1710970939252 7278728.0 131
1710971263164 7278728.0 132
1710971586978 7278728.0 133
1710971910260 7278728.0 134
1710972233098 7278728.0 135
1710972555968 7278728.0 136
1710972879285 7278728.0 137
1710973202513 7278728.0 138
1710973526157 7278728.0 139
1710973849372 7278728.0 140
1710974172573 7278728.0 141
1710974496410 7278728.0 142
1710974819793 7278728.0 143
1710975143041 7278728.0 144
1710975465201 7278728.0 145
1710975788483 7278728.0 146
1710976111465 7278728.0 147
1710976434565 7278728.0 148
1710976757707 7278728.0 149
1710977079661 7278728.0 150
1710977402281 7278728.0 151
1710977724923 7278728.0 152
1710978047811 7278728.0 153
1710978371207 7278728.0 154
1710978694783 7278728.0 155
1710979018969 7278728.0 156
1710979344569 7278728.0 157
1710979669665 7278728.0 158
1710979994941 7278728.0 159
1710980321191 7278728.0 160
1710980647557 7278728.0 161
1710980973576 7278728.0 162
1710981298996 7278728.0 163
1710981625030 7278728.0 164
1710981951482 7278728.0 165
1710982276942 7278728.0 166
1710982602164 7278728.0 167
1710982928197 7278728.0 168
1710983253871 7278728.0 169
1710983580465 7278728.0 170
1710983907572 7278728.0 171
1710984233824 7278728.0 172
1710984560536 7278728.0 173
1710984887320 7278728.0 174
1710985213931 7278728.0 175
1710985541132 7278728.0 176
1710985869354 7278728.0 177
1710986196974 7278728.0 178
1710986525358 7278728.0 179
1710986853889 7278728.0 180
1710987181840 7278728.0 181
1710987510546 7278728.0 182
1710987838750 7278728.0 183
1710988167981 7278728.0 184
1710988497935 7278728.0 185
1710988827808 7278728.0 186
1710989159227 7278728.0 187
1710989491506 7278728.0 188
1710989822780 7278728.0 189
1710990154226 7278728.0 190
1710990485976 7278728.0 191
1710990817635 7278728.0 192
1710991148975 7278728.0 193
1710991480597 7278728.0 194
1710991812925 7278728.0 195
1710992146204 7278728.0 196
1710992480303 7278728.0 197
1710992813895 7278728.0 198
1710993147466 7278728.0 199
1710993480861 7278728.0 200
1710993817900 7278728.0 201
1710994150838 7278728.0 202
1710994483948 7278728.0 203
1710994818247 7278728.0 204
1710995152315 7278728.0 205
1710995486071 7278728.0 206
1710995819822 7278728.0 207
1710996153503 7278728.0 208
1710996488131 7278728.0 209
1710996823308 7278728.0 210
1710997159086 7278728.0 211
1710997495421 7278728.0 212
1710997830726 7278728.0 213
1710998167472 7278728.0 214
1710998504369 7278728.0 215
1710998842052 7278728.0 216
1710999178596 7278728.0 217
1710999515722 7278728.0 218
1710999854500 7278728.0 219
1711000191796 7278728.0 220
1711000529270 7278728.0 221
1711000866259 7278728.0 222
1711001203449 7278728.0 223
1711001540010 7278728.0 224
1711001875694 7278728.0 225
1711002210722 7278728.0 226
1711002543751 7278728.0 227
1711002878593 7278728.0 228
1711003214450 7278728.0 229
1711003549435 7278728.0 230
1711003888126 7278728.0 231
1711004226891 7278728.0 232
1711004563474 7278728.0 233
1711004898918 7278728.0 234
1711005236390 7278728.0 235
1711005572192 7278728.0 236
1711005908565 7278728.0 237
1711006243279 7278728.0 238
1711006579628 7278728.0 239
1711006915864 7278728.0 240
1711007252243 7278728.0 241
1711007590660 7278728.0 242
1711007932585 7278728.0 243
1711008273168 7278728.0 244
1711008611862 7278728.0 245
1711008949144 7278728.0 246
1711009287472 7278728.0 247
1711009627300 7278728.0 248
1711009967261 7278728.0 249
1711010306338 7278728.0 250
1711010645158 7278728.0 251
1711010984642 7278728.0 252
1711011325471 7278728.0 253
1711011665178 7278728.0 254
1711012005731 7278728.0 255
1711012345972 7278728.0 256
1711012686360 7278728.0 257
1711013025947 7278728.0 258
1711013363110 7278728.0 259
1711013701055 7278728.0 260
1711014039793 7278728.0 261
1711014379360 7278728.0 262
1711014718467 7278728.0 263
1711015059307 7278728.0 264
1711015400797 7278728.0 265
1711015741190 7278728.0 266
1711016081959 7278728.0 267
1711016422956 7278728.0 268
1711016764519 7278728.0 269
1711017105686 7278728.0 270
1711017444267 7278728.0 271
1711017781654 7278728.0 272
1711018119261 7278728.0 273
1711018457435 7278728.0 274
1711018796327 7278728.0 275
1711019134129 7278728.0 276
1711019471404 7278728.0 277
1711019808666 7278728.0 278
1711020145953 7278728.0 279
1711020483430 7278728.0 280
1711020822365 7278728.0 281
1711021160236 7278728.0 282
1711021499164 7278728.0 283
1711021837296 7278728.0 284
1711022176129 7278728.0 285
1711022515500 7278728.0 286
1711022855018 7278728.0 287
1711023195319 7278728.0 288
1711023534328 7278728.0 289
1711023872505 7278728.0 290
1711024212061 7278728.0 291
1711024546834 7278728.0 292
1711024881170 7278728.0 293
1711025214917 7278728.0 294
1711025547166 7278728.0 295
1711025887002 7278728.0 296
1711026231302 7278728.0 297
1711026578819 7278728.0 298
1711026926155 7278728.0 299
