1710927990438 5.404104292392731 0
1710928328510 5.321783830290255 1
1710928665397 5.315662306288014 2
1710929002237 5.310425856839055 3
1710929337617 5.30524176100026 4
1710929672944 5.304824541444364 5
1710930007720 5.302170066729836 6
1710930340885 5.304386416207189 7
1710930673951 5.300525175488514 8
1710931008030 5.29760712126027 9
1710931341738 5.302557152250539 10
1710931675505 5.305393789125525 11
1710932009171 5.302786827087402 12
1710932342885 5.3002825301626455 13
1710932676519 5.304142913092738 14
1710933008912 5.3020148925159285 15
1710933341077 5.302312317101852 16
1710933673665 5.3008236340854475 17
1710934005953 5.29926598072052 18
1710934337044 5.298412877580394 19
1710934669520 5.29786486470181 20
1710934999277 5.297917391942895 21
1710935329708 5.296530430731566 22
1710935661441 5.299212929995163 23
1710935991794 5.299615618975266 24
1710936321848 5.298121778861336 25
1710936651400 5.296569948611052 26
1710936981016 5.298942726591359 27
1710937311688 5.295266190300817 28
1710937642389 5.296882748603821 29
1710937974567 5.291255883548571 30
1710938305618 5.294060852216638 31
1710938637278 5.294626070105511 32
1710938967932 5.292450645695562 33
1710939298454 5.291086023268492 34
1710939629599 5.291177042152571 35
1710939960876 5.291840257851974 36
1710940292208 5.289970703746961 37
1710940622121 5.288510167080423 38
1710940951958 5.289273769959159 39
1710941281436 5.282128380692524 40
1710941610633 5.283091024212215 41
1710941939112 5.281996760679328 42
1710942267380 5.281125584374303 43
1710942595027 5.277069705983867 44
1710942923536 5.281653469023497 45
1710943251057 5.2754885321078095 46
1710943579563 5.27297963525938 47
1710943907876 5.2700322529544 48
1710944236311 5.267965456713801 49
1710944564447 5.262551271397134 50
1710944893971 5.261040270328522 51
1710945220565 5.251126071681147 52
1710945548095 5.253219150978586 53
1710945876008 5.250004537727522 54
1710946203482 5.238299989182016 55
1710946529965 5.238068116747814 56
1710946856247 5.230036147262739 57
1710947183573 5.214560182198234 58
1710947510899 5.21474668254023 59
1710947837655 5.200097952200019 60
1710948164810 5.1905208100443305 61
1710948492198 5.1927337516909065 62
1710948819543 5.153768845226454 63
1710949146112 5.1600552538166875 64
1710949473145 5.149247265380362 65
1710949800186 5.1441381625507185 66
1710950127378 5.130283630412558 67
1710950454437 5.111145467861839 68
1710950780209 5.103723484536876 69
1710951106774 5.101620251717775 70
1710951432631 5.0603369189345315 71
1710951761450 5.051192400248154 72
1710952089229 5.032706799714462 73
1710952416138 5.026871872984844 74
1710952741994 5.011787430099819 75
1710953069116 5.009522189264712 76
1710953395265 4.9659648200739985 77
1710953722433 4.95818627398947 78
1710954049193 4.93581654973652 79
1710954376662 4.943298347618269 80
1710954702493 4.933685450450234 81
1710955028011 4.894021796143574 82
1710955354239 4.871873451315838 83
1710955680665 4.841567736604939 84
1710956007385 4.8398865668669995 85
1710956333449 4.8241450346034505 86
1710956658983 4.818037217078001 87
1710956984793 4.790447823379351 88
1710957311106 4.779565601245217 89
1710957636109 4.774819713571797 90
1710957960451 4.7478406921676966 91
1710958284865 4.698856216409932 92
1710958610509 4.716216387956039 93
1710958935048 4.6952487930007605 94
1710959260009 4.670816776545151 95
1710959585424 4.651758994745172 96
1710959910220 4.640129786470662 97
1710960234543 4.612968812818113 98
1710960559044 4.607488049113232 99
1710960883488 4.578149015488832 100
1710961208947 4.558943788642469 101
1710961534048 4.574480453263158 102
1710961859075 4.5302935903487 103
1710962184052 4.5587423677029815 104
1710962509162 4.534644869358643 105
1710962833661 4.4765877581161 106
1710963158138 4.467526739058287 107
1710963482089 4.476141972386318 108
1710963806849 4.448388134655745 109
1710964133541 4.409183017585589 110
1710964458201 4.404870022898135 111
1710964783454 4.430105135492656 112
1710965109320 4.325691220553025 113
1710965433187 4.374212918074234 114
1710965758705 4.356561548036078 115
1710966083273 4.309763103723526 116
1710966406907 4.326637781184653 117
1710966731484 4.301365335350451 118
1710967055660 4.276189175636872 119
1710967379464 4.273369689350543 120
1710967704155 4.228771707286006 121
1710968027396 4.186974047318749 122
1710968350368 4.195168146620626 123
1710968673718 4.157306856435278 124
1710968997367 4.152506173952766 125
1710969321088 4.13417519564214 126
1710969644256 4.1398211173389265 127
1710969967527 4.1670931772045465 128
1710970291747 4.094769762909931 129
1710970615796 4.087766174388968 130
1710970939247 4.045381350361782 131
1710971263154 4.06864934641382 132
1710971586969 4.042876286351162 133
1710971910251 4.00866931028988 134
1710972233087 3.9539003838663516 135
1710972555957 3.9863888103029 136
1710972879275 3.9811639850554257 137
1710973202503 3.956306594869365 138
1710973526147 3.9398970824220907 139
1710973849362 3.8294649253720823 140
1710974172569 3.82806057644927 141
1710974496401 3.873519893573678 142
1710974819783 3.864936035612355 143
1710975143026 3.844452405753343 144
1710975465197 3.8680802233841107 145
1710975788473 3.7921116935170214 146
1710976111455 3.829405152279398 147
1710976434555 3.8257874574350272 148
1710976757698 3.8171908972056015 149
1710977079651 3.7453541483568107 150
1710977402273 3.7573123742704806 151
1710977724916 3.771994623153106 152
1710978047801 3.713179172381111 153
1710978371199 3.6560492256413335 154
1710978694776 3.6542824597462364 155
1710979018960 3.677606489347375 156
1710979344561 3.6437789927358213 157
1710979669657 3.612004210119662 158
1710979994931 3.628837740939596 159
1710980321180 3.6400964558124542 160
1710980647549 3.5627559047678243 161
1710980973567 3.6050826207451196 162
1710981298987 3.5826591732709305 163
1710981625021 3.6299237492291825 164
1710981951473 3.5499837320783865 165
1710982276932 3.502467605082885 166
1710982602159 3.488490142252134 167
1710982928188 3.4457734499288644 168
1710983253865 3.5324676749498947 169
1710983580455 3.436021949933923 170
1710983907563 3.412447429221609 171
1710984233815 3.3840833150822185 172
1710984560525 3.4583646849445673 173
1710984887311 3.39322604044624 174
1710985213921 3.4350030512913414 175
1710985541123 3.3761879127958547 176
1710985869343 3.433655120756315 177
1710986196967 3.3914756787859877 178
1710986525349 3.2905077662156974 179
1710986853880 3.335028175426566 180
1710987181831 3.3229539180579395 181
1710987510536 3.3393487787765004 182
1710987838743 3.322224894295568 183
1710988167973 3.421152598184088 184
1710988497924 3.302263132903887 185
1710988827797 3.312295778290085 186
1710989159217 3.2346240826275037 187
1710989491499 3.2695442852766616 188
1710989822771 3.2950381137754605 189
1710990154217 3.244437340161075 190
1710990485966 3.14997860789299 191
1710990817626 3.186716748320538 192
1710991148971 3.209536847860917 193
1710991480589 3.227434455052666 194
1710991812915 3.131039924595667 195
1710992146195 3.164641684812048 196
1710992480293 3.1939496326705683 197
1710992813887 3.1659937740668007 198
1710993147462 3.177951041771018 199
1710993480853 3.136230749928433 200
1710993817890 3.1505028767430265 201
1710994150829 3.1885107023560484 202
1710994483944 3.1100113631590554 203
1710994818240 3.0950433773838957 204
1710995152304 3.0865457705829455 205
1710995486062 3.1053492562926333 206
1710995819811 3.033275148142939 207
1710996153493 2.9927431461603744 208
1710996488120 3.053038118974022 209
1710996823298 3.023369145134221 210
1710997159076 3.1046972702378812 211
1710997495412 3.0614318750474765 212
1710997830721 3.040121196404747 213
1710998167464 2.9915549677351247 214
1710998504359 2.98933834809324 215
1710998842043 3.047420021632443 216
1710999178586 2.995426993655122 217
1710999515713 3.0317164750202843 218
1710999854489 2.970613670737847 219
1711000191788 3.000910517314206 220
1711000529264 2.976842161753903 221
1711000866250 2.999698106361472 222
1711001203443 3.011517038811808 223
1711001539999 2.898821911086207 224
1711001875685 2.9551148796858997 225
1711002210712 2.951825978315395 226
1711002543745 2.9271495543096377 227
1711002878584 2.9454206254171287 228
1711003214445 3.000650264646696 229
1711003549424 2.973534012618272 230
1711003888118 2.882873985430469 231
1711004226884 2.9559528251057086 232
1711004563466 2.9360665128282877 233
1711004898914 2.8784832364839055 234
1711005236379 2.937458611700846 235
1711005572186 2.8487757612829623 236
1711005908555 2.8415604972321056 237
1711006243270 2.898087496990743 238
1711006579618 2.8738691787356916 239
1711006915854 2.8932442075532414 240
1711007252235 2.8488258188185482 241
1711007590650 2.829665381623351 242
1711007932577 2.8526558014361756 243
1711008273163 2.822643949933674 244
1711008611852 2.800049290060997 245
1711008949135 2.844752612321273 246
1711009287467 2.86815698120905 247
1711009627290 2.8645068439452546 248
1711009967251 2.825706032307252 249
1711010306328 2.850675686545994 250
1711010645155 2.8621202234340752 251
1711010984637 2.8619602283705836 252
1711011325462 2.8440798255412476 253
1711011665171 2.8187041101248367 254
1711012005721 2.7890443173439605 255
1711012345964 2.76095006323379 256
1711012686355 2.866015784766363 257
1711013025943 2.7578400341065032 258
1711013363105 2.763462602444317 259
1711013701045 2.743340581007626 260
1711014039783 2.7308521678914195 261
1711014379354 2.8352807915729024 262
1711014718456 2.7084874309923337 263
1711015059297 2.7338547674210174 264
1711015400787 2.8264564152645026 265
1711015741180 2.7252515457246616 266
1711016081950 2.7141781021719393 267
1711016422947 2.7068525844294093 268
1711016764510 2.703615449692892 269
1711017105676 2.7444162031878596 270
1711017444257 2.7442480759776156 271
1711017781649 2.6640885835108548 272
1711018119251 2.6873282317234124 273
1711018457429 2.7822989419750543 274
1711018796323 2.6624661716430085 275
1711019134122 2.677138459423314 276
1711019471398 2.698454926195352 277
1711019808660 2.705868237692377 278
1711020145943 2.7104382262281748 279
1711020483423 2.6343722038942836 280
1711020822355 2.692556283396223 281
1711021160230 2.6684115010759104 282
1711021499157 2.683515047897463 283
1711021837289 2.6416327603485272 284
1711022176125 2.6574408211137936 285
1711022515495 2.656803571011709 286
1711022855012 2.615279737374057 287
1711023195314 2.654574783599895 288
1711023534321 2.648927369195482 289
1711023872496 2.679170632491941 290
1711024212051 2.655972736685172 291
1711024546829 2.655488662097765 292
1711024881160 2.614050387688305 293
1711025214913 2.661807454150656 294
1711025547158 2.572534378456033 295
1711025886995 2.645666239054307 296
1711026231298 2.6292653070843737 297
1711026578811 2.620096226101336 298
1711026926146 2.6111505575802014 299
