1710927990437 1.0000000000000023e-05 0
1710928328506 1.0000000000000023e-05 1
1710928665393 8.062500000000027e-06 2
1710929002236 6.12500000000003e-06 3
1710929337615 4.187499999999992e-06 4
1710929672942 2.2499999999999895e-06 5
1710930007716 3.191381910325326e-07 6
1710930340880 3.220580341755585e-07 7
1710930673949 3.255080009440325e-07 8
1710931008028 3.2948771301021287e-07 9
1710931341736 3.339967339538332e-07 10
1710931675503 3.390345693099251e-07 11
1710932009170 3.4460066662308314e-07 12
1710932342883 3.506944155079992e-07 13
1710932676515 3.573151477164458e-07 14
1710933008910 3.6446213721052437e-07 15
1710933341073 3.721346002423039e-07 16
1710933673664 3.8033169543974343e-07 17
1710934005952 3.890525238989876e-07 18
1710934337040 3.982961292829128e-07 19
1710934669516 4.0806149792603364e-07 20
1710934999276 4.1834755894563e-07 21
1710935329706 4.2915318435919196e-07 22
1710935661438 4.404771892081279e-07 23
1710935991792 4.523183316876992e-07 24
1710936321845 4.646753132831952e-07 25
1710936651399 4.775467789123253e-07 26
1710936981014 4.909313170738425e-07 27
1710937311684 5.048274600023082e-07 28
1710937642387 5.19233683829051e-07 29
1710937974563 5.341484087492844e-07 30
1710938305613 5.495699991953524e-07 31
1710938637274 5.654967640160731e-07 32
1710938967931 5.819269566621991e-07 33
1710939298450 5.988587753779688e-07 34
1710939629596 6.162903633986543e-07 35
1710939960872 6.342198091541793e-07 36
1710940292205 6.526451464787815e-07 37
1710940622119 6.715643548265904e-07 38
1710940951954 6.909753594931996e-07 39
1710941281432 7.108760318432159e-07 40
1710941610629 7.312641895436555e-07 41
1710941939108 7.52137596803262e-07 42
1710942267378 7.734939646177183e-07 43
1710942595025 7.953309510206252e-07 44
1710942923532 8.176461613403491e-07 45
1710943251053 8.404371484625931e-07 46
1710943579560 8.637014130988072e-07 47
1710943907873 8.874364040601944e-07 48
1710944236309 9.116395185375411e-07 49
1710944564445 9.363081023865858e-07 50
1710944893966 9.614394504191237e-07 51
1710945220563 9.870308066996486e-07 52
1710945548092 1.013079364847549e-06 53
1710945876004 1.0395822683448807e-06 54
1710946203478 1.066536610849618e-06 55
1710946529961 1.0939394365143558e-06 56
1710946856245 1.121787740310459e-06 57
1710947183569 1.150078468357597e-06 58
1710947510895 1.1788085182586187e-06 59
1710947837651 1.2079747394398213e-06 60
1710948164806 1.2375739334963452e-06 61
1710948492194 1.2676028545430344e-06 62
1710948819540 1.2980582095703018e-06 63
1710949146108 1.328936658805249e-06 64
1710949473141 1.3602348160779618e-06 65
1710949800182 1.3919492491927944e-06 66
1710950127374 1.4240764803047666e-06 67
1710950454433 1.4566129863009515e-06 68
1710950780205 1.4895551991868048e-06 69
1710951106770 1.5228995064774625e-06 70
1710951432626 1.5566422515938653e-06 71
1710951761446 1.590779734263794e-06 72
1710952089225 1.6253082109275363e-06 73
1710952416134 1.6602238951485594e-06 74
1710952741990 1.6955229580286182e-06 75
1710953069112 1.7312015286276542e-06 76
1710953395261 1.7672556943883824e-06 77
1710953722429 1.8036815015652275e-06 78
1710954049189 1.840474955657923e-06 79
1710954376658 1.877632021849615e-06 80
1710954702488 1.9151486254492885e-06 81
1710955028007 1.953020652338572e-06 82
1710955354235 1.9912439494229233e-06 83
1710955680661 2.0298143250871248e-06 84
1710956007381 2.0687275496547815e-06 85
1710956333445 2.1079793558523444e-06 86
1710956658980 2.1475654392769256e-06 87
1710956984789 2.1874814588683914e-06 88
1710957311101 2.2277230373853766e-06 89
1710957636104 2.2682857618852924e-06 90
1710957960447 2.3091651842083445e-06 91
1710958284861 2.350356821465147e-06 92
1710958610505 2.391856156528525e-06 93
1710958935044 2.4336586385287364e-06 94
1710959260004 2.475759683352556e-06 95
1710959585420 2.5181546741459607e-06 96
1710959910216 2.560838961820496e-06 97
1710960234539 2.603807865562968e-06 98
1710960559039 2.647056673348895e-06 99
1710960883487 2.6905806424591478e-06 100
1710961208944 2.734375000000011e-06 101
1710961534044 2.7784349434266574e-06 102
1710961859071 2.822755641069819e-06 103
1710962184048 2.867332232665521e-06 104
1710962509158 2.9121598298881743e-06 105
1710962833657 2.9572335168865753e-06 106
1710963158134 3.0025483508230084e-06 107
1710963482085 3.048099362415285e-06 108
1710963806845 3.0938815564816866e-06 109
1710964133537 3.139889912488674e-06 110
1710964458197 3.1861193851015963e-06 111
1710964783452 3.232564904737785e-06 112
1710965109316 3.2792213781226276e-06 113
1710965433182 3.3260836888480595e-06 114
1710965758701 3.3731466979335902e-06 115
1710966083268 3.420405244389952e-06 116
1710966406903 3.4678541457849673e-06 117
1710966731480 3.5154881988118635e-06 118
1710967055656 3.563302179859988e-06 119
1710967379460 3.611290845587466e-06 120
1710967704151 3.6594489334963507e-06 121
1710968027392 3.7077711625095747e-06 122
1710968350364 3.7562522335502087e-06 123
1710968673714 3.8048868301224853e-06 124
1710968997363 3.853669618894797e-06 125
1710969321084 3.902595250284675e-06 126
1710969644253 3.951658359045236e-06 127
1710969967526 4.0008535648537616e-06 128
1710970291742 4.050175472901523e-06 129
1710970615792 4.099618674485485e-06 130
1710970939245 4.149177747601492e-06 131
1710971263150 4.1988472575386115e-06 132
1710971586965 4.248621757475384e-06 133
1710971910247 4.29849578907702e-06 134
1710972233083 4.348463883093878e-06 135
1710972555953 4.398520559961393e-06 136
1710972879271 4.448660330400815e-06 137
1710973202500 4.4988776960213476e-06 138
1710973526144 4.5491671499228845e-06 139
1710973849358 4.599523177300187e-06 140
1710974172568 4.6499402560473005e-06 141
1710974496397 4.700412857363458e-06 142
1710974819779 4.7509354463591095e-06 143
1710975143021 4.801502482663034e-06 144
1710975465195 4.852108421029902e-06 145
1710975788469 4.902747711948232e-06 146
1710976111451 4.9534148022492e-06 147
1710976434552 5.004104135715318e-06 148
1710976757694 5.054810153690001e-06 149
1710977079647 5.10552729568695e-06 150
1710977402269 5.15624999999998e-06 151
1710977724911 5.2069727043130485e-06 152
1710978047797 5.257689846310008e-06 153
1710978371195 5.308395864284693e-06 154
1710978694773 5.359085197750798e-06 155
1710979018956 5.409752288051781e-06 156
1710979344557 5.460391578970094e-06 157
1710979669653 5.510997517336975e-06 158
1710979994927 5.561564553640886e-06 159
1710980321175 5.612087142636538e-06 160
1710980647544 5.662559743952702e-06 161
1710980973564 5.712976822699815e-06 162
1710981298983 5.763332850077116e-06 163
1710981625017 5.81362230397866e-06 164
1710981951469 5.863839669599184e-06 165
1710982276928 5.913979440038597e-06 166
1710982602157 5.964036116906131e-06 167
1710982928184 6.01400421092299e-06 168
1710983253862 6.063878242524633e-06 169
1710983580451 6.113652742461386e-06 170
1710983907558 6.163322252398521e-06 171
1710984233812 6.212881325514518e-06 172
1710984560522 6.262324527098489e-06 173
1710984887307 6.311646435146245e-06 174
1710985213917 6.3608416409547844e-06 175
1710985541119 6.40990474971535e-06 176
1710985869339 6.4588303811052065e-06 177
1710986196965 6.507613169877505e-06 178
1710986525346 6.556247766449794e-06 179
1710986853876 6.604728837490409e-06 180
1710987181827 6.65305106650365e-06 181
1710987510533 6.701209154412539e-06 182
1710987838741 6.749197820140013e-06 183
1710988167969 6.797011801188138e-06 184
1710988497920 6.844645854215019e-06 185
1710988827793 6.8920947556100596e-06 186
1710989159213 6.93935330206642e-06 187
1710989491497 6.986416311151925e-06 188
1710989822768 7.0332786218773605e-06 189
1710990154213 7.079935095262201e-06 190
1710990485962 7.126380614898416e-06 191
1710990817623 7.172610087511296e-06 192
1710991148970 7.218618443518348e-06 193
1710991480584 7.264400637584697e-06 194
1710991812911 7.309951649177024e-06 195
1710992146191 7.355266483113457e-06 196
1710992480289 7.400340170111828e-06 197
1710992813884 7.44516776733449e-06 198
1710993147460 7.489744358930185e-06 199
1710993480849 7.5340650565733505e-06 200
1710993817887 7.57812499999999e-06 201
1710994150826 7.621919357540826e-06 202
1710994483942 7.665443326651084e-06 203
1710994818238 7.70869213443701e-06 204
1710995152300 7.751661038179542e-06 205
1710995486057 7.79434532585405e-06 206
1710995819807 7.836740316647448e-06 207
1710996153489 7.878841361471238e-06 208
1710996488116 7.920643843471453e-06 209
1710996823294 7.962143178534829e-06 210
1710997159072 8.00333481579169e-06 211
1710997495408 8.044214238114687e-06 212
1710997830719 8.084776962614635e-06 213
1710998167460 8.12501854113162e-06 214
1710998504356 8.164934560723051e-06 215
1710998842038 8.204520644147672e-06 216
1710999178582 8.24377245034523e-06 217
1710999515708 8.282685674912913e-06 218
1710999854485 8.321256050577097e-06 219
1711000191784 8.359479347661474e-06 220
1711000529261 8.397351374550747e-06 221
1711000866246 8.434867978150382e-06 222
1711001203440 8.472025044342074e-06 223
1711001539996 8.508818498434783e-06 224
1711001875681 8.545244305611596e-06 225
1711002210708 8.581298471372324e-06 226
1711002543743 8.616977041971387e-06 227
1711002878579 8.652276104851474e-06 228
1711003214444 8.687191789072479e-06 229
1711003549420 8.72172026573617e-06 230
1711003888115 8.755857748406151e-06 231
1711004226882 8.789600493522513e-06 232
1711004563461 8.822944800813219e-06 233
1711004898913 8.85588701369908e-06 234
1711005236375 8.888423519695255e-06 235
1711005572184 8.920550750807244e-06 236
1711005908551 8.952265183922071e-06 237
1711006243265 8.983563341194772e-06 238
1711006579614 9.014441790429673e-06 239
1711006915850 9.044897145456984e-06 240
1711007252231 9.074926066503633e-06 241
1711007590647 9.104525260560163e-06 242
1711007932574 9.13369148174137e-06 243
1711008273162 9.162421531642384e-06 244
1711008611848 9.190712259689506e-06 245
1711008949131 9.218560563485665e-06 246
1711009287465 9.245963389150363e-06 247
1711009627286 9.272917731655098e-06 248
1711009967247 9.29942063515247e-06 249
1711010306323 9.325469193300387e-06 250
1711010645154 9.351060549580866e-06 251
1711010984636 9.376191897613425e-06 252
1711011325459 9.400860481462464e-06 253
1711011665168 9.425063595939841e-06 254
1711012005717 9.448798586901212e-06 255
1711012345960 9.472062851537453e-06 256
1711012686353 9.49485383865963e-06 257
1711013025942 9.517169048979365e-06 258
1711013363103 9.539006035382294e-06 259
1711013701041 9.560362403196728e-06 260
1711014039779 9.581235810456323e-06 261
1711014379352 9.601623968156795e-06 262
1711014718453 9.621524640506828e-06 263
1711015059293 9.640935645173373e-06 264
1711015400782 9.65985485352123e-06 265
1711015741176 9.678280190845785e-06 266
1711016081946 9.696209636601323e-06 267
1711016422943 9.713641224622008e-06 268
1711016764506 9.730573043337769e-06 269
1711017105672 9.747003235983962e-06 270
1711017444254 9.762930000804634e-06 271
1711017781648 9.7783515912507e-06 272
1711018119247 9.793266316170908e-06 273
1711018457427 9.807672539997727e-06 274
1711018796321 9.821568682926177e-06 275
1711019134119 9.834953221087639e-06 276
1711019471396 9.847824686716812e-06 277
1711019808658 9.860181668312316e-06 278
1711020145939 9.87202281079185e-06 279
1711020483421 9.883346815640847e-06 280
1711020822351 9.894152441054399e-06 281
1711021160227 9.904438502073931e-06 282
1711021499155 9.91420387071711e-06 283
1711021837287 9.923447476101047e-06 284
1711022176124 9.932168304560229e-06 285
1711022515493 9.940365399757707e-06 286
1711022855010 9.948037862789427e-06 287
1711023195312 9.955184852283527e-06 288
1711023534318 9.961805584492033e-06 289
1711023872493 9.967899333376917e-06 290
1711024212047 9.973465430690053e-06 291
1711024546828 9.97850326604615e-06 292
1711024881156 9.983012286989815e-06 293
1711025214912 9.986991999056001e-06 294
1711025547153 9.99044196582447e-06 295
1711025886993 9.993361808967517e-06 296
1711026231296 9.995751208291364e-06 297
1711026578807 9.997609901771532e-06 298
1711026926143 9.9989376855813e-06 299
