1714225100015 0.0 0
1714225746573 1.0 1
1714226340267 2.0 2
1714226958538 3.0 3
1714227536885 4.0 4
1714228122709 5.0 5
1714228718766 6.0 6
1714229288541 7.0 7
1714229871452 8.0 8
1714230454869 9.0 9
1714231027111 10.0 10
1714231640933 11.0 11
1714232206325 12.0 12
1714232830808 13.0 13
1714233394195 14.0 14
1714234015723 15.0 15
1714234599565 16.0 16
1714235186361 17.0 17
1714235759056 18.0 18
1714236358829 19.0 19
1714236931001 20.0 20
1714237598544 21.0 21
1714238159936 22.0 22
1714238850428 23.0 23
1714239414212 24.0 24
1714240091920 25.0 25
1714240667025 26.0 26
1714241264103 27.0 27
1714241848258 28.0 28
1714242432857 29.0 29
1714243021310 30.0 30
1714243606138 31.0 31
1714244193234 32.0 32
1714244799776 33.0 33
1714245374178 34.0 34
1714245972916 35.0 35
1714246569102 36.0 36
1714247142791 37.0 37
1714247838054 38.0 38
1714248406081 39.0 39
1714249081894 40.0 40
1714249651199 41.0 41
1714250327116 42.0 42
1714250899488 43.0 43
1714251496173 44.0 44
1714252085693 45.0 45
1714252669902 46.0 46
1714253258945 47.0 47
1714253880210 48.0 48
1714254464584 49.0 49
1714255095086 50.0 50
1714255665407 51.0 51
1714256274414 52.0 52
1714256847679 53.0 53
1714257430170 54.0 54
1714258051485 55.0 55
1714258619599 56.0 56
1714259266527 57.0 57
1714259837731 58.0 58
1714260475493 59.0 59
1714261050438 60.0 60
1714261632996 61.0 61
1714262258894 62.0 62
1714262904217 63.0 63
1714263549322 64.0 64
1714264218024 65.0 65
1714264896133 66.0 66
1714265592691 67.0 67
1714266288066 68.0 68
1714266998343 69.0 69
1714267697163 70.0 70
1714268366525 71.0 71
1714269073294 72.0 72
1714269751310 73.0 73
1714270431361 74.0 74
1714271125977 75.0 75
1714271808795 76.0 76
1714272497143 77.0 77
1714273174426 78.0 78
1714273863383 79.0 79
1714274548649 80.0 80
1714275248378 81.0 81
1714275932171 82.0 82
1714276616048 83.0 83
1714277299877 84.0 84
1714278000336 85.0 85
1714278668306 86.0 86
1714279365114 87.0 87
1714280047318 88.0 88
1714280744285 89.0 89
1714281432357 90.0 90
1714282102045 91.0 91
1714282812212 92.0 92
1714283496627 93.0 93
1714284207157 94.0 94
1714284879549 95.0 95
1714285593262 96.0 96
1714286276248 97.0 97
1714286961879 98.0 98
1714287650600 99.0 99
1714288347752 100.0 100
1714289025115 101.0 101
1714289740734 102.0 102
1714290440934 103.0 103
1714291143480 104.0 104
1714291827754 105.0 105
1714292512154 106.0 106
