1714225100017 7095944.0 0
1714225746574 7095944.0 1
1714226340268 7095944.0 2
1714226958540 7095944.0 3
1714227536886 7095944.0 4
1714228122711 7095944.0 5
1714228718768 7095944.0 6
1714229288542 7095944.0 7
1714229871453 7095944.0 8
1714230454871 7095944.0 9
1714231027112 7095944.0 10
1714231640935 7095944.0 11
1714232206326 7095944.0 12
1714232830809 7095944.0 13
1714233394196 7095944.0 14
1714234015725 7095944.0 15
1714234599566 7095944.0 16
1714235186362 7095944.0 17
1714235759058 7095944.0 18
1714236358829 7095944.0 19
1714236931002 7095944.0 20
1714237598545 7095944.0 21
1714238159938 7095944.0 22
1714238850430 7095944.0 23
1714239414213 7095944.0 24
1714240091922 7095944.0 25
1714240667027 7095944.0 26
1714241264105 7095944.0 27
1714241848259 7095944.0 28
1714242432859 7095944.0 29
1714243021311 7095944.0 30
1714243606139 7095944.0 31
1714244193236 7095944.0 32
1714244799778 7095944.0 33
1714245374179 7095944.0 34
1714245972917 7095944.0 35
1714246569104 7095944.0 36
1714247142793 7095944.0 37
1714247838056 7095944.0 38
1714248406083 7095944.0 39
1714249081895 7095944.0 40
1714249651200 7095944.0 41
1714250327117 7095944.0 42
1714250899490 7095944.0 43
1714251496174 7095944.0 44
1714252085694 7095944.0 45
1714252669903 7095944.0 46
1714253258946 7095944.0 47
1714253880211 7095944.0 48
1714254464585 7095944.0 49
1714255095088 7095944.0 50
1714255665408 7095944.0 51
1714256274415 7095944.0 52
1714256847681 7095944.0 53
1714257430171 7095944.0 54
1714258051486 7095944.0 55
1714258619600 7095944.0 56
1714259266529 7095944.0 57
1714259837732 7095944.0 58
1714260475495 7095944.0 59
1714261050439 7095944.0 60
1714261632997 7095944.0 61
1714262258896 7095944.0 62
1714262904220 7095944.0 63
1714263549324 7095944.0 64
1714264218026 7095944.0 65
1714264896134 7095944.0 66
1714265592692 7095944.0 67
1714266288067 7095944.0 68
1714266998344 7095944.0 69
1714267697165 7095944.0 70
1714268366526 7095944.0 71
1714269073295 7095944.0 72
1714269751312 7095944.0 73
1714270431362 7095944.0 74
1714271125978 7095944.0 75
1714271808797 7095944.0 76
1714272497144 7095944.0 77
1714273174428 7095944.0 78
1714273863385 7095944.0 79
1714274548650 7095944.0 80
1714275248379 7095944.0 81
1714275932172 7095944.0 82
1714276616049 7095944.0 83
1714277299879 7095944.0 84
1714278000337 7095944.0 85
1714278668307 7095944.0 86
1714279365116 7095944.0 87
1714280047319 7095944.0 88
1714280744286 7095944.0 89
1714281432359 7095944.0 90
1714282102046 7095944.0 91
1714282812213 7095944.0 92
1714283496629 7095944.0 93
1714284207158 7095944.0 94
1714284879550 7095944.0 95
1714285593264 7095944.0 96
1714286276249 7095944.0 97
1714286961881 7095944.0 98
1714287650601 7095944.0 99
1714288347753 7095944.0 100
1714289025116 7095944.0 101
1714289740735 7095944.0 102
1714290440935 7095944.0 103
1714291143481 7095944.0 104
1714291827756 7095944.0 105
1714292512155 7095944.0 106
