1714225100002 9.999999999999821e-06 0
1714225746561 9.999999999999821e-06 1
1714226340254 8.001562500000023e-06 2
1714226958528 6.003125000000018e-06 3
1714227536879 4.004687499999941e-06 4
1714228122697 2.0062500000000102e-06 5
1714228718753 1.284323395960249e-08 6
1714229288533 1.5056221881001066e-08 7
1714229871445 1.7671149766564087e-08 8
1714230454856 2.0687806937676157e-08 9
1714231027102 2.4105950349332582e-08 10
1714231640921 2.7925304609722768e-08 11
1714232206319 3.21455620024191e-08 12
1714232830802 3.676638251116694e-08 13
1714233394185 4.178739384727485e-08 14
1714234015714 4.7208191479620554e-08 15
1714234599553 5.3028338667229953e-08 16
1714235186354 5.924736649448051e-08 17
1714235759044 6.586477390885416e-08 18
1714236358825 7.288002776133852e-08 19
1714236930994 8.029256284935911e-08 20
1714237598536 8.810178196231198e-08 21
1714238159925 9.630705592971541e-08 22
1714238850415 1.0490772367184719e-07 23
1714239414206 1.1390309225305615e-07 24
1714240091906 1.232924369375615e-07 25
1714240667013 1.3307500124784115e-07 26
1714241264090 1.4324999702560528e-07 27
1714241848252 1.5381660449526022e-07 28
1714242432844 1.6477397233000038e-07 29
1714243021303 1.761212177203559e-07 30
1714243606132 1.8785742644532728e-07 31
1714244193226 1.999816529460669e-07 32
1714244799769 2.124929204020389e-07 33
1714245374174 2.2539022080972905e-07 34
1714245972909 2.3867251506382734e-07 35
1714246569090 2.523387330410053e-07 36
1714247142785 2.663877736860865e-07 37
1714247838041 2.8081850510074475e-07 38
1714248406070 2.956297646347648e-07 39
1714249081888 3.1082035897963723e-07 40
1714249651192 3.263890642647546e-07 41
1714250327109 3.42334626155983e-07 42
1714250899476 3.5865575995674667e-07 43
1714251496165 3.753511507115088e-07 44
1714252085689 3.9241945331175147e-07 45
1714252669887 4.0985929260427454e-07 46
1714253258938 4.2766926350209375e-07 47
1714253880204 4.458479310975325e-07 48
1714254464577 4.643938307779415e-07 49
1714255095077 4.833054683436e-07 50
1714255665399 5.025813201281461e-07 51
1714256274404 5.222198331213576e-07 52
1714256847668 5.422194250942195e-07 53
1714257430159 5.625784847264422e-07 54
1714258051479 5.832953717362601e-07 55
1714258619588 6.043684170126315e-07 56
1714259266514 6.25795922749609e-07 57
1714259837724 6.475761625832424e-07 58
1714260475481 6.697073817306265e-07 59
1714261050430 6.921877971312471e-07 60
1714261632984 7.150155975906827e-07 61
1714262258883 7.381889439264962e-07 62
1714262904204 7.617059691164555e-07 63
1714263549308 7.855647784489317e-07 64
1714264218011 8.097634496754816e-07 65
1714264896127 8.343000331658489e-07 66
1714265592684 8.591725520649488e-07 67
1714266288061 8.843790024522151e-07 68
1714266998336 9.099173535029469e-07 69
1714267697149 9.357855476519781e-07 70
1714268366515 9.61981500759528e-07 71
1714269073286 9.885031022789737e-07 72
1714269751297 1.0153482154270206e-06 73
1714270431354 1.0425146773556996e-06 74
1714271125970 1.0700002993268283e-06 75
1714271808789 1.0978028668882402e-06 76
1714272497135 1.1259201400521134e-06 77
1714273174414 1.1543498534756567e-06 78
1714273863371 1.183089716643375e-06 79
1714274548642 1.2121374140518168e-06 80
1714275248371 1.2414906053960396e-06 81
1714275932164 1.2711469257581026e-06 82
1714276616037 1.3011039857978081e-06 83
1714277299870 1.3313593719448883e-06 84
1714278000330 1.361910646593795e-06 85
1714278668300 1.3927553482998694e-06 86
1714279365103 1.423890991977668e-06 87
1714280047311 1.4553150691013864e-06 88
1714280744278 1.4870250479066385e-06 89
1714281432347 1.519018373594704e-06 90
1714282102037 1.5512924685382753e-06 91
1714282812199 1.5838447324891112e-06 92
1714283496615 1.6166725427874607e-06 93
1714284207150 1.6497732545735747e-06 94
1714284879542 1.6831442010006695e-06 95
1714285593251 1.71678269344966e-06 96
1714286276242 1.7506860217459527e-06 97
1714286961868 1.7848514543778886e-06 98
1714287650593 1.819276238716493e-06 99
1714288347747 1.853957601237529e-06 100
1714289025108 1.8888927477448711e-06 101
1714289740721 1.9240788635954803e-06 102
1714290440921 1.9595131139264517e-06 103
1714291143473 1.9951926438831874e-06 104
1714291827745 2.0311145788496012e-06 105
1714292512148 2.0672760246793826e-06 106
