1714225100007 3.755825175701276 0
1714225746565 3.733168984479878 1
1714226340258 3.7064342382161515 2
1714226958532 3.7186351744053154 3
1714227536881 3.6858634041703264 4
1714228122702 3.6994287394311116 5
1714228718758 3.6997831267831116 6
1714229288536 3.6879918983449107 7
1714229871448 3.6887537848366345 8
1714230454861 3.674511458400799 9
1714231027105 3.616562661593375 10
1714231640926 3.611499915304391 11
1714232206321 3.6986916719571403 12
1714232830804 3.681111778740002 13
1714233394188 3.712765940181587 14
1714234015717 3.647342500479325 15
1714234599557 3.665041952515426 16
1714235186356 3.7187618997109975 17
1714235759048 3.676905037916225 18
1714236358826 3.635476572682028 19
1714236930997 3.6449062247639117 20
1714237598539 3.6330035968643166 21
1714238159929 3.6734149815595667 22
1714238850420 3.630683487848095 23
1714239414208 3.6634036059612813 24
1714240091911 3.6603914518719134 25
1714240667017 3.6925217745744665 26
1714241264095 3.660280398214641 27
1714241848254 3.649143189029849 28
1714242432849 3.603083305546771 29
1714243021305 3.64752463494306 30
1714243606134 3.6664459676198335 31
1714244193229 3.6542149038742417 32
1714244799771 3.6731621908104937 33
1714245374175 3.6479637917617094 34
1714245972911 3.6750661944565564 35
1714246569094 3.634460092400727 36
1714247142787 3.623550000398055 37
1714247838046 3.6365688112766845 38
1714248406074 3.636469505727291 39
1714249081890 3.651935711988936 40
1714249651194 3.68294230054902 41
1714250327111 3.6752742122372855 42
1714250899481 3.6517443302208963 43
1714251496168 3.6380461449532406 44
1714252085690 3.6643645998252476 45
1714252669891 3.576048077448555 46
1714253258941 3.6605957045179345 47
1714253880205 3.602899790296088 48
1714254464579 3.6389435847168383 49
1714255095080 3.6332028432060843 50
1714255665402 3.615720601995354 51
1714256274407 3.6308449599082055 52
1714256847672 3.6573836419569408 53
1714257430163 3.5677867855714713 54
1714258051480 3.5726380111730616 55
1714258619592 3.580380724662024 56
1714259266519 3.608963054321382 57
1714259837726 3.6259313261379367 58
1714260475486 3.64371153647485 59
1714261050432 3.591251615434885 60
1714261632988 3.655028769017562 61
1714262258887 3.6766251704615094 62
1714262904209 3.6119105015759883 63
1714263549313 3.640049051169468 64
1714264218016 3.6375056011197358 65
1714264896129 3.643757861269557 66
1714265592686 3.6420672278365362 67
1714266288062 3.665408435885025 68
1714266998338 3.61492001524438 69
1714267697155 3.63047989214892 70
1714268366518 3.6595535116351168 71
1714269073289 3.6265740081991837 72
1714269751304 3.6136838009823924 73
1714270431356 3.6349610203634137 74
1714271125973 3.6422216581261675 75
1714271808791 3.6315637766990974 76
1714272497137 3.6177686559765236 77
1714273174419 3.5838606645879536 78
1714273863376 3.6237047956041666 79
1714274548644 3.6158129482165626 80
1714275248373 3.655084040501843 81
1714275932166 3.658050238762213 82
1714276616041 3.617435872554779 83
1714277299873 3.6173498528483123 84
1714278000332 3.652876362690459 85
1714278668302 3.634053903105466 86
1714279365107 3.6268509414208974 87
1714280047314 3.6290935109490934 88
1714280744280 3.5828161675321017 89
1714281432350 3.6184722290414832 90
1714282102039 3.6091976970758126 91
1714282812204 3.642962006447108 92
1714283496619 3.618031215570543 93
1714284207152 3.594048213051713 94
1714284879545 3.621588406517454 95
1714285593254 3.619928885575222 96
1714286276244 3.6067515052855015 97
1714286961872 3.609879089600366 98
1714287650595 3.625463032366141 99
1714288347749 3.6340754445156325 100
1714289025110 3.548945408800374 101
1714289740725 3.5976062737729237 102
1714290440925 3.601260826801476 103
1714291143475 3.6226331675830097 104
1714291827748 3.548202912606623 105
1714292512150 3.589354308726995 106
