1718756784678 0.0 0
1718757142920 1.0 1
1718757745184 2.0 2
1718758362962 3.0 3
1718758893095 4.0 4
1718759459153 5.0 5
1718760004992 6.0 6
1718760551808 7.0 7
1718761098855 8.0 8
1718761668693 9.0 9
1718762229576 10.0 10
1718762817843 11.0 11
1718763345435 12.0 12
1718763909830 13.0 13
1718764451409 14.0 14
1718765022248 15.0 15
1718765506699 16.0 16
1718766051639 17.0 17
1718766611002 18.0 18
1718767192690 19.0 19
1718767766715 20.0 20
1718768280057 21.0 21
1718768836674 22.0 22
1718769389733 23.0 23
1718769944693 24.0 24
1718770494174 25.0 25
1718771073999 26.0 26
1718771640460 27.0 27
1718772174093 28.0 28
1718772734834 29.0 29
1718773271924 30.0 30
1718773821446 31.0 31
1718774366245 32.0 32
1718774921501 33.0 33
1718775466090 34.0 34
1718776054025 35.0 35
1718776644244 36.0 36
1718777258690 37.0 37
1718777821642 38.0 38
1718778394541 39.0 39
1718778903783 40.0 40
1718779472392 41.0 41
1718779952596 42.0 42
1718780505334 43.0 43
1718781068175 44.0 44
1718781643123 45.0 45
1718782212748 46.0 46
1718782772105 47.0 47
1718783336986 48.0 48
1718783946227 49.0 49
1718784535139 50.0 50
1718785111724 51.0 51
1718785678914 52.0 52
1718786307740 53.0 53
1718786898325 54.0 54
1718787476464 55.0 55
1718788047463 56.0 56
1718788676938 57.0 57
1718789297403 58.0 58
1718789871764 59.0 59
1718790450065 60.0 60
1718790931319 61.0 61
1718791479802 62.0 62
1718791999276 63.0 63
1718792513274 64.0 64
1718793081002 65.0 65
1718793556009 66.0 66
1718794121402 67.0 67
1718794698110 68.0 68
1718795283401 69.0 69
1718795881518 70.0 70
1718796487743 71.0 71
1718797059049 72.0 72
1718797629902 73.0 73
1718798129378 74.0 74
1718798664883 75.0 75
1718799242444 76.0 76
1718799810822 77.0 77
1718800338662 78.0 78
1718800916402 79.0 79
1718801390774 80.0 80
1718801939994 81.0 81
1718802476309 82.0 82
1718802990310 83.0 83
1718803535133 84.0 84
1718804047081 85.0 85
1718804575422 86.0 86
1718805137486 87.0 87
1718805686251 88.0 88
1718806254247 89.0 89
1718806807584 90.0 90
1718807369038 91.0 91
1718807927551 92.0 92
1718808483899 93.0 93
1718809011057 94.0 94
1718809295394 95.0 95
1718809579890 96.0 96
1718809864395 97.0 97
1718810148630 98.0 98
1718810433132 99.0 99
1718810717591 100.0 100
1718811002162 101.0 101
1718811286211 102.0 102
1718811570035 103.0 103
1718811853637 104.0 104
1718812136880 105.0 105
1718812420314 106.0 106
1718812703847 107.0 107
1718812988481 108.0 108
1718813272466 109.0 109
1718813555603 110.0 110
1718813839543 111.0 111
1718814123580 112.0 112
1718814406803 113.0 113
1718814690983 114.0 114
1718814975764 115.0 115
1718815260201 116.0 116
1718815545019 117.0 117
1718815828934 118.0 118
1718816114186 119.0 119
1718816399080 120.0 120
1718816683033 121.0 121
1718816967567 122.0 122
1718817252453 123.0 123
1718817537793 124.0 124
1718817822796 125.0 125
1718818107710 126.0 126
1718818392146 127.0 127
1718818674902 128.0 128
1718818957850 129.0 129
1718819241811 130.0 130
1718819526106 131.0 131
1718819810679 132.0 132
1718820095236 133.0 133
1718820379840 134.0 134
1718820664098 135.0 135
1718820948254 136.0 136
1718821232663 137.0 137
1718821516642 138.0 138
1718821799837 139.0 139
1718822082835 140.0 140
1718822365407 141.0 141
1718822648486 142.0 142
1718822931709 143.0 143
1718823214730 144.0 144
1718823497476 145.0 145
1718823780188 146.0 146
1718824063380 147.0 147
1718824346432 148.0 148
1718824629149 149.0 149
1718824911900 150.0 150
1718825194692 151.0 151
1718825478312 152.0 152
1718825761964 153.0 153
1718826045472 154.0 154
1718826330655 155.0 155
1718826615705 156.0 156
1718826900720 157.0 157
1718827185385 158.0 158
1718827470120 159.0 159
1718827754794 160.0 160
1718828039948 161.0 161
1718828324234 162.0 162
1718828608260 163.0 163
1718828892480 164.0 164
1718829176543 165.0 165
1718829459209 166.0 166
1718829741590 167.0 167
1718830024384 168.0 168
1718830309027 169.0 169
1718830594155 170.0 170
1718830879289 171.0 171
1718831162897 172.0 172
1718831447675 173.0 173
1718831730615 174.0 174
1718832012966 175.0 175
1718832295367 176.0 176
1718832577956 177.0 177
1718832860647 178.0 178
1718833143050 179.0 179
1718833425100 180.0 180
1718833710750 181.0 181
1718833995583 182.0 182
1718834279326 183.0 183
1718834561034 184.0 184
1718834845880 185.0 185
1718835130778 186.0 186
1718835413317 187.0 187
1718835695723 188.0 188
1718835977743 189.0 189
1718836260485 190.0 190
1718836543087 191.0 191
1718836825906 192.0 192
1718837108107 193.0 193
1718837389767 194.0 194
1718837672333 195.0 195
1718837957212 196.0 196
1718838244227 197.0 197
1718838531051 198.0 198
1718838815733 199.0 199
1718839099900 200.0 200
1718839385932 201.0 201
1718839671653 202.0 202
1718839955336 203.0 203
1718840239370 204.0 204
1718840523074 205.0 205
1718840808483 206.0 206
1718841092795 207.0 207
1718841378355 208.0 208
1718841663738 209.0 209
1718841950157 210.0 210
1718842234844 211.0 211
1718842518858 212.0 212
1718842802986 213.0 213
1718843088273 214.0 214
1718843500218 215.0 215
1718843798785 216.0 216
1718844099475 217.0 217
1718844416631 218.0 218
1718844767932 219.0 219
1718845095710 220.0 220
1718845433927 221.0 221
1718845797032 222.0 222
1718846146520 223.0 223
1718846496084 224.0 224
1718846845004 225.0 225
1718847191241 226.0 226
1718847554991 227.0 227
1718847903604 228.0 228
1718848252778 229.0 229
1718848604090 230.0 230
1718848946110 231.0 231
1718849303547 232.0 232
1718849667831 233.0 233
1718850022429 234.0 234
1718850376182 235.0 235
1718850719086 236.0 236
1718851067763 237.0 237
1718851428132 238.0 238
1718851789620 239.0 239
1718852139527 240.0 240
1718852484052 241.0 241
1718852826599 242.0 242
1718853178744 243.0 243
1718853541452 244.0 244
1718853902093 245.0 245
1718854251150 246.0 246
1718854592941 247.0 247
1718854944731 248.0 248
1718855294701 249.0 249
