1718756784680 7080504.0 0
1718757142922 7080504.0 1
1718757745186 7080504.0 2
1718758362964 7080504.0 3
1718758893097 7080504.0 4
1718759459155 7080504.0 5
1718760004994 7080504.0 6
1718760551810 7080504.0 7
1718761098857 7080504.0 8
1718761668695 7080504.0 9
1718762229578 7080504.0 10
1718762817845 7080504.0 11
1718763345437 7080504.0 12
1718763909831 7080504.0 13
1718764451411 7080504.0 14
1718765022249 7080504.0 15
1718765506701 7080504.0 16
1718766051641 7080504.0 17
1718766611004 7080504.0 18
1718767192691 7080504.0 19
1718767766717 7080504.0 20
1718768280059 7080504.0 21
1718768836676 7080504.0 22
1718769389735 7080504.0 23
1718769944695 7080504.0 24
1718770494175 7080504.0 25
1718771074000 7080504.0 26
1718771640461 7080504.0 27
1718772174095 7080504.0 28
1718772734836 7080504.0 29
1718773271926 7080504.0 30
1718773821448 7080504.0 31
1718774366247 7080504.0 32
1718774921503 7080504.0 33
1718775466092 7080504.0 34
1718776054027 7080504.0 35
1718776644245 7080504.0 36
1718777258691 7080504.0 37
1718777821644 7080504.0 38
1718778394543 7080504.0 39
1718778903785 7080504.0 40
1718779472394 7080504.0 41
1718779952598 7080504.0 42
1718780505335 7080504.0 43
1718781068176 7080504.0 44
1718781643125 7080504.0 45
1718782212750 7080504.0 46
1718782772106 7080504.0 47
1718783336988 7080504.0 48
1718783946229 7080504.0 49
1718784535141 7080504.0 50
1718785111726 7080504.0 51
1718785678915 7080504.0 52
1718786307742 7080504.0 53
1718786898327 7080504.0 54
1718787476466 7080504.0 55
1718788047463 7080504.0 56
1718788676939 7080504.0 57
1718789297405 7080504.0 58
1718789871765 7080504.0 59
1718790450067 7080504.0 60
1718790931321 7080504.0 61
1718791479804 7080504.0 62
1718791999277 7080504.0 63
1718792513275 7080504.0 64
1718793081004 7080504.0 65
1718793556010 7080504.0 66
1718794121404 7080504.0 67
1718794698112 7080504.0 68
1718795283403 7080504.0 69
1718795881520 7080504.0 70
1718796487745 7080504.0 71
1718797059050 7080504.0 72
1718797629904 7080504.0 73
1718798129380 7080504.0 74
1718798664884 7080504.0 75
1718799242446 7080504.0 76
1718799810823 7080504.0 77
1718800338664 7080504.0 78
1718800916404 7080504.0 79
1718801390776 7080504.0 80
1718801939995 7080504.0 81
1718802476311 7080504.0 82
1718802990312 7080504.0 83
1718803535134 7080504.0 84
1718804047083 7080504.0 85
1718804575424 7080504.0 86
1718805137487 7080504.0 87
1718805686252 7080504.0 88
1718806254248 7080504.0 89
1718806807585 7080504.0 90
1718807369039 7080504.0 91
1718807927552 7080504.0 92
1718808483900 7080504.0 93
1718809011059 7080504.0 94
1718809295396 7080504.0 95
1718809579892 7080504.0 96
1718809864397 7080504.0 97
1718810148632 7080504.0 98
1718810433134 7080504.0 99
1718810717593 7080504.0 100
1718811002164 7080504.0 101
1718811286212 7080504.0 102
1718811570037 7080504.0 103
1718811853639 7080504.0 104
1718812136882 7080504.0 105
1718812420316 7080504.0 106
1718812703849 7080504.0 107
1718812988483 7080504.0 108
1718813272468 7080504.0 109
1718813555606 7080504.0 110
1718813839545 7080504.0 111
1718814123582 7080504.0 112
1718814406805 7080504.0 113
1718814690985 7080504.0 114
1718814975766 7080504.0 115
1718815260203 7080504.0 116
1718815545022 7080504.0 117
1718815828936 7080504.0 118
1718816114188 7080504.0 119
1718816399082 7080504.0 120
1718816683035 7080504.0 121
1718816967569 7080504.0 122
1718817252455 7080504.0 123
1718817537795 7080504.0 124
1718817822797 7080504.0 125
1718818107712 7080504.0 126
1718818392148 7080504.0 127
1718818674904 7080504.0 128
1718818957852 7080504.0 129
1718819241814 7080504.0 130
1718819526108 7080504.0 131
1718819810681 7080504.0 132
1718820095238 7080504.0 133
1718820379841 7080504.0 134
1718820664100 7080504.0 135
1718820948256 7080504.0 136
1718821232665 7080504.0 137
1718821516644 7080504.0 138
1718821799839 7080504.0 139
1718822082837 7080504.0 140
1718822365409 7080504.0 141
1718822648489 7080504.0 142
1718822931711 7080504.0 143
1718823214732 7080504.0 144
1718823497478 7080504.0 145
1718823780190 7080504.0 146
1718824063381 7080504.0 147
1718824346434 7080504.0 148
1718824629151 7080504.0 149
1718824911901 7080504.0 150
1718825194693 7080504.0 151
1718825478314 7080504.0 152
1718825761966 7080504.0 153
1718826045474 7080504.0 154
1718826330657 7080504.0 155
1718826615707 7080504.0 156
1718826900721 7080504.0 157
1718827185387 7080504.0 158
1718827470122 7080504.0 159
1718827754796 7080504.0 160
1718828039950 7080504.0 161
1718828324236 7080504.0 162
1718828608262 7080504.0 163
1718828892482 7080504.0 164
1718829176544 7080504.0 165
1718829459211 7080504.0 166
1718829741591 7080504.0 167
1718830024385 7080504.0 168
1718830309029 7080504.0 169
1718830594157 7080504.0 170
1718830879291 7080504.0 171
1718831162899 7080504.0 172
1718831447677 7080504.0 173
1718831730617 7080504.0 174
1718832012968 7080504.0 175
1718832295369 7080504.0 176
1718832577958 7080504.0 177
1718832860649 7080504.0 178
1718833143051 7080504.0 179
1718833425102 7080504.0 180
1718833710752 7080504.0 181
1718833995584 7080504.0 182
1718834279332 7080504.0 183
1718834561035 7080504.0 184
1718834845882 7080504.0 185
1718835130780 7080504.0 186
1718835413318 7080504.0 187
1718835695725 7080504.0 188
1718835977745 7080504.0 189
1718836260486 7080504.0 190
1718836543089 7080504.0 191
1718836825907 7080504.0 192
1718837108109 7080504.0 193
1718837389769 7080504.0 194
1718837672335 7080504.0 195
1718837957214 7080504.0 196
1718838244229 7080504.0 197
1718838531052 7080504.0 198
1718838815735 7080504.0 199
1718839099902 7080504.0 200
1718839385934 7080504.0 201
1718839671655 7080504.0 202
1718839955338 7080504.0 203
1718840239371 7080504.0 204
1718840523076 7080504.0 205
1718840808485 7080504.0 206
1718841092797 7080504.0 207
1718841378357 7080504.0 208
1718841663740 7080504.0 209
1718841950159 7080504.0 210
1718842234846 7080504.0 211
1718842518860 7080504.0 212
1718842802988 7080504.0 213
1718843088275 7080504.0 214
1718843500219 7080504.0 215
1718843798787 7080504.0 216
1718844099477 7080504.0 217
1718844416633 7080504.0 218
1718844767933 7080504.0 219
1718845095711 7080504.0 220
1718845433928 7080504.0 221
1718845797033 7080504.0 222
1718846146522 7080504.0 223
1718846496085 7080504.0 224
1718846845005 7080504.0 225
1718847191242 7080504.0 226
1718847554992 7080504.0 227
1718847903605 7080504.0 228
1718848252779 7080504.0 229
1718848604091 7080504.0 230
1718848946111 7080504.0 231
1718849303548 7080504.0 232
1718849667832 7080504.0 233
1718850022431 7080504.0 234
1718850376183 7080504.0 235
1718850719087 7080504.0 236
1718851067764 7080504.0 237
1718851428134 7080504.0 238
1718851789621 7080504.0 239
1718852139528 7080504.0 240
1718852484054 7080504.0 241
1718852826601 7080504.0 242
1718853178745 7080504.0 243
1718853541453 7080504.0 244
1718853902095 7080504.0 245
1718854251151 7080504.0 246
1718854592942 7080504.0 247
1718854944732 7080504.0 248
1718855294702 7080504.0 249
