1718756784668 4.704565009669118 0
1718757142912 3.202709801009168 1
1718757745174 2.6108447770061702 2
1718758362953 2.3487148156956486 3
1718758893086 2.2083174871361773 4
1718759459145 2.1317093488962753 5
1718760004984 2.1148508285050807 6
1718760551799 2.111611753864133 7
1718761098847 2.1278622932732105 8
1718761668686 2.1271812058985233 9
1718762229568 2.109519848033138 10
1718762817833 2.105944498401621 11
1718763345425 2.09671482540991 12
1718763909827 2.105300491432781 13
1718764451400 2.094140251207611 14
1718765022244 2.0802326573301917 15
1718765506691 2.1120724148400454 16
1718766051631 2.1037680513185 17
1718766610994 2.1038343938796418 18
1718767192682 2.070202083205399 19
1718767766707 2.0877931663847487 20
1718768280047 2.088951384081789 21
1718768836665 2.0654451753134313 22
1718769389725 2.0733220616112584 23
1718769944687 2.0619476246445076 24
1718770494167 2.069743104117072 25
1718771073995 2.0683856587047162 26
1718771640453 2.0673180384480436 27
1718772174085 2.0637262163926726 28
1718772734826 2.0487620872647865 29
1718773271916 2.050523929459893 30
1718773821438 2.039044577628374 31
1718774366236 2.0276718099156152 32
1718774921492 2.0198629513058974 33
1718775466080 2.0023961943452773 34
1718776054017 2.036626412168793 35
1718776644237 2.0061821022435375 36
1718777258682 1.985514448226794 37
1718777821633 2.0194628865498565 38
1718778394533 1.9754551020653353 39
1718778903776 1.9790704634202563 40
1718779472382 1.9768582286070222 41
1718779952587 1.9565580963440563 42
1718780505330 1.963116808268039 43
1718781068165 1.9528462935401045 44
1718781643115 1.9438258819282055 45
1718782212742 1.9517538516741733 46
1718782772101 1.9617080079472584 47
1718783336978 1.9255548283133819 48
1718783946219 1.9183229102712611 49
1718784535129 1.9184907849716104 50
1718785111716 1.9160624489836071 51
1718785678905 1.916363699928574 52
1718786307732 1.909295249244441 53
1718786898316 1.8941185939247194 54
1718787476456 1.8950576636454333 55
1718788047458 1.866220831223156 56
1718788676935 1.8597498720754748 57
1718789297397 1.8714393727157428 58
1718789871760 1.8409222652730735 59
1718790450056 1.8561329689362775 60
1718790931310 1.8201104914364608 61
1718791479793 1.842368576189746 62
1718791999269 1.8213611144734465 63
1718792513271 1.8285186771789324 64
1718793080994 1.8250398436642212 65
1718793556004 1.8373539086593234 66
1718794121393 1.8259662271517774 67
1718794698102 1.8027883058656817 68
1718795283393 1.7967275758476362 69
1718795881514 1.7986442117911319 70
1718796487734 1.7696808262363724 71
1718797059045 1.765327130322871 72
1718797629894 1.7824810809739258 73
1718798129369 1.75850803113502 74
1718798664877 1.7574792548042277 75
1718799242434 1.7355172308566778 76
1718799810816 1.7271466736236345 77
1718800338653 1.7372668247831904 78
1718800916394 1.7360397391021252 79
1718801390768 1.7239274981877077 80
1718801939991 1.7010146152714025 81
1718802476303 1.7123745057893835 82
1718802990302 1.7179548248000767 83
1718803535127 1.7006484895296718 84
1718804047075 1.691954090219477 85
1718804575414 1.6946990046164263 86
1718805137483 1.669931357483501 87
1718805686246 1.6806862822369388 88
1718806254241 1.6904158729897893 89
1718806807578 1.655225912351971 90
1718807369034 1.6741442681978578 91
1718807927545 1.673199533606353 92
1718808483895 1.6575367557613745 93
1718809011047 1.643353439381589 94
1718809295386 1.6451678097895954 95
1718809579882 1.6567423849002174 96
1718809864386 1.6808037116475727 97
1718810148620 1.6417442058091578 98
1718810433122 1.6234227695866772 99
1718810717581 1.6379066376906375 100
1718811002153 1.6250136050841082 101
1718811286201 1.6204363821965198 102
1718811570025 1.622538569342831 103
1718811853627 1.6134081142752066 104
1718812136871 1.6161279289618782 105
1718812420304 1.6170385523658732 106
1718812703837 1.6025237588454848 107
1718812988472 1.6009455914406672 108
1718813272461 1.5665431333624797 109
1718813555594 1.57986139052588 110
1718813839533 1.5779031915185244 111
1718814123571 1.5693318670534568 112
1718814406793 1.5695429679168307 113
1718814690975 1.5811123485150544 114
1718814975753 1.5574700686594714 115
1718815260191 1.5839902392548064 116
1718815545010 1.5848991312086582 117
1718815828925 1.5414777770638466 118
1718816114177 1.5545570523194645 119
1718816399069 1.5412053299014983 120
1718816683023 1.560214119274979 121
1718816967557 1.5342037316573702 122
1718817252444 1.533898592643116 123
1718817537784 1.538622083871261 124
1718817822791 1.5554934215286504 125
1718818107701 1.5271755262561466 126
1718818392137 1.543363266017126 127
1718818674893 1.539269410883603 128
1718818957840 1.5216217909170233 129
1718819241803 1.5139806116728678 130
1718819526097 1.5108403621808342 131
1718819810671 1.5018908687583779 132
1718820095227 1.5036691090335017 133
1718820379836 1.5094979157590347 134
1718820664089 1.523524118344421 135
1718820948244 1.4981342928241128 136
1718821232654 1.5109867129636847 137
1718821516633 1.5131304722441279 138
1718821799828 1.5076823135756927 139
1718822082827 1.5097088912582917 140
1718822365399 1.4671223494021788 141
1718822648477 1.4784037993977899 142
1718822931698 1.5037705449630385 143
1718823214722 1.4664694187433824 144
1718823497467 1.483748648153699 145
1718823780179 1.4928404879958734 146
1718824063369 1.4833931828970495 147
1718824346424 1.4716144106958224 148
1718824629139 1.4753363670214363 149
1718824911894 1.4664505378383657 150
1718825194687 1.485607513267061 151
1718825478303 1.461982416231995 152
1718825761955 1.4619771638966126 153
1718826045462 1.4651813503840696 154
1718826330647 1.4561923037728537 155
1718826615696 1.4447095650045767 156
1718826900710 1.467144517470961 157
1718827185377 1.470403322869021 158
1718827470111 1.4527837791196678 159
1718827754786 1.4287228621542454 160
1718828039938 1.4550147335166517 161
1718828324226 1.4428858395827853 162
1718828608250 1.449680936401305 163
1718828892470 1.4551515448028627 164
1718829176539 1.427632086302923 165
1718829459199 1.454790643699791 166
1718829741586 1.4381476203384607 167
1718830024374 1.4357060872666214 168
1718830309019 1.4379000872697518 169
1718830594146 1.4389016046796157 170
1718830879280 1.4113226455190908 171
1718831162888 1.4206451308792052 172
1718831447666 1.4225374544444291 173
1718831730606 1.4078322176052176 174
1718832012958 1.4204929632985073 175
1718832295358 1.4303686163671638 176
1718832577946 1.4171570597783378 177
1718832860638 1.4011835374909898 178
1718833143045 1.4193603156701378 179
1718833425091 1.4017788124797137 180
1718833710742 1.4169965384770995 181
1718833995573 1.4222641195292058 182
1718834279317 1.4043566165087016 183
1718834561029 1.408092238008976 184
1718834845872 1.3955141882533613 185
1718835130768 1.3967188391024652 186
1718835413308 1.398457782909922 187
1718835695715 1.4035952957751958 188
1718835977735 1.401835375667914 189
1718836260476 1.3984128887886587 190
1718836543078 1.3903054468657658 191
1718836825897 1.3906979094380918 192
1718837108100 1.4010237479663414 193
1718837389758 1.3928790840765704 194
1718837672324 1.3962254109589949 195
1718837957202 1.3867283664319827 196
1718838244218 1.3922337808686753 197
1718838531047 1.401328694237315 198
1718838815724 1.4064304452875387 199
1718839099891 1.3754940541542096 200
1718839385922 1.372068427665078 201
1718839671644 1.3774425994766795 202
1718839955327 1.3832435627346453 203
1718840239361 1.3953377832861051 204
1718840523065 1.3673489612081777 205
1718840808474 1.3824251972786759 206
1718841092785 1.3728062309648679 207
1718841378345 1.3620543398934861 208
1718841663728 1.3567902977051942 209
1718841950146 1.3665839331629483 210
1718842234834 1.367675218893134 211
1718842518849 1.3582236556255298 212
1718842802976 1.3696683412012847 213
1718843088263 1.3634495762703212 214
1718843500213 1.3545848596031251 215
1718843798775 1.3535130880773067 216
1718844099466 1.3762693248851143 217
1718844416627 1.3550571449424909 218
1718844767927 1.3462952663717063 219
1718845095704 1.3497429452836514 220
1718845433923 1.3670073357289252 221
1718845797028 1.3701911129705284 222
1718846146516 1.3588119528215865 223
1718846496079 1.3567493485043878 224
1718846844999 1.33939750071453 225
1718847191236 1.3462060100358466 226
1718847554986 1.3573046911345876 227
1718847903600 1.3529914696903333 228
1718848252772 1.3633839784433013 229
1718848604085 1.3550853397211302 230
1718848946106 1.3422746493116668 231
1718849303543 1.357546580388494 232
1718849667827 1.355599751615006 233
1718850022425 1.3380722202684567 234
1718850376178 1.3468847336328549 235
1718850719081 1.3377218095828658 236
1718851067758 1.3304352391025294 237
1718851428128 1.3450383331788622 238
1718851789615 1.3349749581969304 239
1718852139523 1.3466010674348343 240
1718852484048 1.3411752790536569 241
1718852826595 1.3412253375610579 242
1718853178739 1.3430770470396332 243
1718853541447 1.3302599016738974 244
1718853902089 1.3453040681779385 245
1718854251146 1.3377022127742353 246
1718854592937 1.3284153347106085 247
1718854944727 1.3193207639067068 248
1718855294696 1.3195003272722596 249
