1718756784663 9.999999999999821e-06 0
1718757142907 9.999999999999821e-06 1
1718757745169 8.003125000000054e-06 2
1718758362948 6.006250000000084e-06 3
1718758893082 4.009374999999961e-06 4
1718759459140 2.0124999999999786e-06 5
1718760004980 2.547594167448766e-08 6
1718760551794 2.9808302605216855e-08 7
1718761098843 3.492674810556928e-08 8
1718761668681 4.0830469913665624e-08 9
1718762229563 4.751853576339509e-08 10
1718762817829 5.498988953162855e-08 11
1718763345421 6.324335140500137e-08 12
1718763909825 7.227761806619712e-08 13
1718764451396 8.209126289978645e-08 14
1718765022242 9.268273621748121e-08 15
1718765506686 1.0405036550287616e-07 16
1718766051626 1.1619235567551963e-07 17
1718766610989 1.2910678937440756e-07 18
1718767192678 1.4279162726075904e-07 19
1718767766702 1.5724470834002356e-07 20
1718768280043 1.7246375030316084e-07 21
1718768836660 1.884463498870155e-07 22
1718769389720 2.051899832538382e-07 23
1718769944684 2.2269200638982295e-07 24
1718770494164 2.409496555226157e-07 25
1718771073992 2.599600475577924e-07 26
1718771640449 2.797201805340524e-07 27
1718772174080 3.002269340973366e-07 28
1718772734821 3.214770699935485e-07 29
1718773271911 3.434672325798837e-07 30
1718773821433 3.6619394935474794e-07 31
1718774366232 3.8965363150610546e-07 32
1718774921487 4.138425744781937e-07 33
1718775466076 4.387569585565078e-07 34
1718776054012 4.643928494709907e-07 35
1718776644234 4.907461990173027e-07 36
1718777258678 5.17812845696017e-07 37
1718777821627 5.455885153698624e-07 38
1718778394528 5.740688219386374e-07 39
1718778903772 6.032492680317479e-07 40
1718779472377 6.331252457185202e-07 41
1718779952582 6.636920372357199e-07 42
1718780505327 6.949448157326387e-07 43
1718781068160 7.268786460332559e-07 44
1718781643110 7.594884854155556e-07 45
1718782212739 7.927691844079031e-07 46
1718782772099 8.267154876021116e-07 47
1718783336973 8.613220344833964e-07 48
1718783946214 8.965833602768404e-07 49
1718784535124 9.32493896810314e-07 50
1718785111710 9.690479733938117e-07 51
1718785678901 1.0062398177149302e-06 52
1718786307728 1.044063556750281e-06 53
1718786898313 1.0825132176929678e-06 54
1718787476451 1.1215827288958545e-06 55
1718788047456 1.1612659208302355e-06 56
1718788676933 1.2015565270600477e-06 57
1718789297393 1.2424481852314805e-06 58
1718789871759 1.2839344380777264e-06 59
1718790450052 1.3260087344384783e-06 60
1718790931306 1.3686644302946887e-06 61
1718791479789 1.4118947898174135e-06 62
1718791999265 1.4556929864317493e-06 63
1718792513269 1.5000521038948211e-06 64
1718793080990 1.5449651373876432e-06 65
1718793556001 1.5904249946216246e-06 66
1718794121389 1.6364244969583511e-06 67
1718794698097 1.6829563805430792e-06 68
1718795283389 1.7300132974520331e-06 69
1718795881512 1.777587816852539e-06 70
1718796487730 1.8256724261764502e-06 71
1718797059042 1.8742595323066096e-06 72
1718797629890 1.9233414627756142e-06 73
1718798129365 1.9729104669776914e-06 74
1718798664875 2.0229587173925443e-06 75
1718799242429 2.0734783108211434e-06 76
1718799810813 2.124461269634135e-06 77
1718800338648 2.1758995430312897e-06 78
1718800916389 2.227785008312895e-06 79
1718801390765 2.280109472162528e-06 80
1718801939989 2.3328646719408296e-06 81
1718802476298 2.3860422769901118e-06 82
1718802990297 2.439633889950162e-06 83
1718803535124 2.493631048083954e-06 84
1718804047072 2.5480252246143407e-06 85
1718804575409 2.60280783007036e-06 86
1718805137481 2.6579702136434156e-06 87
1718805686244 2.713503664553698e-06 88
1718806254238 2.7693994134255832e-06 89
1718806807576 2.825648633672287e-06 90
1718807369031 2.8822424428900285e-06 91
1718807927543 2.9391719042600903e-06 92
1718808483893 2.99642802796067e-06 93
1718809011042 3.054001772586149e-06 94
1718809295381 3.1118840465747476e-06 95
1718809579877 3.170065709644442e-06 96
1718809864381 3.228537574236213e-06 97
1718810148615 3.287290406964755e-06 98
1718810433118 3.3463149300766618e-06 99
1718810717576 3.405601822915578e-06 100
1718811002148 3.465141723393809e-06 101
1718811286196 3.5249252294708655e-06 102
1718811570021 3.584942900638223e-06 103
1718811853623 3.645185259409568e-06 104
1718812136866 3.705642792818367e-06 105
1718812420299 3.7663059539192643e-06 106
1718812703833 3.827165163295592e-06 107
1718812988467 3.88821081057305e-06 108
1718813272459 3.949433255935963e-06 109
1718813555589 4.010822831650801e-06 110
1718813839528 4.072369843591554e-06 111
1718814123566 4.1340645727718645e-06 112
1718814406788 4.195897276878607e-06 113
1718814690970 4.257858191811177e-06 114
1718814975748 4.319937533222829e-06 115
1718815260186 4.382125498065731e-06 116
1718815545005 4.444412266139371e-06 117
1718815828920 4.506788001641283e-06 118
1718816114173 4.5692428547192775e-06 119
1718816399064 4.631766963028503e-06 120
1718816683018 4.694350453287328e-06 121
1718816967552 4.7569834428369814e-06 122
1718817252439 4.819656041202381e-06 123
1718817537779 4.882358351653907e-06 124
1718817822789 4.945080472769744e-06 125
1718818107695 5.007812500000019e-06 126
1718818392133 5.07054452723009e-06 127
1718818674888 5.133266648346135e-06 128
1718818957835 5.195968958797602e-06 129
1718819241797 5.258641557163041e-06 130
1718819526092 5.321274546712681e-06 131
1718819810666 5.383858036971545e-06 132
1718820095222 5.446382145280713e-06 133
1718820379835 5.508836998358745e-06 134
1718820664084 5.5712127338605995e-06 135
1718820948239 5.6334995019342885e-06 136
1718821232649 5.695687466777165e-06 137
1718821516628 5.7577668081887825e-06 138
1718821799823 5.8197277231212335e-06 139
1718822082822 5.8815604272281715e-06 140
1718822365394 5.943255156408505e-06 141
1718822648472 6.004802168349239e-06 142
1718822931693 6.066191744064066e-06 143
1718823214716 6.1274141894270415e-06 144
1718823497462 6.188459836704437e-06 145
1718823780173 6.249319046080777e-06 146
1718824063365 6.3099822071814794e-06 147
1718824346419 6.370439740590357e-06 148
1718824629135 6.4306820993618725e-06 149
1718824911893 6.49069977052907e-06 150
1718825194685 6.550483276606282e-06 151
1718825478298 6.610023177084425e-06 152
1718825761950 6.669310069923353e-06 153
1718826045457 6.7283345930353476e-06 154
1718826330642 6.7870874257638935e-06 155
1718826615691 6.845559290355481e-06 156
1718826900705 6.90374095342529e-06 157
1718827185372 6.9616232274138875e-06 158
1718827470106 7.019196972039283e-06 159
1718827754781 7.076453095739786e-06 160
1718828039933 7.133382557110113e-06 161
1718828324221 7.189976366327601e-06 162
1718828608245 7.246225586574415e-06 163
1718828892466 7.302121335446418e-06 164
1718829176537 7.357654786356587e-06 165
1718829459194 7.412817169929781e-06 166
1718829741584 7.46759977538557e-06 167
1718830024369 7.5219939519161e-06 168
1718830309014 7.575991110049978e-06 169
1718830594141 7.629582723009917e-06 170
1718830879275 7.682760328059307e-06 171
1718831162883 7.735515527837468e-06 172
1718831447661 7.787839991687096e-06 173
1718831730601 7.839725456968738e-06 174
1718832012952 7.891163730365797e-06 175
1718832295353 7.942146689178765e-06 176
1718832577941 7.992666282607348e-06 177
1718832860633 8.042714533022203e-06 178
1718833143043 8.092283537224422e-06 179
1718833425086 8.141365467693364e-06 180
1718833710737 8.18995257382346e-06 181
1718833995569 8.238037183147598e-06 182
1718834279312 8.285611702548013e-06 183
1718834561027 8.332668619457054e-06 184
1718834845867 8.379200503041659e-06 185
1718835130764 8.425200005378253e-06 186
1718835413303 8.47065986261242e-06 187
1718835695710 8.515572896105276e-06 188
1718835977730 8.559932013568136e-06 189
1718836260471 8.603730210182524e-06 190
1718836543073 8.646960569705349e-06 191
1718836825892 8.689616265561447e-06 192
1718837108094 8.731690561922368e-06 193
1718837389753 8.773176814768617e-06 194
1718837672319 8.81406847294001e-06 195
1718837957197 8.854359079169824e-06 196
1718838244213 8.894042271104089e-06 197
1718838531046 8.933111782307154e-06 198
1718838815719 8.971561443249703e-06 199
1718839099886 9.009385182285108e-06 200
1718839385918 9.046577026606334e-06 201
1718839671639 9.08313110318975e-06 202
1718839955323 9.119041639723078e-06 203
1718840239356 9.154302965516523e-06 204
1718840523060 9.188909512397927e-06 205
1718840808470 9.222855815591953e-06 206
1718841092780 9.256136514584392e-06 207
1718841378341 9.288746353966814e-06 208
1718841663723 9.320680184267392e-06 209
1718841950142 9.351932962764418e-06 210
1718842234830 9.382499754281614e-06 211
1718842518845 9.41237573196836e-06 212
1718842802971 9.441556178061498e-06 213
1718843088259 9.470036484630317e-06 214
1718843500211 9.497812154303879e-06 215
1718843798772 9.524878800982796e-06 216
1718844099462 9.551232150528895e-06 217
1718844416625 9.576868041443447e-06 218
1718844767925 9.601782425521698e-06 219
1718845095700 9.625971368493765e-06 220
1718845433921 9.64943105064529e-06 221
1718845797026 9.672157767420232e-06 222
1718846146514 9.694147930006336e-06 223
1718846496078 9.715398065902702e-06 224
1718846844997 9.735904819466001e-06 225
1718847191234 9.755664952442244e-06 226
1718847554984 9.774675344477298e-06 227
1718847903598 9.79293299361012e-06 228
1718848252769 9.810435016746249e-06 229
1718848604083 9.827178650113148e-06 230
1718848946104 9.843161249696764e-06 231
1718849303541 9.858380291659897e-06 232
1718849667825 9.87283337273911e-06 233
1718850022423 9.886518210625432e-06 234
1718850376176 9.899432644324549e-06 235
1718850719079 9.911574634496937e-06 236
1718851067756 9.922942263782509e-06 237
1718851428125 9.933533737100049e-06 238
1718851789613 9.943347381933902e-06 239
1718852139520 9.952381648595069e-06 240
1718852484045 9.960635110468385e-06 241
1718852826592 9.968106464236675e-06 242
1718853178737 9.974794530086264e-06 243
1718853541445 9.980698251894387e-06 244
1718853902087 9.985816697394939e-06 245
1718854251144 9.990149058325415e-06 246
1718854592935 9.993694650556515e-06 247
1718854944725 9.996452914198078e-06 248
1718855294693 9.998423413687617e-06 249
