1717313693352 0.0 0
1717314078321 1.0 1
1717314717095 2.0 2
1717315444170 3.0 3
1717316172973 4.0 4
1717316902147 5.0 5
1717317629807 6.0 6
1717318356478 7.0 7
1717319089182 8.0 8
1717319815485 9.0 9
1717320532430 10.0 10
1717321247440 11.0 11
1717321969801 12.0 12
1717322694307 13.0 13
1717323413273 14.0 14
1717324133460 15.0 15
1717324856668 16.0 16
1717325574364 17.0 17
1717326296283 18.0 18
1717327018413 19.0 19
1717327734564 20.0 20
1717328451189 21.0 21
1717329172248 22.0 22
1717329889300 23.0 23
1717330608891 24.0 24
1717331330817 25.0 25
1717332047576 26.0 26
1717332768952 27.0 27
1717333490235 28.0 28
1717334218363 29.0 29
1717334930355 30.0 30
1717335648435 31.0 31
1717336365930 32.0 32
1717337086414 33.0 33
1717337805349 34.0 34
1717338518985 35.0 35
1717339234756 36.0 36
1717339952650 37.0 37
1717340670496 38.0 38
1717341389651 39.0 39
1717342106550 40.0 40
1717342826661 41.0 41
1717343547959 42.0 42
1717344259972 43.0 43
1717344983738 44.0 44
1717345704327 45.0 45
1717346422304 46.0 46
1717347143282 47.0 47
1717347866687 48.0 48
1717348591561 49.0 49
1717349303856 50.0 50
1717350026636 51.0 51
1717350750268 52.0 52
1717351466312 53.0 53
1717352186549 54.0 54
1717352901814 55.0 55
1717353618583 56.0 56
1717354336795 57.0 57
1717355058215 58.0 58
1717355775153 59.0 59
1717356492721 60.0 60
1717357206736 61.0 61
1717357930710 62.0 62
1717358648251 63.0 63
1717359366771 64.0 64
1717360092557 65.0 65
1717360814203 66.0 66
1717361530553 67.0 67
1717362246005 68.0 68
1717362959331 69.0 69
1717363683187 70.0 70
1717364401191 71.0 71
1717365119658 72.0 72
1717365837406 73.0 73
1717366554326 74.0 74
1717367278729 75.0 75
1717367992371 76.0 76
1717368710475 77.0 77
1717369426891 78.0 78
1717370152030 79.0 79
1717370880197 80.0 80
1717371600625 81.0 81
1717372324372 82.0 82
1717373043781 83.0 83
1717373760332 84.0 84
1717374479882 85.0 85
1717375204079 86.0 86
1717375924555 87.0 87
1717376640444 88.0 88
1717377357801 89.0 89
1717378071971 90.0 90
1717378786009 91.0 91
1717379507236 92.0 92
1717380226978 93.0 93
1717380945699 94.0 94
1717381656785 95.0 95
1717382373951 96.0 96
1717383090605 97.0 97
1717383810988 98.0 98
1717384530737 99.0 99
1717385255762 100.0 100
1717385971578 101.0 101
1717386691646 102.0 102
1717387409487 103.0 103
1717388127812 104.0 104
1717388852748 105.0 105
1717389579382 106.0 106
1717390297928 107.0 107
1717391015061 108.0 108
1717391730791 109.0 109
1717392446549 110.0 110
1717393164420 111.0 111
1717393883189 112.0 112
1717394601575 113.0 113
1717395314337 114.0 114
1717396042789 115.0 115
1717396761195 116.0 116
1717397476885 117.0 117
1717398195762 118.0 118
1717398915517 119.0 119
1717399634409 120.0 120
1717400354734 121.0 121
1717401073598 122.0 122
1717401788864 123.0 123
1717402507040 124.0 124
1717403221302 125.0 125
1717403945311 126.0 126
1717404661770 127.0 127
1717405377522 128.0 128
1717406095147 129.0 129
1717406812507 130.0 130
1717407530676 131.0 131
1717408245403 132.0 132
1717408962755 133.0 133
1717409677810 134.0 134
1717410401472 135.0 135
1717411123033 136.0 136
1717411847093 137.0 137
1717412571612 138.0 138
1717413292754 139.0 139
1717414013040 140.0 140
1717414729482 141.0 141
1717415448276 142.0 142
1717416165797 143.0 143
1717416885163 144.0 144
1717417605741 145.0 145
1717418326663 146.0 146
1717419043853 147.0 147
