1717313693353 7076644.0 0
1717314078323 7076644.0 1
1717314717096 7076644.0 2
1717315444172 7076644.0 3
1717316172975 7076644.0 4
1717316902149 7076644.0 5
1717317629809 7076644.0 6
1717318356479 7076644.0 7
1717319089184 7076644.0 8
1717319815487 7076644.0 9
1717320532432 7076644.0 10
1717321247442 7076644.0 11
1717321969803 7076644.0 12
1717322694309 7076644.0 13
1717323413274 7076644.0 14
1717324133461 7076644.0 15
1717324856670 7076644.0 16
1717325574366 7076644.0 17
1717326296285 7076644.0 18
1717327018414 7076644.0 19
1717327734565 7076644.0 20
1717328451191 7076644.0 21
1717329172250 7076644.0 22
1717329889302 7076644.0 23
1717330608892 7076644.0 24
1717331330819 7076644.0 25
1717332047578 7076644.0 26
1717332768954 7076644.0 27
1717333490237 7076644.0 28
1717334218365 7076644.0 29
1717334930357 7076644.0 30
1717335648437 7076644.0 31
1717336365932 7076644.0 32
1717337086416 7076644.0 33
1717337805351 7076644.0 34
1717338518987 7076644.0 35
1717339234758 7076644.0 36
1717339952652 7076644.0 37
1717340670497 7076644.0 38
1717341389653 7076644.0 39
1717342106551 7076644.0 40
1717342826663 7076644.0 41
1717343547961 7076644.0 42
1717344259975 7076644.0 43
1717344983739 7076644.0 44
1717345704329 7076644.0 45
1717346422306 7076644.0 46
1717347143283 7076644.0 47
1717347866689 7076644.0 48
1717348591563 7076644.0 49
1717349303857 7076644.0 50
1717350026637 7076644.0 51
1717350750270 7076644.0 52
1717351466314 7076644.0 53
1717352186550 7076644.0 54
1717352901816 7076644.0 55
1717353618584 7076644.0 56
1717354336797 7076644.0 57
1717355058217 7076644.0 58
1717355775155 7076644.0 59
1717356492723 7076644.0 60
1717357206738 7076644.0 61
1717357930712 7076644.0 62
1717358648252 7076644.0 63
1717359366773 7076644.0 64
1717360092559 7076644.0 65
1717360814205 7076644.0 66
1717361530555 7076644.0 67
1717362246007 7076644.0 68
1717362959333 7076644.0 69
1717363683189 7076644.0 70
1717364401192 7076644.0 71
1717365119660 7076644.0 72
1717365837407 7076644.0 73
1717366554328 7076644.0 74
1717367278731 7076644.0 75
1717367992373 7076644.0 76
1717368710476 7076644.0 77
1717369426893 7076644.0 78
1717370152032 7076644.0 79
1717370880199 7076644.0 80
1717371600627 7076644.0 81
1717372324374 7076644.0 82
1717373043782 7076644.0 83
1717373760333 7076644.0 84
1717374479884 7076644.0 85
1717375204080 7076644.0 86
1717375924556 7076644.0 87
1717376640446 7076644.0 88
1717377357803 7076644.0 89
1717378071973 7076644.0 90
1717378786011 7076644.0 91
1717379507239 7076644.0 92
1717380226979 7076644.0 93
1717380945700 7076644.0 94
1717381656787 7076644.0 95
1717382373953 7076644.0 96
1717383090606 7076644.0 97
1717383810990 7076644.0 98
1717384530740 7076644.0 99
1717385255764 7076644.0 100
1717385971580 7076644.0 101
1717386691647 7076644.0 102
1717387409488 7076644.0 103
1717388127813 7076644.0 104
1717388852749 7076644.0 105
1717389579383 7076644.0 106
1717390297930 7076644.0 107
1717391015063 7076644.0 108
1717391730793 7076644.0 109
1717392446551 7076644.0 110
1717393164422 7076644.0 111
1717393883191 7076644.0 112
1717394601576 7076644.0 113
1717395314339 7076644.0 114
1717396042791 7076644.0 115
1717396761197 7076644.0 116
1717397476887 7076644.0 117
1717398195764 7076644.0 118
1717398915518 7076644.0 119
1717399634411 7076644.0 120
1717400354736 7076644.0 121
1717401073601 7076644.0 122
1717401788866 7076644.0 123
1717402507042 7076644.0 124
1717403221303 7076644.0 125
1717403945313 7076644.0 126
1717404661772 7076644.0 127
1717405377524 7076644.0 128
1717406095148 7076644.0 129
1717406812508 7076644.0 130
1717407530678 7076644.0 131
1717408245405 7076644.0 132
1717408962756 7076644.0 133
1717409677812 7076644.0 134
1717410401473 7076644.0 135
1717411123034 7076644.0 136
1717411847095 7076644.0 137
1717412571613 7076644.0 138
1717413292756 7076644.0 139
1717414013042 7076644.0 140
1717414729484 7076644.0 141
1717415448278 7076644.0 142
1717416165799 7076644.0 143
1717416885165 7076644.0 144
1717417605743 7076644.0 145
1717418326665 7076644.0 146
1717419043855 7076644.0 147
