1717313693347 1.0762449081700582 0
1717314078312 1.0404441290749953 1
1717314717088 1.01627698340095 2
1717315444162 1.0015779312413473 3
1717316172965 0.9972226874759564 4
1717316902140 0.9842143733627521 5
1717317629798 0.97979310570428 6
1717318356473 0.9804348224917283 7
1717319089173 0.9810431444874177 8
1717319815477 0.9761408391193702 9
1717320532421 0.9769472479820251 10
1717321247431 0.9801226231054618 11
1717321969793 0.9775678364989849 12
1717322694298 0.9776059112583215 13
1717323413268 0.9747246592663802 14
1717324133454 0.9752367840936551 15
1717324856663 0.9740055236392297 16
1717325574356 0.9775148856525238 17
1717326296277 0.9775019048784788 18
1717327018405 0.9739312091125891 19
1717327734555 0.9777843294521937 20
1717328451181 0.9698426773628364 21
1717329172240 0.9751898263796017 22
1717329889294 0.9716092391082873 23
1717330608887 0.9750493458257272 24
1717331330808 0.971334792387027 25
1717332047567 0.9701204804273752 26
1717332768944 0.9700394460501579 27
1717333490227 0.967017169468678 28
1717334218355 0.969652861643296 29
1717334930347 0.966810969922405 30
1717335648430 0.9690841118303629 31
1717336365922 0.9658257646056322 32
1717337086406 0.9648992889202558 33
1717337805341 0.9632529196544335 34
1717338518975 0.9634411519823166 35
1717339234747 0.9617913514375687 36
1717339952642 0.9618984392056098 37
1717340670490 0.9634615268844825 38
1717341389640 0.9622854451433971 39
1717342106539 0.9611553427978203 40
1717342826657 0.9601144273407184 41
1717343547949 0.9579049631093557 42
1717344259963 0.9580675188738567 43
1717344983730 0.9562992923534833 44
1717345704318 0.9555391642050102 45
1717346422295 0.9566007866882361 46
1717347143276 0.9577434409696323 47
1717347866679 0.9532198623682444 48
1717348591552 0.9536062153772666 49
1717349303847 0.9523126829702121 50
1717350026631 0.9552034277182359 51
1717350750259 0.9506172188199483 52
1717351466303 0.9494623441535693 53
1717352186546 0.9483594620743623 54
1717352901806 0.9480674070521042 55
1717353618571 0.9447145354575835 56
1717354336786 0.9454359555473695 57
1717355058207 0.9460024240498359 58
1717355775144 0.9470818135887384 59
1717356492713 0.9450218772085813 60
1717357206728 0.9427339477607837 61
1717357930701 0.9436439102372298 62
1717358648248 0.9399153505666897 63
1717359366763 0.9413981770093625 64
1717360092550 0.9425882790237665 65
1717360814194 0.9420051286713436 66
1717361530545 0.9392734056768509 67
1717362245996 0.9389245024380776 68
1717362959323 0.9397045259292309 69
1717363683177 0.9363529487298086 70
1717364401183 0.9351971858682541 71
1717365119648 0.9378371960841693 72
1717365837396 0.9388833856926515 73
1717366554317 0.9368095514006339 74
1717367278717 0.9360551824076817 75
1717367992363 0.9369063524959179 76
1717368710470 0.9324448928236961 77
1717369426883 0.9334888630188428 78
1717370152022 0.9305372173683002 79
1717370880190 0.9290182263805316 80
1717371600617 0.9308350530381386 81
1717372324368 0.9361592730363975 82
1717373043777 0.9301593054372531 83
1717373760325 0.9291776819871023 84
1717374479873 0.9314046221283766 85
1717375204075 0.9308473477856472 86
1717375924550 0.9282574970275164 87
1717376640437 0.9304349925369024 88
1717377357791 0.929880436653128 89
1717378071960 0.929944084957242 90
1717378786001 0.9264477577347022 91
1717379507227 0.9265352888749196 92
1717380226967 0.9281382860186008 93
1717380945695 0.9249294314246911 94
1717381656776 0.9287711840409499 95
1717382373946 0.9303368393045205 96
1717383090601 0.9256110043766407 97
1717383810980 0.9262405688372942 98
1717384530726 0.9243315416746415 99
1717385255754 0.927969439385029 100
1717385971570 0.9279946391112529 101
1717386691642 0.9241899277728337 102
1717387409478 0.923307424554458 103
1717388127808 0.923273519684489 104
1717388852743 0.9286767424872289 105
1717389579378 0.9223338769605527 106
1717390297919 0.923900606827094 107
1717391015052 0.9208350797685293 108
1717391730781 0.9485255060001061 109
1717392446540 0.9270903168675991 110
1717393164412 0.9234814907495792 111
1717393883181 0.9204787131972038 112
1717394601572 0.9224017309741332 113
1717395314327 0.9247181219263718 114
1717396042781 0.9213969697459385 115
1717396761185 0.9296431785019544 116
1717397476879 0.9233537920965598 117
1717398195753 0.9245060799786677 118
1717398915512 0.92455369205429 119
1717399634401 0.9271629501420718 120
1717400354725 0.9221683264924929 121
1717401073587 0.9236455412151722 122
1717401788855 0.9328642179473088 123
1717402507033 0.9264882877469063 124
1717403221295 0.9218693640656196 125
1717403945302 0.9212991265723338 126
1717404661762 0.9196576100702469 127
1717405377514 0.9213229761673853 128
1717406095136 0.9323583074773734 129
1717406812497 0.9227660629325188 130
1717407530667 0.9320530079018611 131
1717408245393 0.92701318129324 132
1717408962750 0.9244739189743996 133
1717409677800 0.9207469673397449 134
1717410401468 0.9256218743438904 135
1717411123030 0.9327432708098338 136
1717411847084 0.9196565929227151 137
1717412571608 0.9286316203383299 138
1717413292744 0.9218431837283648 139
1717414013031 0.91753966991718 140
1717414729474 0.9504663836784087 141
1717415448267 0.9393639687735301 142
1717416165789 0.9227422249431794 143
1717416885155 0.9259977664511937 144
1717417605733 0.9203783282293723 145
1717418326654 0.9173835216519924 146
1717419043844 0.9171810847922013 147
