1717313693345 9.999999999999997e-06 0
1717314078308 9.999999999999997e-06 1
1717314717084 8.003124999999954e-06 2
1717315444158 6.006250000000066e-06 3
1717316172960 4.009374999999981e-06 4
1717316902136 2.012499999999982e-06 5
1717317629794 3.101424800415069e-08 6
1717318356472 3.77805048330614e-08 7
1717319089169 4.577304268859532e-08 8
1717319815473 5.4989889531629045e-08 9
1717320532416 6.542877124312356e-08 10
1717321247427 7.708711218521187e-08 11
1717321969789 8.996203583671469e-08 12
1717322694293 1.040503655028759e-07 13
1717323413266 1.1934862509915607e-07 14
1717324133451 1.3585304000890844e-07 15
1717324856661 1.535595380147258e-07 16
1717325574351 1.724637503031632e-07 17
1717326296274 1.9256101254271052e-07 18
1717327018401 2.1384636603463626e-07 19
1717327734550 2.3631455893646353e-07 20
1717328451176 2.599600475577907e-07 21
1717329172235 2.847769977281167e-07 22
1717329889291 3.1075928623632946e-07 23
1717330608885 3.3790050234152384e-07 24
1717331330803 3.661939493547476e-07 25
1717332047563 3.9563264629131366e-07 26
1717332768939 4.262093295932499e-07 27
1717333490222 4.579164549214861e-07 28
1717334218351 4.907461990172992e-07 29
1717334930343 5.246904616325482e-07 30
1717335648428 5.597408675283771e-07 31
1717336365917 5.958887685416035e-07 32
1717337086401 6.331252457185209e-07 33
1717337805336 6.714411115155869e-07 34
1717338518971 7.108269120662516e-07 35
1717339234742 7.512729295135576e-07 36
1717339952637 7.927691844079048e-07 37
1717340670487 8.353054381693419e-07 38
1717341389636 8.78871195613711e-07 39
1717342106535 9.234557075422731e-07 40
1717342826655 9.69047973393823e-07 41
1717343547944 1.015636743958981e-06 42
1717344259960 1.0632105241557265e-06 43
1717344983727 1.1117575758656836e-06 44
1717345704313 1.1612659208302357e-06 45
1717346422291 1.211723343606086e-06 46
1717347143274 1.263117394579188e-06 47
1717347866674 1.3154353930364695e-06 48
1717348591547 1.3686644302946724e-06 49
1717349303842 1.422791372885344e-06 50
1717350026629 1.4778028657952769e-06 51
1717350750254 1.5336853357618088e-06 52
1717351466300 1.5904249946216246e-06 53
1717352186544 1.6480078427129423e-06 54
1717352901801 1.7064196723295933e-06 55
1717353618567 1.7656460712266449e-06 56
1717354336781 1.8256724261764762e-06 57
1717355058202 1.886483926574115e-06 58
1717355775139 1.9480655680917697e-06 59
1717356492708 2.0104021563809167e-06 60
1717357206725 2.07347831082118e-06 61
1717357930696 2.137278468315182e-06 62
1717358648246 2.2017868871287962e-06 63
1717359366758 2.2669876507749678e-06 64
1717360092547 2.3328646719407834e-06 65
1717360814190 2.3994016964570857e-06 66
1717361530541 2.4665823073087025e-06 67
1717362245991 2.5343899286850685e-06 68
1717362959319 2.602807830070328e-06 69
1717363683173 2.6718191303710497e-06 70
1717364401178 2.741406802081496e-06 71
1717365119644 2.8115536754849315e-06 72
1717365837392 2.8822424428900187e-06 73
1717366554312 2.953455662901058e-06 74
1717367278713 3.0251757647216717e-06 75
1717367992359 3.0973850524899096e-06 76
1717368710468 3.1700657096444413e-06 77
1717369426879 3.2431998033207425e-06 78
1717370152017 3.316769288775444e-06 79
1717370880185 3.390756013838948e-06 80
1717371600613 3.465141723393834e-06 81
1717372324365 3.539908063879384e-06 82
1717373043776 3.615036587819794e-06 83
1717373760323 3.690508758375974e-06 84
1717374479868 3.7663059539192003e-06 85
1717375204074 3.842409472625569e-06 86
1717375924547 3.918800537090713e-06 87
1717376640433 3.9954602989624334e-06 88
1717377357784 4.0723698435916035e-06 89
1717378071955 4.149510194698923e-06 90
1717378785998 4.2268623190570014e-06 91
1717379507223 4.304407131186571e-06 92
1717380226963 4.382125498065712e-06 93
1717380945694 4.459998243850215e-06 94
1717381656771 4.538006154605201e-06 95
1717382373944 4.616129983046118e-06 96
1717383090599 4.694350453287236e-06 97
1717383810975 4.772648265597984e-06 98
1717384530721 4.851004101164656e-06 99
1717385255750 4.929398626857365e-06 100
1717385971565 5.0078125000000175e-06 101
1717386691640 5.086226373142566e-06 102
1717387409473 5.164620898835349e-06 103
1717388127806 5.242976734402045e-06 104
1717388852742 5.321274546712748e-06 105
1717389579377 5.399495016953803e-06 106
1717390297915 5.477618845394753e-06 107
1717391015047 5.555626756149838e-06 108
1717391730777 5.633499501934289e-06 109
1717392446535 5.71121786881339e-06 110
1717393164408 5.7887626809430345e-06 111
1717393883176 5.866114805301149e-06 112
1717394601570 5.943255156408435e-06 113
1717395314323 6.0201647010376135e-06 114
1717396042777 6.096824462909272e-06 115
1717396761181 6.1732155273744095e-06 116
1717397476876 6.2493190460807784e-06 117
1717398195749 6.3251162416240115e-06 118
1717398915510 6.4005884121802385e-06 119
1717399634397 6.475716936120701e-06 120
1717400354720 6.550483276606217e-06 121
1717401073583 6.624868986161049e-06 122
1717401788850 6.698855711224517e-06 123
1717402507029 6.772425196679308e-06 124
1717403221292 6.8455592903554934e-06 125
1717403945297 6.918239947510074e-06 126
1717404661757 6.990449235278329e-06 127
1717405377509 7.062169337098975e-06 128
1717406095132 7.133382557110002e-06 129
1717406812493 7.204071324515101e-06 130
1717407530662 7.27421819791846e-06 131
1717408245389 7.343805869628905e-06 132
1717408962748 7.4128171699297215e-06 133
1717409677796 7.481235071314966e-06 134
1717410401466 7.549042692691319e-06 135
1717411123028 7.61622330354295e-06 136
1717411847079 7.682760328059261e-06 137
1717412571606 7.748637349225076e-06 138
1717413292740 7.813838112871254e-06 139
1717414013027 7.878346531684754e-06 140
1717414729469 7.942146689178866e-06 141
1717415448262 8.005222843619126e-06 142
1717416165784 8.067559431908287e-06 143
1717416885150 8.129141073425895e-06 144
1717417605729 8.189952573823571e-06 145
1717418326650 8.24997892877331e-06 146
1717419043838 8.309205327670413e-06 147
