1715480577829 0.0 0
1715480735895 1.0 1
1715480902762 2.0 2
1715481081996 3.0 3
1715481260562 4.0 4
1715481440751 5.0 5
1715481628951 6.0 6
1715481789175 7.0 7
1715481965759 8.0 8
1715482141571 9.0 9
1715482318200 10.0 10
1715482512871 11.0 11
1715482701575 12.0 12
1715482882732 13.0 13
1715483050048 14.0 14
1715483212611 15.0 15
1715483397818 16.0 16
1715483582855 17.0 17
1715483772506 18.0 18
1715483939598 19.0 19
1715484099376 20.0 20
1715484279899 21.0 21
1715484454764 22.0 22
1715484635424 23.0 23
1715484820926 24.0 24
1715484992340 25.0 25
1715485167698 26.0 26
1715485323728 27.0 27
1715485498893 28.0 28
1715485682453 29.0 29
1715485860124 30.0 30
1715486038084 31.0 31
1715486198379 32.0 32
1715486372140 33.0 33
1715486540725 34.0 34
1715486728855 35.0 35
1715486920470 36.0 36
1715487088673 37.0 37
1715487267839 38.0 38
1715487435042 39.0 39
1715487594561 40.0 40
1715487787826 41.0 41
1715487973405 42.0 42
1715488161846 43.0 43
1715488325966 44.0 44
1715488491137 45.0 45
1715488675788 46.0 46
1715488858684 47.0 47
1715489047301 48.0 48
1715489217199 49.0 49
1715489381316 50.0 50
1715489567334 51.0 51
1715489732249 52.0 52
1715489917577 53.0 53
1715490097505 54.0 54
1715490272988 55.0 55
1715490443665 56.0 56
1715490598946 57.0 57
1715490779772 58.0 58
1715490968782 59.0 59
1715491157104 60.0 60
1715491351331 61.0 61
1715491513851 62.0 62
1715491694687 63.0 63
1715491865273 64.0 64
1715492046341 65.0 65
1715492241632 66.0 66
1715492425673 67.0 67
1715492606807 68.0 68
1715492772157 69.0 69
1715492938378 70.0 70
1715493127132 71.0 71
1715493305319 72.0 72
1715493491668 73.0 73
1715493652747 74.0 74
1715493824462 75.0 75
1715494001218 76.0 76
1715494176205 77.0 77
1715494361178 78.0 78
1715494542712 79.0 79
1715494715194 80.0 80
1715494884298 81.0 81
1715495045459 82.0 82
1715495221747 83.0 83
1715495405232 84.0 84
1715495588523 85.0 85
1715495758987 86.0 86
1715495919166 87.0 87
1715496093132 88.0 88
1715496257873 89.0 89
1715496436877 90.0 90
1715496618014 91.0 91
1715496783108 92.0 92
1715496956605 93.0 93
1715497115480 94.0 94
1715497281989 95.0 95
1715497466847 96.0 96
1715497645013 97.0 97
1715497832724 98.0 98
1715497994546 99.0 99
1715498162530 100.0 100
1715498355566 101.0 101
1715498530768 102.0 102
1715498719129 103.0 103
1715498906457 104.0 104
1715499076742 105.0 105
1715499248740 106.0 106
1715499414388 107.0 107
1715499602316 108.0 108
1715499791221 109.0 109
1715499980963 110.0 110
1715500155766 111.0 111
1715500317754 112.0 112
1715500500531 113.0 113
1715500676503 114.0 114
1715500855032 115.0 115
1715501037636 116.0 116
1715501201977 117.0 117
1715501386482 118.0 118
1715501553988 119.0 119
1715501732195 120.0 120
1715501924137 121.0 121
1715502110058 122.0 122
1715502292867 123.0 123
1715502454809 124.0 124
1715502625884 125.0 125
1715502800697 126.0 126
1715502976800 127.0 127
1715503161556 128.0 128
1715503323899 129.0 129
1715503501856 130.0 130
1715503679321 131.0 131
1715503842397 132.0 132
1715504027520 133.0 133
1715504205618 134.0 134
1715504384167 135.0 135
1715504551088 136.0 136
1715504712206 137.0 137
1715504886980 138.0 138
1715505062700 139.0 139
1715505240571 140.0 140
1715505410582 141.0 141
1715505569707 142.0 142
1715505754472 143.0 143
1715505913815 144.0 144
1715506095964 145.0 145
1715506284593 146.0 146
1715506466385 147.0 147
1715506652662 148.0 148
1715506817805 149.0 149
1715506990909 150.0 150
1715507180487 151.0 151
1715507362751 152.0 152
1715507552089 153.0 153
1715507714803 154.0 154
1715507888176 155.0 155
1715508069496 156.0 156
1715508251682 157.0 157
1715508448154 158.0 158
1715508626056 159.0 159
1715508800980 160.0 160
1715508979239 161.0 161
1715509139468 162.0 162
1715509327346 163.0 163
1715509508820 164.0 164
1715509689551 165.0 165
1715509862989 166.0 166
1715510020564 167.0 167
1715510202184 168.0 168
1715510380853 169.0 169
1715510564961 170.0 170
1715510748891 171.0 171
1715510912388 172.0 172
1715511095070 173.0 173
1715511255560 174.0 174
1715511434284 175.0 175
1715511623734 176.0 176
1715511807094 177.0 177
1715511961614 178.0 178
1715512113966 179.0 179
1715512267215 180.0 180
1715512419796 181.0 181
1715512572528 182.0 182
1715512725816 183.0 183
1715512878592 184.0 184
1715513031892 185.0 185
1715513185039 186.0 186
1715513338877 187.0 187
1715513492092 188.0 188
1715513645036 189.0 189
1715513798136 190.0 190
1715513951308 191.0 191
1715514104435 192.0 192
1715514257149 193.0 193
1715514410192 194.0 194
1715514563889 195.0 195
1715514717334 196.0 196
1715514870725 197.0 197
1715515023883 198.0 198
1715515176805 199.0 199
1715515328771 200.0 200
1715515481718 201.0 201
1715515634493 202.0 202
1715515787421 203.0 203
1715515940739 204.0 204
1715516093828 205.0 205
1715516246138 206.0 206
1715516398568 207.0 207
1715516551923 208.0 208
1715516705077 209.0 209
1715516858357 210.0 210
1715517011924 211.0 211
1715517165061 212.0 212
1715517318673 213.0 213
1715517471501 214.0 214
1715517624978 215.0 215
1715517778093 216.0 216
1715517931332 217.0 217
1715518084345 218.0 218
1715518237874 219.0 219
1715518391371 220.0 220
1715518545240 221.0 221
1715518698397 222.0 222
1715518851497 223.0 223
1715519004700 224.0 224
1715519157284 225.0 225
1715519310630 226.0 226
1715519463278 227.0 227
1715519616555 228.0 228
1715519768633 229.0 229
1715519921721 230.0 230
1715520074658 231.0 231
1715520227874 232.0 232
1715520381874 233.0 233
1715520535250 234.0 234
1715520689070 235.0 235
1715520842580 236.0 236
1715520996506 237.0 237
1715521150457 238.0 238
1715521304725 239.0 239
1715521458530 240.0 240
1715521612279 241.0 241
1715521766042 242.0 242
1715521919838 243.0 243
1715522073653 244.0 244
1715522228232 245.0 245
1715522381454 246.0 246
1715522535419 247.0 247
1715522690091 248.0 248
1715522845482 249.0 249
1715522999177 250.0 250
1715523152957 251.0 251
1715523306374 252.0 252
1715523460329 253.0 253
1715523613421 254.0 254
1715523767275 255.0 255
1715523921415 256.0 256
1715524075929 257.0 257
1715524230757 258.0 258
1715524385034 259.0 259
1715524539203 260.0 260
1715524693732 261.0 261
1715524848910 262.0 262
1715525005080 263.0 263
1715525160251 264.0 264
1715525315378 265.0 265
1715525471178 266.0 266
1715525626836 267.0 267
1715525782751 268.0 268
1715525937733 269.0 269
1715526093084 270.0 270
1715526248132 271.0 271
1715526404151 272.0 272
1715526559483 273.0 273
1715526715109 274.0 274
1715526870069 275.0 275
1715527025183 276.0 276
1715527179534 277.0 277
1715527334820 278.0 278
1715527490153 279.0 279
1715527645225 280.0 280
1715527800296 281.0 281
1715527955624 282.0 282
1715528110807 283.0 283
1715528266368 284.0 284
1715528421535 285.0 285
1715528577226 286.0 286
1715528732569 287.0 287
1715528888102 288.0 288
1715529043825 289.0 289
1715529199432 290.0 290
1715529354893 291.0 291
1715529510330 292.0 292
1715529665849 293.0 293
1715529821568 294.0 294
1715529977157 295.0 295
1715530132555 296.0 296
1715530287505 297.0 297
1715530442058 298.0 298
1715530596891 299.0 299
1715530751922 300.0 300
1715530907037 301.0 301
1715531061383 302.0 302
1715531216193 303.0 303
1715531370487 304.0 304
1715531525160 305.0 305
1715531679316 306.0 306
1715531834207 307.0 307
1715531987952 308.0 308
1715532142795 309.0 309
1715532297028 310.0 310
1715532451878 311.0 311
1715532606451 312.0 312
1715532761192 313.0 313
1715532915559 314.0 314
1715533069815 315.0 315
1715533223541 316.0 316
1715533377973 317.0 317
1715533532905 318.0 318
1715533687759 319.0 319
1715533842633 320.0 320
1715533998280 321.0 321
1715534153313 322.0 322
1715534308117 323.0 323
1715534463272 324.0 324
1715534618060 325.0 325
1715534773037 326.0 326
1715534927968 327.0 327
1715535082259 328.0 328
1715535236986 329.0 329
1715535391855 330.0 330
1715535546834 331.0 331
1715535701690 332.0 332
1715535857708 333.0 333
1715536013453 334.0 334
1715536168272 335.0 335
1715536322974 336.0 336
1715536477517 337.0 337
1715536632338 338.0 338
1715536786546 339.0 339
1715536941155 340.0 340
1715537095003 341.0 341
1715537249872 342.0 342
1715537404392 343.0 343
1715537559213 344.0 344
1715537713107 345.0 345
1715537867838 346.0 346
1715538021912 347.0 347
1715538176214 348.0 348
1715538330826 349.0 349
1715538485599 350.0 350
1715538640554 351.0 351
1715538795704 352.0 352
1715538950742 353.0 353
1715539105716 354.0 354
1715539260694 355.0 355
1715539415520 356.0 356
1715539570469 357.0 357
1715539725361 358.0 358
1715539880213 359.0 359
1715540035112 360.0 360
1715540190280 361.0 361
1715540345084 362.0 362
1715540500131 363.0 363
1715540654849 364.0 364
1715540809447 365.0 365
1715540964242 366.0 366
1715541119306 367.0 367
1715541274057 368.0 368
1715541429774 369.0 369
1715541584807 370.0 370
1715541739188 371.0 371
1715541894217 372.0 372
1715542048968 373.0 373
1715542203325 374.0 374
1715542358294 375.0 375
1715542512558 376.0 376
1715542666949 377.0 377
1715542820991 378.0 378
1715542975501 379.0 379
1715543129562 380.0 380
1715543284097 381.0 381
1715543438117 382.0 382
1715543592703 383.0 383
1715543746458 384.0 384
1715543900284 385.0 385
1715544054076 386.0 386
1715544208336 387.0 387
1715544362961 388.0 388
1715544518695 389.0 389
1715544674435 390.0 390
1715544829042 391.0 391
1715544983975 392.0 392
1715545138397 393.0 393
1715545292815 394.0 394
1715545447993 395.0 395
1715545602496 396.0 396
1715545757331 397.0 397
1715545911757 398.0 398
1715546066461 399.0 399
1715546220796 400.0 400
1715546375697 401.0 401
1715546530287 402.0 402
1715546685248 403.0 403
1715546840037 404.0 404
1715546994986 405.0 405
1715547149811 406.0 406
1715547303942 407.0 407
1715547458404 408.0 408
1715547612283 409.0 409
1715547766940 410.0 410
1715547920991 411.0 411
1715548075143 412.0 412
1715548228956 413.0 413
1715548383272 414.0 414
1715548537236 415.0 415
1715548691609 416.0 416
1715548845479 417.0 417
1715548999749 418.0 418
1715549153535 419.0 419
1715549307959 420.0 420
1715549461372 421.0 421
1715549615724 422.0 422
1715549770114 423.0 423
1715549923915 424.0 424
1715550078356 425.0 425
1715550233134 426.0 426
1715550387452 427.0 427
1715550542035 428.0 428
1715550696668 429.0 429
1715550851167 430.0 430
1715551005975 431.0 431
1715551160522 432.0 432
1715551314769 433.0 433
1715551469789 434.0 434
1715551624409 435.0 435
1715551779222 436.0 436
1715551933671 437.0 437
1715552088584 438.0 438
1715552244206 439.0 439
1715552399025 440.0 440
1715552553581 441.0 441
1715552707800 442.0 442
1715552862195 443.0 443
1715553016863 444.0 444
1715553171864 445.0 445
1715553326375 446.0 446
1715553481128 447.0 447
1715553635237 448.0 448
1715553789620 449.0 449
1715553943586 450.0 450
1715554098146 451.0 451
1715554252011 452.0 452
1715554406611 453.0 453
1715554560878 454.0 454
1715554715323 455.0 455
1715554869603 456.0 456
1715555023885 457.0 457
1715555177944 458.0 458
1715555332496 459.0 459
1715555486702 460.0 460
1715555641165 461.0 461
1715555795160 462.0 462
1715555949968 463.0 463
1715556103937 464.0 464
1715556258683 465.0 465
1715556413763 466.0 466
1715556568867 467.0 467
1715556724227 468.0 468
1715556879646 469.0 469
1715557034576 470.0 470
1715557189900 471.0 471
1715557345068 472.0 472
1715557500211 473.0 473
1715557655592 474.0 474
1715557810466 475.0 475
1715557965732 476.0 476
1715558121093 477.0 477
1715558275729 478.0 478
1715558430859 479.0 479
1715558585907 480.0 480
1715558740843 481.0 481
1715558895503 482.0 482
1715559050097 483.0 483
1715559205013 484.0 484
1715559359094 485.0 485
1715559513922 486.0 486
1715559668508 487.0 487
1715559823950 488.0 488
1715559979404 489.0 489
1715560134564 490.0 490
1715560288357 491.0 491
1715560441735 492.0 492
1715560594704 493.0 493
1715560748927 494.0 494
1715560901392 495.0 495
1715561054982 496.0 496
1715561208846 497.0 497
1715561363387 498.0 498
1715561518515 499.0 499
