1715480577831 7095944.0 0
1715480735896 7095944.0 1
1715480902763 7095944.0 2
1715481081998 7095944.0 3
1715481260564 7095944.0 4
1715481440752 7095944.0 5
1715481628952 7095944.0 6
1715481789176 7095944.0 7
1715481965760 7095944.0 8
1715482141572 7095944.0 9
1715482318201 7095944.0 10
1715482512872 7095944.0 11
1715482701577 7095944.0 12
1715482882733 7095944.0 13
1715483050049 7095944.0 14
1715483212612 7095944.0 15
1715483397820 7095944.0 16
1715483582857 7095944.0 17
1715483772507 7095944.0 18
1715483939599 7095944.0 19
1715484099378 7095944.0 20
1715484279900 7095944.0 21
1715484454766 7095944.0 22
1715484635426 7095944.0 23
1715484820927 7095944.0 24
1715484992342 7095944.0 25
1715485167699 7095944.0 26
1715485323729 7095944.0 27
1715485498894 7095944.0 28
1715485682454 7095944.0 29
1715485860125 7095944.0 30
1715486038085 7095944.0 31
1715486198380 7095944.0 32
1715486372141 7095944.0 33
1715486540727 7095944.0 34
1715486728857 7095944.0 35
1715486920471 7095944.0 36
1715487088675 7095944.0 37
1715487267840 7095944.0 38
1715487435044 7095944.0 39
1715487594562 7095944.0 40
1715487787827 7095944.0 41
1715487973406 7095944.0 42
1715488161848 7095944.0 43
1715488325968 7095944.0 44
1715488491138 7095944.0 45
1715488675791 7095944.0 46
1715488858685 7095944.0 47
1715489047302 7095944.0 48
1715489217200 7095944.0 49
1715489381317 7095944.0 50
1715489567335 7095944.0 51
1715489732251 7095944.0 52
1715489917579 7095944.0 53
1715490097507 7095944.0 54
1715490272990 7095944.0 55
1715490443666 7095944.0 56
1715490598948 7095944.0 57
1715490779774 7095944.0 58
1715490968783 7095944.0 59
1715491157105 7095944.0 60
1715491351333 7095944.0 61
1715491513852 7095944.0 62
1715491694688 7095944.0 63
1715491865274 7095944.0 64
1715492046342 7095944.0 65
1715492241633 7095944.0 66
1715492425675 7095944.0 67
1715492606809 7095944.0 68
1715492772158 7095944.0 69
1715492938379 7095944.0 70
1715493127134 7095944.0 71
1715493305320 7095944.0 72
1715493491669 7095944.0 73
1715493652748 7095944.0 74
1715493824463 7095944.0 75
1715494001219 7095944.0 76
1715494176206 7095944.0 77
1715494361179 7095944.0 78
1715494542714 7095944.0 79
1715494715195 7095944.0 80
1715494884300 7095944.0 81
1715495045461 7095944.0 82
1715495221749 7095944.0 83
1715495405234 7095944.0 84
1715495588524 7095944.0 85
1715495758988 7095944.0 86
1715495919167 7095944.0 87
1715496093133 7095944.0 88
1715496257874 7095944.0 89
1715496436878 7095944.0 90
1715496618015 7095944.0 91
1715496783109 7095944.0 92
1715496956607 7095944.0 93
1715497115481 7095944.0 94
1715497281990 7095944.0 95
1715497466849 7095944.0 96
1715497645014 7095944.0 97
1715497832726 7095944.0 98
1715497994547 7095944.0 99
1715498162531 7095944.0 100
1715498355567 7095944.0 101
1715498530770 7095944.0 102
1715498719131 7095944.0 103
1715498906458 7095944.0 104
1715499076743 7095944.0 105
1715499248741 7095944.0 106
1715499414388 7095944.0 107
1715499602317 7095944.0 108
1715499791223 7095944.0 109
1715499980964 7095944.0 110
1715500155767 7095944.0 111
1715500317755 7095944.0 112
1715500500532 7095944.0 113
1715500676505 7095944.0 114
1715500855033 7095944.0 115
1715501037637 7095944.0 116
1715501201979 7095944.0 117
1715501386484 7095944.0 118
1715501553989 7095944.0 119
1715501732196 7095944.0 120
1715501924139 7095944.0 121
1715502110059 7095944.0 122
1715502292868 7095944.0 123
1715502454810 7095944.0 124
1715502625885 7095944.0 125
1715502800698 7095944.0 126
1715502976801 7095944.0 127
1715503161557 7095944.0 128
1715503323900 7095944.0 129
1715503501857 7095944.0 130
1715503679322 7095944.0 131
1715503842399 7095944.0 132
1715504027521 7095944.0 133
1715504205620 7095944.0 134
1715504384168 7095944.0 135
1715504551089 7095944.0 136
1715504712207 7095944.0 137
1715504886981 7095944.0 138
1715505062701 7095944.0 139
1715505240572 7095944.0 140
1715505410583 7095944.0 141
1715505569708 7095944.0 142
1715505754473 7095944.0 143
1715505913816 7095944.0 144
1715506095964 7095944.0 145
1715506284594 7095944.0 146
1715506466387 7095944.0 147
1715506652664 7095944.0 148
1715506817806 7095944.0 149
1715506990909 7095944.0 150
1715507180488 7095944.0 151
1715507362752 7095944.0 152
1715507552090 7095944.0 153
1715507714805 7095944.0 154
1715507888177 7095944.0 155
1715508069497 7095944.0 156
1715508251684 7095944.0 157
1715508448155 7095944.0 158
1715508626057 7095944.0 159
1715508800981 7095944.0 160
1715508979240 7095944.0 161
1715509139469 7095944.0 162
1715509327346 7095944.0 163
1715509508821 7095944.0 164
1715509689552 7095944.0 165
1715509862991 7095944.0 166
1715510020565 7095944.0 167
1715510202186 7095944.0 168
1715510380854 7095944.0 169
1715510564962 7095944.0 170
1715510748892 7095944.0 171
1715510912388 7095944.0 172
1715511095071 7095944.0 173
1715511255561 7095944.0 174
1715511434286 7095944.0 175
1715511623735 7095944.0 176
1715511807096 7095944.0 177
1715511961615 7095944.0 178
1715512113967 7095944.0 179
1715512267216 7095944.0 180
1715512419798 7095944.0 181
1715512572530 7095944.0 182
1715512725817 7095944.0 183
1715512878594 7095944.0 184
1715513031894 7095944.0 185
1715513185040 7095944.0 186
1715513338878 7095944.0 187
1715513492094 7095944.0 188
1715513645038 7095944.0 189
1715513798137 7095944.0 190
1715513951310 7095944.0 191
1715514104436 7095944.0 192
1715514257151 7095944.0 193
1715514410194 7095944.0 194
1715514563891 7095944.0 195
1715514717335 7095944.0 196
1715514870726 7095944.0 197
1715515023884 7095944.0 198
1715515176807 7095944.0 199
1715515328772 7095944.0 200
1715515481720 7095944.0 201
1715515634494 7095944.0 202
1715515787422 7095944.0 203
1715515940741 7095944.0 204
1715516093829 7095944.0 205
1715516246139 7095944.0 206
1715516398569 7095944.0 207
1715516551925 7095944.0 208
1715516705078 7095944.0 209
1715516858359 7095944.0 210
1715517011925 7095944.0 211
1715517165063 7095944.0 212
1715517318674 7095944.0 213
1715517471503 7095944.0 214
1715517624979 7095944.0 215
1715517778094 7095944.0 216
1715517931333 7095944.0 217
1715518084345 7095944.0 218
1715518237875 7095944.0 219
1715518391373 7095944.0 220
1715518545242 7095944.0 221
1715518698399 7095944.0 222
1715518851498 7095944.0 223
1715519004701 7095944.0 224
1715519157284 7095944.0 225
1715519310631 7095944.0 226
1715519463280 7095944.0 227
1715519616557 7095944.0 228
1715519768634 7095944.0 229
1715519921723 7095944.0 230
1715520074660 7095944.0 231
1715520227875 7095944.0 232
1715520381876 7095944.0 233
1715520535251 7095944.0 234
1715520689072 7095944.0 235
1715520842581 7095944.0 236
1715520996508 7095944.0 237
1715521150458 7095944.0 238
1715521304726 7095944.0 239
1715521458532 7095944.0 240
1715521612281 7095944.0 241
1715521766043 7095944.0 242
1715521919840 7095944.0 243
1715522073654 7095944.0 244
1715522228233 7095944.0 245
1715522381456 7095944.0 246
1715522535421 7095944.0 247
1715522690093 7095944.0 248
1715522845484 7095944.0 249
1715522999179 7095944.0 250
1715523152958 7095944.0 251
1715523306375 7095944.0 252
1715523460331 7095944.0 253
1715523613423 7095944.0 254
1715523767277 7095944.0 255
1715523921416 7095944.0 256
1715524075931 7095944.0 257
1715524230758 7095944.0 258
1715524385035 7095944.0 259
1715524539204 7095944.0 260
1715524693734 7095944.0 261
1715524848911 7095944.0 262
1715525005081 7095944.0 263
1715525160252 7095944.0 264
1715525315379 7095944.0 265
1715525471179 7095944.0 266
1715525626837 7095944.0 267
1715525782753 7095944.0 268
1715525937735 7095944.0 269
1715526093085 7095944.0 270
1715526248133 7095944.0 271
1715526404153 7095944.0 272
1715526559485 7095944.0 273
1715526715110 7095944.0 274
1715526870071 7095944.0 275
1715527025185 7095944.0 276
1715527179536 7095944.0 277
1715527334822 7095944.0 278
1715527490155 7095944.0 279
1715527645226 7095944.0 280
1715527800297 7095944.0 281
1715527955626 7095944.0 282
1715528110809 7095944.0 283
1715528266370 7095944.0 284
1715528421537 7095944.0 285
1715528577228 7095944.0 286
1715528732571 7095944.0 287
1715528888104 7095944.0 288
1715529043826 7095944.0 289
1715529199433 7095944.0 290
1715529354895 7095944.0 291
1715529510332 7095944.0 292
1715529665851 7095944.0 293
1715529821570 7095944.0 294
1715529977159 7095944.0 295
1715530132557 7095944.0 296
1715530287507 7095944.0 297
1715530442060 7095944.0 298
1715530596892 7095944.0 299
1715530751923 7095944.0 300
1715530907038 7095944.0 301
1715531061385 7095944.0 302
1715531216194 7095944.0 303
1715531370489 7095944.0 304
1715531525161 7095944.0 305
1715531679318 7095944.0 306
1715531834208 7095944.0 307
1715531987954 7095944.0 308
1715532142796 7095944.0 309
1715532297029 7095944.0 310
1715532451879 7095944.0 311
1715532606452 7095944.0 312
1715532761194 7095944.0 313
1715532915560 7095944.0 314
1715533069816 7095944.0 315
1715533223543 7095944.0 316
1715533377974 7095944.0 317
1715533532907 7095944.0 318
1715533687760 7095944.0 319
1715533842635 7095944.0 320
1715533998281 7095944.0 321
1715534153314 7095944.0 322
1715534308117 7095944.0 323
1715534463273 7095944.0 324
1715534618061 7095944.0 325
1715534773038 7095944.0 326
1715534927969 7095944.0 327
1715535082260 7095944.0 328
1715535236987 7095944.0 329
1715535391856 7095944.0 330
1715535546835 7095944.0 331
1715535701692 7095944.0 332
1715535857709 7095944.0 333
1715536013454 7095944.0 334
1715536168273 7095944.0 335
1715536322975 7095944.0 336
1715536477518 7095944.0 337
1715536632340 7095944.0 338
1715536786547 7095944.0 339
1715536941157 7095944.0 340
1715537095004 7095944.0 341
1715537249873 7095944.0 342
1715537404394 7095944.0 343
1715537559213 7095944.0 344
1715537713109 7095944.0 345
1715537867839 7095944.0 346
1715538021913 7095944.0 347
1715538176215 7095944.0 348
1715538330828 7095944.0 349
1715538485600 7095944.0 350
1715538640554 7095944.0 351
1715538795705 7095944.0 352
1715538950744 7095944.0 353
1715539105718 7095944.0 354
1715539260695 7095944.0 355
1715539415521 7095944.0 356
1715539570471 7095944.0 357
1715539725363 7095944.0 358
1715539880214 7095944.0 359
1715540035113 7095944.0 360
1715540190281 7095944.0 361
1715540345085 7095944.0 362
1715540500132 7095944.0 363
1715540654850 7095944.0 364
1715540809448 7095944.0 365
1715540964243 7095944.0 366
1715541119307 7095944.0 367
1715541274058 7095944.0 368
1715541429775 7095944.0 369
1715541584808 7095944.0 370
1715541739189 7095944.0 371
1715541894218 7095944.0 372
1715542048969 7095944.0 373
1715542203326 7095944.0 374
1715542358296 7095944.0 375
1715542512559 7095944.0 376
1715542666951 7095944.0 377
1715542820992 7095944.0 378
1715542975502 7095944.0 379
1715543129564 7095944.0 380
1715543284099 7095944.0 381
1715543438118 7095944.0 382
1715543592704 7095944.0 383
1715543746460 7095944.0 384
1715543900285 7095944.0 385
1715544054077 7095944.0 386
1715544208337 7095944.0 387
1715544362962 7095944.0 388
1715544518696 7095944.0 389
1715544674436 7095944.0 390
1715544829043 7095944.0 391
1715544983977 7095944.0 392
1715545138399 7095944.0 393
1715545292817 7095944.0 394
1715545447994 7095944.0 395
1715545602498 7095944.0 396
1715545757333 7095944.0 397
1715545911759 7095944.0 398
1715546066462 7095944.0 399
1715546220798 7095944.0 400
1715546375698 7095944.0 401
1715546530289 7095944.0 402
1715546685249 7095944.0 403
1715546840039 7095944.0 404
1715546994987 7095944.0 405
1715547149812 7095944.0 406
1715547303943 7095944.0 407
1715547458405 7095944.0 408
1715547612285 7095944.0 409
1715547766940 7095944.0 410
1715547920993 7095944.0 411
1715548075143 7095944.0 412
1715548228957 7095944.0 413
1715548383273 7095944.0 414
1715548537237 7095944.0 415
1715548691610 7095944.0 416
1715548845481 7095944.0 417
1715548999750 7095944.0 418
1715549153536 7095944.0 419
1715549307960 7095944.0 420
1715549461374 7095944.0 421
1715549615726 7095944.0 422
1715549770115 7095944.0 423
1715549923916 7095944.0 424
1715550078357 7095944.0 425
1715550233136 7095944.0 426
1715550387454 7095944.0 427
1715550542037 7095944.0 428
1715550696669 7095944.0 429
1715550851168 7095944.0 430
1715551005977 7095944.0 431
1715551160523 7095944.0 432
1715551314771 7095944.0 433
1715551469791 7095944.0 434
1715551624411 7095944.0 435
1715551779223 7095944.0 436
1715551933672 7095944.0 437
1715552088586 7095944.0 438
1715552244208 7095944.0 439
1715552399026 7095944.0 440
1715552553583 7095944.0 441
1715552707802 7095944.0 442
1715552862197 7095944.0 443
1715553016864 7095944.0 444
1715553171865 7095944.0 445
1715553326376 7095944.0 446
1715553481130 7095944.0 447
1715553635239 7095944.0 448
1715553789621 7095944.0 449
1715553943588 7095944.0 450
1715554098148 7095944.0 451
1715554252012 7095944.0 452
1715554406612 7095944.0 453
1715554560879 7095944.0 454
1715554715324 7095944.0 455
1715554869604 7095944.0 456
1715555023886 7095944.0 457
1715555177945 7095944.0 458
1715555332497 7095944.0 459
1715555486704 7095944.0 460
1715555641166 7095944.0 461
1715555795161 7095944.0 462
1715555949969 7095944.0 463
1715556103939 7095944.0 464
1715556258685 7095944.0 465
1715556413765 7095944.0 466
1715556568868 7095944.0 467
1715556724228 7095944.0 468
1715556879647 7095944.0 469
1715557034578 7095944.0 470
1715557189901 7095944.0 471
1715557345069 7095944.0 472
1715557500212 7095944.0 473
1715557655594 7095944.0 474
1715557810468 7095944.0 475
1715557965733 7095944.0 476
1715558121094 7095944.0 477
1715558275730 7095944.0 478
1715558430860 7095944.0 479
1715558585908 7095944.0 480
1715558740844 7095944.0 481
1715558895504 7095944.0 482
1715559050098 7095944.0 483
1715559205015 7095944.0 484
1715559359095 7095944.0 485
1715559513923 7095944.0 486
1715559668509 7095944.0 487
1715559823951 7095944.0 488
1715559979406 7095944.0 489
1715560134565 7095944.0 490
1715560288359 7095944.0 491
1715560441736 7095944.0 492
1715560594705 7095944.0 493
1715560748929 7095944.0 494
1715560901393 7095944.0 495
1715561054983 7095944.0 496
1715561208847 7095944.0 497
1715561363388 7095944.0 498
1715561518516 7095944.0 499
