1715480577817 1.0000000000000023e-05 0
1715480735883 1.0000000000000023e-05 1
1715480902748 8.070312500000028e-06 2
1715481081990 6.140624999999984e-06 3
1715481260550 4.2109374999999905e-06 4
1715481440745 2.2812500000000038e-06 5
1715481628946 3.539429607356311e-07 6
1715481789169 3.549902394096548e-07 7
1715481965754 3.562278346582653e-07 8
1715482141558 3.576556976233119e-07 9
1715482318193 3.592737719352175e-07 10
1715482512865 3.6108199371517404e-07 11
1715482701562 3.6308029157768334e-07 12
1715482882727 3.652685866333646e-07 13
1715483050042 3.676467924920817e-07 14
1715483212604 3.7021481526633546e-07 15
1715483397805 3.7297255357498283e-07 16
1715483582841 3.7591989854724384e-07 17
1715483772492 3.790567338269777e-07 18
1715483939593 3.8238293557730205e-07 19
1715484099363 3.858983724854693e-07 20
1715484279894 3.896029057680458e-07 21
1715484454751 3.934963891764013e-07 22
1715484635412 3.9757866900248274e-07 23
1715484820920 4.0184958408486983e-07 24
1715484992334 4.063089658151405e-07 25
1715485167690 4.1095663814454734e-07 26
1715485323722 4.15792417590951e-07 27
1715485498885 4.2081611324604524e-07 28
1715485682446 4.2602752678293493e-07 29
1715485860117 4.314264524639361e-07 30
1715486038077 4.3701267714870896e-07 31
1715486198372 4.427859803026668e-07 32
1715486372134 4.487461340056828e-07 33
1715486540711 4.54892902961102e-07 34
1715486728842 4.6122604450500264e-07 35
1715486920464 4.677453086158076e-07 36
1715487088667 4.744504379241261e-07 37
1715487267832 4.81341167722941e-07 38
1715487435029 4.884172259780363e-07 39
1715487594554 4.956783333387465e-07 40
1715487787820 5.031242031489868e-07 41
1715487973398 5.107545414585637e-07 42
1715488161840 5.185690470347915e-07 43
1715488325954 5.265674113743661e-07 44
1715488491131 5.347493187155613e-07 45
1715488675772 5.431144460506839e-07 46
1715488858678 5.516624631388313e-07 47
1715489047288 5.603930325189205e-07 48
1715489217194 5.693058095230325e-07 49
1715489381309 5.784004422899751e-07 50
1715489567328 5.876765717792367e-07 51
1715489732242 5.971338317851e-07 52
1715489917565 6.067718489511372e-07 53
1715490097492 6.165902427849276e-07 54
1715490272982 6.26588625673096e-07 55
1715490443658 6.36766602896603e-07 56
1715490598934 6.47123772646347e-07 57
1715490779765 6.576597260389933e-07 58
1715490968768 6.683740471331392e-07 59
1715491157098 6.792663129457434e-07 60
1715491351318 6.90336093468789e-07 61
1715491513845 7.01582951686304e-07 62
1715491694681 7.130064435915816e-07 63
1715491865267 7.246061182047155e-07 64
1715492046328 7.363815175904294e-07 65
1715492241626 7.483321768761073e-07 66
1715492425666 7.60457624270183e-07 67
1715492606801 7.727573810807568e-07 68
1715492772144 7.852309617344924e-07 69
1715492938365 7.978778737957822e-07 70
1715493127120 8.10697617986194e-07 71
1715493305314 8.236896882041761e-07 72
1715493491661 8.368535715450443e-07 73
1715493652738 8.501887483212225e-07 74
1715493824458 8.636946920827688e-07 75
1715494001212 8.773708696381503e-07 76
1715494176199 8.91216741075282e-07 77
1715494361172 9.052317597828797e-07 78
1715494542700 9.19415372472001e-07 79
1715494715187 9.337670191979028e-07 80
1715494884285 9.482861333821432e-07 81
1715495045445 9.62972141834955e-07 82
1715495221734 9.778244647778755e-07 83
1715495405219 9.928425158666219e-07 84
1715495588516 1.008025702214251e-06 85
1715495758980 1.02337342441457e-06 86
1715495919160 1.0388850765657754e-06 87
1715496093126 1.0545600462944195e-06 88
1715496257866 1.07039771477951e-06 89
1715496436871 1.0863974567770403e-06 90
1715496618009 1.1025586406445717e-06 91
1715496783101 1.1188806283662499e-06 92
1715496956593 1.1353627755779506e-06 93
1715497115473 1.1520044315927113e-06 94
1715497281982 1.1688049394264518e-06 95
1715497466834 1.1857636358238893e-06 96
1715497645006 1.2028798512847373e-06 97
1715497832718 1.2201529100900994e-06 98
1715497994541 1.237582130329207e-06 99
1715498162524 1.2551668239262831e-06 100
1715498355561 1.2729062966677308e-06 101
1715498530756 1.2907998482295443e-06 102
1715498719117 1.3088467722049482e-06 103
1715498906452 1.327046356132281e-06 104
1715499076735 1.3453978815231414e-06 105
1715499248735 1.3639006238907178e-06 106
1715499414382 1.382553852778415e-06 107
1715499602308 1.4013568317887224e-06 108
1715499791209 1.4203088186122058e-06 109
1715499980958 1.4394090650568902e-06 110
1715500155760 1.4586568170777418e-06 111
1715500317750 1.4780513148064521e-06 112
1715500500526 1.4975917925814874e-06 113
1715500676495 1.5172774789782296e-06 114
1715500855025 1.5371075968395006e-06 115
1715501037629 1.5570813633061856e-06 116
1715501201971 1.577197989848181e-06 117
1715501386468 1.5974566822955397e-06 118
1715501553982 1.6178566408697428e-06 119
1715501732189 1.6383970602153875e-06 120
1715501924124 1.6590771294318545e-06 121
1715502110052 1.6798960321054586e-06 122
1715502292864 1.7008529463415454e-06 123
1715502454798 1.72194704479702e-06 124
1715502625877 1.7431774947130114e-06 125
1715502800688 1.7645434579477149e-06 126
1715502976793 1.786044091009457e-06 127
1715503161550 1.8076785450900827e-06 128
1715503323894 1.8294459660983779e-06 129
1715503501850 1.851345494693847e-06 130
1715503679315 1.873376266320582e-06 131
1715503842391 1.8955374112414524e-06 132
1715504027514 1.9178280545724016e-06 133
1715504205605 1.9402473163169934e-06 134
1715504384163 1.962794311401167e-06 135
1715504551082 1.9854681497081575e-06 136
1715504712199 2.0082679361136676e-06 137
1715504886974 2.031192770521151e-06 138
1715505062694 2.054241747897399e-06 139
1715505240558 2.0774139583082766e-06 140
1715505410575 2.100708486954558e-06 141
1715505569700 2.1241244142081668e-06 142
1715505754466 2.147660815648381e-06 143
1715505913809 2.171316762098357e-06 144
1715506095959 2.195091319661872e-06 145
1715506284587 2.2189835497600446e-06 146
1715506466373 2.242992509168607e-06 147
1715506652656 2.2671172500549034e-06 148
1715506817799 2.2913568200154895e-06 149
1715506990904 2.3157102621136336e-06 150
1715507180481 2.340176614917171e-06 151
1715507362745 2.364754912536365e-06 152
1715507552082 2.3894441846620983e-06 153
1715507714789 2.414243456604222e-06 154
1715507888170 2.439151749329908e-06 155
1715508069490 2.4641680795024083e-06 156
1715508251676 2.4892914595198725e-06 157
1715508448148 2.514520897554255e-06 158
1715508626050 2.539855397590528e-06 159
1715508800974 2.5652939594660393e-06 160
1715508979233 2.590835578909912e-06 161
1715509139457 2.6164792475827443e-06 162
1715509327341 2.6422239531163944e-06 163
1715509508813 2.6680686791539943e-06 164
1715509689545 2.6940124053899998e-06 165
1715509862977 2.7200541076105224e-06 166
1715510020556 2.7461927577337384e-06 167
1715510202172 2.772427323850508e-06 168
1715510380847 2.7987567702650848e-06 169
1715510564954 2.8251800575360063e-06 170
1715510748885 2.851696142517116e-06 171
1715510912383 2.8783039783988143e-06 172
1715511095065 2.9050025147492863e-06 173
1715511255554 2.931790697556006e-06 174
1715511434271 2.9586674692674225e-06 175
1715511623727 2.985631768834617e-06 176
1715511807083 3.012682531753165e-06 177
1715511961607 3.039818690105288e-06 178
1715512113959 3.0670391726019455e-06 179
1715512267210 3.0943429046250726e-06 180
1715512419785 3.1217288082700553e-06 181
1715512572518 3.149195802388346e-06 182
1715512725803 3.176742802630046e-06 183
1715512878580 3.204368721486753e-06 184
1715513031887 3.2320724683344806e-06 185
1715513185033 3.2598529494767443e-06 186
1715513338872 3.2877090681877145e-06 187
1715513492084 3.3156397247555286e-06 188
1715513645024 3.343643816525689e-06 189
1715513798129 3.3717202379446004e-06 190
1715513951296 3.3998678806032156e-06 191
1715514104429 3.428085633280818e-06 192
1715514257136 3.456372381988805e-06 193
1715514410180 3.4847270100148296e-06 194
1715514563875 3.5131483979666793e-06 195
1715514717320 3.541635423816668e-06 196
1715514870712 3.5701869629457513e-06 197
1715515023877 3.5988018881880687e-06 198
1715515176793 3.627479069875384e-06 199
1715515328765 3.6562173758816227e-06 200
1715515481705 3.6850156716677454e-06 201
1715515634479 3.713872820326271e-06 202
1715515787416 3.742787682626418e-06 203
1715515940728 3.771759117058922e-06 204
1715516093820 3.800785979881172e-06 205
1715516246126 3.829867125162304e-06 206
1715516398561 3.859001404828524e-06 207
1715516551915 3.888187668708336e-06 208
1715516705072 3.917424764578028e-06 209
1715516858344 3.946711538207125e-06 210
1715517011913 3.9760468334039226e-06 211
1715517165050 4.005429492061225e-06 212
1715517318665 4.0348583542019416e-06 213
1715517471488 4.064332258025041e-06 214
1715517624970 4.093850039951231e-06 215
1715517778081 4.123410534669027e-06 216
1715517931327 4.1530125751807105e-06 217
1715518084340 4.182654992848414e-06 218
1715518237870 4.212336617440267e-06 219
1715518391359 4.242056277176507e-06 220
1715518545228 4.271812798775902e-06 221
1715518698384 4.301605007501883e-06 222
1715518851483 4.331431727209108e-06 223
1715519004695 4.361291780389736e-06 224
1715519157279 4.391183988219996e-06 225
1715519310625 4.421107170606702e-06 226
1715519463265 4.451060146233848e-06 227
1715519616541 4.481041732609239e-06 228
1715519768627 4.511050746111211e-06 229
1715519921708 4.5410860020352885e-06 230
1715520074645 4.571146314640946e-06 231
1715520227868 4.6012304971985946e-06 232
1715520381861 4.6313373620361436e-06 233
1715520535245 4.6614657205861395e-06 234
1715520689058 4.691614383432611e-06 235
1715520842575 4.7217821603579315e-06 236
1715520996493 4.751967860389952e-06 237
1715521150452 4.782170291848924e-06 238
1715521304712 4.812388262394545e-06 239
1715521458518 4.842620579073069e-06 240
1715521612267 4.8728660483644555e-06 241
1715521766036 4.903123476229277e-06 242
1715521919826 4.933391668156182e-06 243
1715522073648 4.963669429208754e-06 244
1715522228227 4.993955564072765e-06 245
1715522381441 5.024248877103561e-06 246
1715522535406 5.054548172372949e-06 247
1715522690083 5.084852253716667e-06 248
1715522845469 5.11515992478149e-06 249
1715522999164 5.145469989072412e-06 250
1715523152951 5.175781249999996e-06 251
1715523306360 5.206092510927609e-06 252
1715523460324 5.23640257521853e-06 253
1715523613407 5.2667102462833105e-06 254
1715523767263 5.297014327627027e-06 255
1715523921401 5.327313622896461e-06 256
1715524075916 5.35760693592721e-06 257
1715524230744 5.387893070791268e-06 258
1715524385028 5.418170831843797e-06 259
1715524539198 5.4484390237707e-06 260
1715524693719 5.478696451635564e-06 261
1715524848902 5.508941920926902e-06 262
1715525005072 5.539174237605478e-06 263
1715525160237 5.56939220815105e-06 264
1715525315373 5.599594639610026e-06 265
1715525471165 5.629780339642043e-06 266
1715525626825 5.6599481165673624e-06 267
1715525782738 5.690096779413842e-06 268
1715525937719 5.7202251379638785e-06 269
1715526093079 5.750332002801441e-06 270
1715526248123 5.780416185359031e-06 271
1715526404139 5.810476497964735e-06 272
1715526559471 5.840511753888761e-06 273
1715526715103 5.870520767390742e-06 274
1715526870057 5.900502353766178e-06 275
1715527025176 5.930455329393323e-06 276
1715527179522 5.960378511780022e-06 277
1715527334808 5.990270719610244e-06 278
1715527490141 6.020130772790867e-06 279
1715527645218 6.0499574924981e-06 280
1715527800288 6.0797497012241226e-06 281
1715527955617 6.10950622282347e-06 282
1715528110795 6.139225882559756e-06 283
1715528266359 6.168907507151563e-06 284
1715528421522 6.198549924819261e-06 285
1715528577214 6.228151965330988e-06 286
1715528732556 6.257712460048795e-06 287
1715528888092 6.287230241974985e-06 288
1715529043812 6.316704145798031e-06 289
1715529199424 6.346133007938799e-06 290
1715529354881 6.375515666596093e-06 291
1715529510320 6.404850961792882e-06 292
1715529665837 6.4341377354219665e-06 293
1715529821558 6.463374831291635e-06 294
1715529977145 6.49256109517149e-06 295
1715530132549 6.521695374837692e-06 296
1715530287493 6.550776520118832e-06 297
1715530442046 6.579803382941072e-06 298
1715530596883 6.60877481737361e-06 299
1715530751909 6.637689679673713e-06 300
1715530907028 6.666546828332267e-06 301
1715531061371 6.6953451241183626e-06 302
1715531216183 6.724083430124624e-06 303
1715531370475 6.752760611811899e-06 304
1715531525150 6.781375537054245e-06 305
1715531679304 6.809927076183358e-06 306
1715531834202 6.838414102033304e-06 307
1715531987941 6.86683548998517e-06 308
1715532142790 6.895190118011206e-06 309
1715532297023 6.923476866719191e-06 310
1715532451872 6.951694619396776e-06 311
1715532606443 6.9798422620554195e-06 312
1715532761180 7.0079186834743185e-06 313
1715532915553 7.035922775244502e-06 314
1715533069808 7.063853431812279e-06 315
1715533223530 7.091709550523245e-06 316
1715533377968 7.119490031665513e-06 317
1715533532893 7.1471937785132774e-06 318
1715533687753 7.174819697369944e-06 319
1715533842623 7.2023666976116455e-06 320
1715533998275 7.229833691729913e-06 321
1715534153300 7.25721959537495e-06 322
1715534308112 7.284523327398083e-06 323
1715534463258 7.3117438098946995e-06 324
1715534618054 7.338879968246864e-06 325
1715534773032 7.36593073116538e-06 326
1715534927961 7.392895030732566e-06 327
1715535082253 7.419771802443982e-06 328
1715535236981 7.446559985250724e-06 329
1715535391841 7.473258521601204e-06 330
1715535546828 7.499866357482915e-06 331
1715535701678 7.526382442464005e-06 332
1715535857702 7.552805729734944e-06 333
1715536013448 7.579135176149516e-06 334
1715536168267 7.605369742266258e-06 335
1715536322969 7.6315083923895e-06 336
1715536477512 7.657550094610008e-06 337
1715536632327 7.683493820845995e-06 338
1715536786541 7.709338546883588e-06 339
1715536941141 7.73508325241723e-06 340
1715537094991 7.760726921090062e-06 341
1715537249865 7.786268540533937e-06 342
1715537404380 7.811707102409472e-06 343
1715537559208 7.837041602445768e-06 344
1715537713095 7.862271040480158e-06 345
1715537867833 7.887394420497601e-06 346
1715538021907 7.912410750670115e-06 347
1715538176209 7.93731904339581e-06 348
1715538330813 7.962118315337885e-06 349
1715538485595 7.986807587463657e-06 350
1715538640549 8.01138588508283e-06 351
1715538795699 8.035852237886366e-06 352
1715538950734 8.060205679984524e-06 353
1715539105704 8.084445249945123e-06 354
1715539260689 8.108569990831389e-06 355
1715539415515 8.132578950239928e-06 356
1715539570456 8.156471180338132e-06 357
1715539725353 8.18024573790161e-06 358
1715539880201 8.203901684351622e-06 359
1715540035107 8.227438085791807e-06 360
1715540190269 8.25085401304542e-06 361
1715540345078 8.274148541691709e-06 362
1715540500117 8.297320752102603e-06 363
1715540654841 8.320369729478836e-06 364
1715540809441 8.343294563886354e-06 365
1715540964237 8.366094350291808e-06 366
1715541119300 8.38876818859884e-06 367
1715541274052 8.411315183683021e-06 368
1715541429760 8.433734445427613e-06 369
1715541584801 8.456025088758546e-06 370
1715541739183 8.47818623367943e-06 371
1715541894210 8.500217005306135e-06 372
1715542048961 8.522116533901624e-06 373
1715542203313 8.543883954909898e-06 374
1715542358282 8.565518408990528e-06 375
1715542512553 8.587019042052285e-06 376
1715542666937 8.608385005286991e-06 377
1715542820983 8.62961545520295e-06 378
1715542975496 8.65070955365847e-06 379
1715543129549 8.671666467894555e-06 380
1715543284085 8.692485370568147e-06 381
1715543438105 8.713165439784594e-06 382
1715543592694 8.733705859130237e-06 383
1715543746445 8.754105817704493e-06 384
1715543900277 8.774364510151832e-06 385
1715544054070 8.794481136693814e-06 386
1715544208331 8.814454903160499e-06 387
1715544362950 8.834285021021787e-06 388
1715544518690 8.853970707418529e-06 389
1715544674429 8.873511185193526e-06 390
1715544829028 8.892905682922253e-06 391
1715544983963 8.912153434943143e-06 392
1715545138384 8.931253681387762e-06 393
1715545292804 8.950205668211239e-06 394
1715545447986 8.969008647221563e-06 395
1715545602484 8.987661876109276e-06 396
1715545757322 9.00616461847684e-06 397
1715545911745 9.024516143867716e-06 398
1715546066454 9.042715727795072e-06 399
1715546220782 9.06076265177047e-06 400
1715546375692 9.078656203332232e-06 401
1715546530274 9.096395676073678e-06 402
1715546685242 9.113980369670762e-06 403
1715546840024 9.131409589909862e-06 404
1715546994980 9.148682648715241e-06 405
1715547149797 9.165798864176131e-06 406
1715547303929 9.182757560573525e-06 407
1715547458399 9.199558068407324e-06 408
1715547612271 9.216199724422086e-06 409
1715547766935 9.232681871633727e-06 410
1715547920979 9.249003859355404e-06 411
1715548075138 9.265165043222997e-06 412
1715548228948 9.281164785220496e-06 413
1715548383266 9.297002453705564e-06 414
1715548537228 9.312677423434222e-06 415
1715548691603 9.328189075585405e-06 416
1715548845466 9.34353679778573e-06 417
1715548999743 9.3587199841334e-06 418
1715549153523 9.373738035222146e-06 419
1715549307953 9.388590358165059e-06 420
1715549461360 9.403276366617853e-06 421
1715549615716 9.417795480802114e-06 422
1715549770110 9.432147127528013e-06 423
1715549923910 9.446330740217097e-06 424
1715550078344 9.460345758924725e-06 425
1715550233121 9.474191630361886e-06 426
1715550387438 9.487867807917202e-06 427
1715550542023 9.501373751678777e-06 428
1715550696663 9.514708928454964e-06 429
1715550851154 9.527872811795788e-06 430
1715551005962 9.540864882013818e-06 431
1715551160513 9.553684626204234e-06 432
1715551314757 9.566331538265508e-06 433
1715551469776 9.578805118919271e-06 434
1715551624391 9.591104875729827e-06 435
1715551779213 9.603230323123874e-06 436
1715551933659 9.615180982409547e-06 437
1715552088572 9.6269563817953e-06 438
1715552244193 9.638556056408402e-06 439
1715552399012 9.649979548313736e-06 440
1715552553573 9.661226406531177e-06 441
1715552707787 9.67229618705428e-06 442
1715552862182 9.683188452866878e-06 443
1715553016857 9.693902773960974e-06 444
1715553171858 9.704438727353631e-06 445
1715553326369 9.714795897103357e-06 446
1715553481115 9.724973874326904e-06 447
1715553635224 9.734972257215067e-06 448
1715553789607 9.744790651048869e-06 449
1715553943574 9.754428668214911e-06 450
1715554098133 9.763885928220785e-06 451
1715554252003 9.773162057709999e-06 452
1715554406604 9.782256690476943e-06 453
1715554560872 9.791169467481098e-06 454
1715554715317 9.799900036861184e-06 455
1715554869590 9.808448053949296e-06 456
1715555023880 9.816813181284424e-06 457
1715555177938 9.82499508862566e-06 458
1715555332491 9.832993452965224e-06 459
1715555486696 9.840807958541392e-06 460
1715555641160 9.848438296851036e-06 461
1715555795153 9.855884166661284e-06 462
1715555949963 9.863145274021959e-06 463
1715556103925 9.870221332277076e-06 464
1715556258669 9.877112062075899e-06 465
1715556413757 9.883817191384201e-06 466
1715556568862 9.890336455495002e-06 467
1715556724214 9.896669597038913e-06 468
1715556879640 9.902816365994334e-06 469
1715557034563 9.908776519697365e-06 470
1715557189895 9.914549822851285e-06 471
1715557345056 9.92013604753609e-06 472
1715557500207 9.925534973217038e-06 473
1715557655580 9.930746386753996e-06 474
1715557810453 9.935770082409059e-06 475
1715557965718 9.940605861855429e-06 476
1715558121087 9.945253534184882e-06 477
1715558275715 9.949712915915102e-06 478
1715558430853 9.953983830997553e-06 479
1715558585902 9.95806611082363e-06 480
1715558740836 9.96195959423194e-06 481
1715558895496 9.965664127514513e-06 482
1715559050091 9.969179564422671e-06 483
1715559205002 9.97250576617305e-06 484
1715559359088 9.975642601452742e-06 485
1715559513917 9.978589946424994e-06 486
1715559668496 9.98134768473369e-06 487
1715559823945 9.983915707507937e-06 488
1715559979391 9.986293913366602e-06 489
1715560134558 9.988482208422331e-06 490
1715560288344 9.990480506284807e-06 491
1715560441729 9.992288728064793e-06 492
1715560594691 9.993906802376698e-06 493
1715560748914 9.995334665341722e-06 494
1715560901387 9.996572260590376e-06 495
1715561054977 9.997619539264377e-06 496
1715561208836 9.998476460019018e-06 497
1715561363380 9.999142989024604e-06 498
1715561518510 9.999619099967605e-06 499
