1715480577820 4.005095325364657 0
1715480735887 3.870639429501961 1
1715480902753 3.9444097682742254 2
1715481081992 3.984493243913709 3
1715481260555 3.9608150391490913 4
1715481440747 3.9467163144445125 5
1715481628947 3.9937655252913022 6
1715481789171 3.987243577746526 7
1715481965755 3.9492240829701806 8
1715482141561 3.9201284756689714 9
1715482318195 3.9254963090814696 10
1715482512867 3.995050844239311 11
1715482701566 3.9292341946092852 12
1715482882729 3.9841755431122574 13
1715483050044 3.9989348803561158 14
1715483212606 3.9272067736994267 15
1715483397810 4.008634577499577 16
1715483582846 3.924988581359021 17
1715483772496 3.885859343171851 18
1715483939595 3.9994378353189104 19
1715484099368 3.982424640948056 20
1715484279895 3.8995686133215033 21
1715484454757 3.9672822966897416 22
1715484635417 3.9129056023673776 23
1715484820922 4.012594802247966 24
1715484992336 3.9286319405023304 25
1715485167692 3.97169966054109 26
1715485323724 3.943657278283242 27
1715485498887 4.011993348232807 28
1715485682448 3.9839880100788516 29
1715485860119 3.9740214362466264 30
1715486038079 3.96303494137489 31
1715486198374 3.9881941584721665 32
1715486372136 3.944945298820917 33
1715486540716 3.968411714752759 34
1715486728846 3.961678873541896 35
1715486920466 4.001902257006592 36
1715487088669 3.8850595453765493 37
1715487267835 3.9917981858633778 38
1715487435034 3.979488934475951 39
1715487594556 4.0067672334565705 40
1715487787822 3.996512453980241 41
1715487973400 3.9459131349083836 42
1715488161842 3.959309172776579 43
1715488325959 3.9117146094152533 44
1715488491133 3.926024116621427 45
1715488675777 3.923548511200887 46
1715488858680 3.9492535722767648 47
1715489047293 3.925484430570544 48
1715489217196 3.966651546443167 49
1715489381311 3.922417023430573 50
1715489567330 3.9763107431446847 51
1715489732244 3.9041179645280897 52
1715489917570 3.961743913545199 53
1715490097496 3.887931937820341 54
1715490272984 3.9151971501075415 55
1715490443660 4.024410334101484 56
1715490598939 4.020406926336464 57
1715490779767 3.9535744585142547 58
1715490968773 3.9330499611017893 59
1715491157100 3.9495387735542344 60
1715491351323 3.9670908524214856 61
1715491513847 3.941641564749501 62
1715491694683 3.9077336671162235 63
1715491865268 3.9338322607286136 64
1715492046332 3.9363325856214653 65
1715492241628 3.9994356456709785 66
1715492425668 3.983022723461221 67
1715492606803 3.9406600056981747 68
1715492772148 3.9392957131555475 69
1715492938370 3.9521295029692856 70
1715493127124 3.9156247647993405 71
1715493305316 3.9246541576151466 72
1715493491664 3.9513985935164375 73
1715493652741 3.997196727003788 74
1715493824459 3.9078659031288754 75
1715494001214 3.9137802445815386 76
1715494176200 4.0141188293878285 77
1715494361173 3.9532996642808973 78
1715494542704 3.9391336587309107 79
1715494715189 3.934933843788194 80
1715494884290 3.947630778412146 81
1715495045450 4.009293529884947 82
1715495221738 3.931084173588665 83
1715495405224 3.9226853262427395 84
1715495588518 3.8441486329388765 85
1715495758982 3.893110896912089 86
1715495919162 3.9550633298838798 87
1715496093128 3.9608428302718086 88
1715496257868 3.9054078909517065 89
1715496436873 3.8974292936500596 90
1715496618010 3.8765711725855168 91
1715496783103 3.863517701260151 92
1715496956597 3.935054523081867 93
1715497115475 3.8742840099919795 94
1715497281984 3.917086452062876 95
1715497466839 3.9430853091865963 96
1715497645008 3.865954279168252 97
1715497832720 3.9109574651425603 98
1715497994543 3.9094722504996082 99
1715498162526 3.9604202896539418 100
1715498355562 3.9528518937116752 101
1715498530760 3.916576531767114 102
1715498719121 3.926110269101851 103
1715498906454 3.9688623887629597 104
1715499076737 3.943487509628015 105
1715499248737 3.8553305505974893 106
1715499414384 3.875605972266636 107
1715499602310 3.86563262178854 108
1715499791214 3.98701931069965 109
1715499980960 3.9084810450033176 110
1715500155762 3.9052991574527294 111
1715500317751 3.905995232927287 112
1715500500527 3.9512964304239473 113
1715500676497 3.905594900341853 114
1715500855027 3.8981005618908653 115
1715501037631 3.841789633218496 116
1715501201973 3.871710709998944 117
1715501386472 3.9378838451362097 118
1715501553984 3.9871518377877453 119
1715501732191 3.8633846110361487 120
1715501924129 3.9031512137570994 121
1715502110053 3.993433875540283 122
1715502292865 3.860222627780189 123
1715502454801 3.9241654185429673 124
1715502625879 3.9918781204457665 125
1715502800691 3.9817151511373696 126
1715502976795 3.9303046135814643 127
1715503161551 3.8801377887374784 128
1715503323895 3.9244798473053915 129
1715503501852 3.917546948040921 130
1715503679317 3.9325232110871857 131
1715503842393 3.841352865008489 132
1715504027516 3.873994644434174 133
1715504205609 3.8728886177203408 134
1715504384164 3.8520923275157717 135
1715504551084 3.8705922752801625 136
1715504712201 3.9166474225330936 137
1715504886975 3.8631439735553017 138
1715505062696 3.9035021315323064 139
1715505240562 3.9061964391930704 140
1715505410577 3.880452684098226 141
1715505569702 3.934198402919652 142
1715505754468 3.9131009008255475 143
1715505913811 3.8852945866028956 144
1715506095960 3.91083307792804 145
1715506284589 3.8541682410093903 146
1715506466377 3.8863895977932983 147
1715506652658 3.874967541431357 148
1715506817801 3.9182887574646372 149
1715506990905 3.9338353806478112 150
1715507180483 3.9089273441057264 151
1715507362747 3.9209097323973485 152
1715507552084 3.951097811657958 153
1715507714794 3.872962918018271 154
1715507888172 3.898757096448559 155
1715508069492 3.895398119475944 156
1715508251678 3.8969332586768215 157
1715508448150 3.879948620415904 158
1715508626051 3.846406357420003 159
1715508800976 3.9411922042355214 160
1715508979235 3.908732203618149 161
1715509139460 3.9198487404665334 162
1715509327342 3.8616431461521454 163
1715509508815 3.941681518145134 164
1715509689547 3.9460561099959297 165
1715509862982 3.814071138943631 166
1715510020559 3.8014939752824466 167
1715510202176 3.936482338817573 168
1715510380849 3.859589870722016 169
1715510564957 3.865710805530197 170
1715510748887 3.8815037984789513 171
1715510912385 3.9574430778714045 172
1715511095067 3.855148839072947 173
1715511255556 3.8060776426748264 174
1715511434276 3.851533832725572 175
1715511623729 3.7825378801193708 176
1715511807087 3.916187789542543 177
1715511961609 3.963089561169864 178
1715512113961 3.940558468637291 179
1715512267212 3.896309444509401 180
1715512419789 3.873197600885403 181
1715512572521 3.9496523778131403 182
1715512725807 3.8341983681076144 183
1715512878585 3.9166427565498587 184
1715513031889 3.9539279089383554 185
1715513185035 3.826165194891713 186
1715513338874 3.9309704215980017 187
1715513492086 3.9104359179186674 188
1715513645028 3.8623777401227892 189
1715513798131 3.89129063980711 190
1715513951301 3.8955874150516063 191
1715514104431 3.9644675079298897 192
1715514257141 3.9457584422058853 193
1715514410185 3.86579678102505 194
1715514563880 3.8522929370037615 195
1715514717324 3.9056073990336224 196
1715514870716 3.9333997606499795 197
1715515023879 3.868501906014659 198
1715515176797 3.900794222311008 199
1715515328766 3.8491193472973406 200
1715515481709 3.8976971137743055 201
1715515634484 3.860702312797125 202
1715515787418 3.8165901687247623 203
1715515940732 3.879399157740587 204
1715516093822 3.93789123318678 205
1715516246130 3.8255688383535373 206
1715516398563 3.8968814296956444 207
1715516551917 3.7676216883162046 208
1715516705073 3.8106426768507693 209
1715516858349 3.855678328707174 210
1715517011916 3.876407835381163 211
1715517165054 3.944656895713572 212
1715517318667 3.86464087217132 213
1715517471492 3.8828286729707306 214
1715517624972 3.932908280495486 215
1715517778085 3.864026792210304 216
1715517931329 3.8329010843499307 217
1715518084341 3.907393296072088 218
1715518237871 3.8843477854699446 219
1715518391363 3.7953947819083744 220
1715518545232 3.8837623113503486 221
1715518698388 3.854951197384325 222
1715518851486 3.8544297744891396 223
1715519004697 3.757348772938266 224
1715519157280 3.887048171341785 225
1715519310627 3.794612014220536 226
1715519463270 3.7961654268159455 227
1715519616545 3.9120416260935778 228
1715519768629 3.8069900559501413 229
1715519921712 3.83928619425721 230
1715520074650 3.844338658397183 231
1715520227870 3.834895180778269 232
1715520381865 3.770968576150438 233
1715520535247 3.8326917850166744 234
1715520689063 3.8963536938275296 235
1715520842577 3.823298926733754 236
1715520996499 3.754035110122587 237
1715521150454 3.809809286901556 238
1715521304716 3.8737984434958617 239
1715521458522 3.7968812076592005 240
1715521612272 3.8667689144977033 241
1715521766037 3.8055332569988227 242
1715521919830 3.9454627680632233 243
1715522073650 3.81764782279547 244
1715522228229 3.8074575026342474 245
1715522381446 3.7908526929609616 246
1715522535410 3.8589565110352875 247
1715522690085 3.784505140561999 248
1715522845474 3.8402478928946278 249
1715522999168 3.7307775298510593 250
1715523152953 3.8005197545502085 251
1715523306365 3.780082908876103 252
1715523460326 3.846050677855322 253
1715523613412 3.8201912400181306 254
1715523767267 3.741771431788345 255
1715523921405 3.8731995140847983 256
1715524075921 3.8434777230572847 257
1715524230749 3.7264054348132363 258
1715524385030 3.720708048416793 259
1715524539200 3.8361133973291315 260
1715524693723 3.848149246964718 261
1715524848904 3.8104418113919123 262
1715525005074 3.8238337756665937 263
1715525160242 3.848275869170581 264
1715525315375 3.7681024908288125 265
1715525471169 3.7844701266727565 266
1715525626828 3.8055746628462903 267
1715525782743 3.7443486810461875 268
1715525937723 3.899791660484361 269
1715526093081 3.889776825173501 270
1715526248126 3.772111474370664 271
1715526404144 3.757332335220524 272
1715526559475 3.8565229023892456 273
1715526715105 3.7940696850876137 274
1715526870061 3.775937587936963 275
1715527025178 3.8097999695619924 276
1715527179526 3.808247576461979 277
1715527334813 3.843298566853342 278
1715527490145 3.7703634727220594 279
1715527645220 3.860496471264611 280
1715527800290 3.8742850133977784 281
1715527955619 3.9053428026796118 282
1715528110800 3.903337842847672 283
1715528266362 3.739719314809226 284
1715528421526 3.744750724979705 285
1715528577218 3.7890281808888253 286
1715528732561 3.8214483319616024 287
1715528888095 3.7399258789109306 288
1715529043816 3.7744398175573055 289
1715529199426 3.8194672593309837 290
1715529354886 3.8017582293668406 291
1715529510323 3.7388646514869177 292
1715529665841 3.8450381858217204 293
1715529821562 3.823647158277547 294
1715529977150 3.864443717558691 295
1715530132551 3.7974813335512314 296
1715530287497 3.762029247049905 297
1715530442050 3.7877219542403893 298
1715530596886 3.7942374630208398 299
1715530751913 3.7866318021083902 300
1715530907030 3.8371733946302915 301
1715531061376 3.8211231626615936 302
1715531216186 3.8304285710574657 303
1715531370479 3.782296961801915 304
1715531525153 3.892434156745489 305
1715531679309 3.6855467565220557 306
1715531834204 3.745893958156094 307
1715531987944 3.806456481020875 308
1715532142792 3.783529076839517 309
1715532297024 3.7691434278078604 310
1715532451873 3.7796589457915606 311
1715532606445 3.7422898269138454 312
1715532761184 3.805874115118951 313
1715532915555 3.7221002125301244 314
1715533069810 3.79948751472988 315
1715533223534 3.7523036983115543 316
1715533377970 3.8108006854730148 317
1715533532897 3.7392624623936377 318
1715533687755 3.7717667591352404 319
1715533842626 3.7620812120613145 320
1715533998276 3.8810974176675996 321
1715534153304 3.8599498857018406 322
1715534308113 3.695953255782098 323
1715534463263 3.7382505788393545 324
1715534618056 3.762711793367117 325
1715534773034 3.7338319439098147 326
1715534927963 3.8103575384689985 327
1715535082254 3.8247282095482014 328
1715535236982 3.7122169433195897 329
1715535391845 3.693379125712108 330
1715535546830 3.723402135942611 331
1715535701683 3.7505228036751777 332
1715535857704 3.7816725069759816 333
1715536013449 3.7232369893898993 334
1715536168269 3.7178584783355153 335
1715536322970 3.7005415533217914 336
1715536477514 3.7809803544377987 337
1715536632331 3.77582134498409 338
1715536786543 3.728016930855125 339
1715536941145 3.763355078141382 340
1715537094996 3.684095779079601 341
1715537249867 3.7781719517854095 342
1715537404384 3.8210196524309965 343
1715537559209 3.85958961767653 344
1715537713099 3.730018855603926 345
1715537867835 3.8835593323034745 346
1715538021909 3.8780925405537423 347
1715538176210 3.8910885998076457 348
1715538330817 3.778115407089514 349
1715538485596 3.8449310876109117 350
1715538640550 3.8274827179001885 351
1715538795701 3.813393551879134 352
1715538950736 3.8537268755626095 353
1715539105708 3.800081937590991 354
1715539260691 3.8912896217744044 355
1715539415516 3.7986325705709634 356
1715539570460 3.835177864765097 357
1715539725356 3.811583777878182 358
1715539880205 3.803319193834176 359
1715540035108 3.7539722597672163 360
1715540190273 3.8929320888285255 361
1715540345080 3.8839943365085343 362
1715540500122 3.8039644042407077 363
1715540654843 3.8328180342364164 364
1715540809443 3.8545203603849822 365
1715540964238 3.934195325418484 366
1715541119301 3.863043567154305 367
1715541274053 3.8166268939620878 368
1715541429765 3.7897670956477065 369
1715541584802 3.841311217817061 370
1715541739184 3.8941641599854075 371
1715541894212 3.7476366838794544 372
1715542048963 3.735725320921354 373
1715542203317 3.846663932858801 374
1715542358286 3.889859674898393 375
1715542512555 3.878313207918881 376
1715542666941 3.9243624970956814 377
1715542820985 3.763098251600207 378
1715542975498 3.8756459285876503 379
1715543129553 3.7369486824866454 380
1715543284090 3.769192009615752 381
1715543438109 3.799381678821119 382
1715543592697 3.845521713327045 383
1715543746449 3.810404439645311 384
1715543900279 3.859570419861495 385
1715544054071 3.7861766332497626 386
1715544208332 3.9045199294763107 387
1715544362953 3.779002278860361 388
1715544518692 3.811112027958127 389
1715544674431 3.930333655304704 390
1715544829032 3.823434499143823 391
1715544983967 3.81096212410488 392
1715545138388 3.865688928797201 393
1715545292808 3.824388265609741 394
1715545447988 3.7424145988160116 395
1715545602488 3.8646684014724078 396
1715545757325 3.833349583339106 397
1715545911749 3.8384455552130388 398
1715546066456 3.94539306134534 399
1715546220787 3.76441402084257 400
1715546375693 3.8324312227635295 401
1715546530278 3.7961984002517046 402
1715546685243 3.8356558252697344 403
1715546840028 3.7728470161648615 404
1715546994982 3.789866675628475 405
1715547149801 3.865932452898084 406
1715547303933 3.8383495719886267 407
1715547458401 3.712684395123113 408
1715547612275 3.885979351090507 409
1715547766936 3.7882943270396603 410
1715547920983 3.7929081989943616 411
1715548075139 3.8403383018048993 412
1715548228950 3.7571117892587114 413
1715548383268 3.745997870626625 414
1715548537230 3.86230947342387 415
1715548691605 3.8441580906967445 416
1715548845471 3.7856631995710126 417
1715548999745 3.820095843332677 418
1715549153527 3.797751384278748 419
1715549307955 3.8458457139372095 420
1715549461365 3.7601779443354695 421
1715549615719 3.7905845364178616 422
1715549770111 3.7221752339345544 423
1715549923911 3.7571856463613686 424
1715550078348 3.7999451847895522 425
1715550233125 3.8079762707458684 426
1715550387443 3.7761075993988413 427
1715550542028 3.7696215038650607 428
1715550696665 3.7655307398251963 429
1715550851159 3.773659921131251 430
1715551005967 3.816863129475365 431
1715551160516 3.8604883606448497 432
1715551314761 3.70269657351488 433
1715551469780 3.85804708603701 434
1715551624397 3.740574238490473 435
1715551779216 3.748275983552991 436
1715551933664 3.783840216010626 437
1715552088577 3.7440947082145084 438
1715552244197 3.8264533698193133 439
1715552399016 3.7228621112788383 440
1715552553575 3.675776706882781 441
1715552707792 3.7216710751773387 442
1715552862186 3.8385680204520196 443
1715553016859 3.739628747928362 444
1715553171860 3.7543359709663626 445
1715553326370 3.7883058340271556 446
1715553481119 3.7866000617208657 447
1715553635228 3.8527141377969754 448
1715553789611 3.8278963712095484 449
1715553943579 3.7863565354259467 450
1715554098137 3.792341994361643 451
1715554252005 3.703274486986406 452
1715554406606 3.7204638858514327 453
1715554560873 3.7864605941655447 454
1715554715319 3.831046859179538 455
1715554869594 3.697408013548588 456
1715555023882 3.791323199593948 457
1715555177940 3.7392288673143446 458
1715555332493 3.616213206133228 459
1715555486698 3.7119420905786056 460
1715555641162 3.7499575541794665 461
1715555795155 3.7625200338890217 462
1715555949965 3.7456707925152926 463
1715556103929 3.770760141267367 464
1715556258674 3.6825588787991577 465
1715556413759 3.7509687795229483 466
1715556568864 3.741719681792464 467
1715556724218 3.7886892579084526 468
1715556879642 3.746278677981324 469
1715557034567 3.808601424737942 470
1715557189896 3.79781973361969 471
1715557345060 3.7540722068833428 472
1715557500208 3.665125457787075 473
1715557655584 3.5956813455359335 474
1715557810458 3.6998370220324746 475
1715557965722 3.6466295031682114 476
1715558121088 3.747901324114185 477
1715558275719 3.718685125280743 478
1715558430854 3.747009989674106 479
1715558585903 3.7105696391474248 480
1715558740838 3.7708471099291843 481
1715558895498 3.6863679403176337 482
1715559050093 3.799863594441326 483
1715559205006 3.6876633138013033 484
1715559359090 3.839099722405884 485
1715559513919 3.714852322830013 486
1715559668500 3.7855599877293122 487
1715559823947 3.6444454032219262 488
1715559979395 3.794437082267246 489
1715560134560 3.742769842498873 490
1715560288348 3.737076551636304 491
1715560441731 3.699919830802028 492
1715560594695 3.715293609291498 493
1715560748918 3.703727336017632 494
1715560901389 3.7729778801736655 495
1715561054979 3.7344623270210313 496
1715561208839 3.7814638994954115 497
1715561363382 3.748251654619088 498
1715561518512 3.7459703062209613 499
