1711110951397 0.0 0
1711111566879 1.0 1
1711112181576 2.0 2
1711112793928 3.0 3
1711113405440 4.0 4
1711114020259 5.0 5
1711114639052 6.0 6
1711115256690 7.0 7
1711115873083 8.0 8
1711116488651 9.0 9
1711117105688 10.0 10
1711117722713 11.0 11
1711118339641 12.0 12
1711118957825 13.0 13
1711119575828 14.0 14
1711120193977 15.0 15
1711120812112 16.0 16
1711121429146 17.0 17
1711122047059 18.0 18
1711122663649 19.0 19
1711123280553 20.0 20
1711123897791 21.0 21
1711124515493 22.0 22
1711125133265 23.0 23
1711125750557 24.0 24
1711126367741 25.0 25
1711126984756 26.0 26
1711127601335 27.0 27
1711128218989 28.0 28
1711128834729 29.0 29
1711129450997 30.0 30
1711130067926 31.0 31
1711130684353 32.0 32
1711131300636 33.0 33
1711131917760 34.0 34
1711132533037 35.0 35
1711133146944 36.0 36
1711133760573 37.0 37
1711134374355 38.0 38
1711134988670 39.0 39
1711135602228 40.0 40
1711136215324 41.0 41
1711136828449 42.0 42
1711137441260 43.0 43
1711138052696 44.0 44
1711138664241 45.0 45
1711139275654 46.0 46
1711139886034 47.0 47
1711140496159 48.0 48
1711141105611 49.0 49
1711141714893 50.0 50
1711142325898 51.0 51
1711142937517 52.0 52
1711143549492 53.0 53
1711144159688 54.0 54
1711144769478 55.0 55
1711145379258 56.0 56
1711145988306 57.0 57
1711146597215 58.0 58
1711147205801 59.0 59
1711147815352 60.0 60
1711148425060 61.0 61
1711149035056 62.0 62
1711149644831 63.0 63
1711150254118 64.0 64
1711150862111 65.0 65
1711151469394 66.0 66
1711152077906 67.0 67
1711152687689 68.0 68
1711153295548 69.0 69
1711153902764 70.0 70
1711154509068 71.0 71
1711155109980 72.0 72
1711155713050 73.0 73
1711156316844 74.0 74
1711156920741 75.0 75
1711157525538 76.0 76
1711158130364 77.0 77
1711158734315 78.0 78
1711159338249 79.0 79
1711159941526 80.0 80
1711160545286 81.0 81
1711161149765 82.0 82
1711161755566 83.0 83
1711162362034 84.0 84
1711162967878 85.0 85
1711163575456 86.0 86
1711164181664 87.0 87
1711164789960 88.0 88
1711165397098 89.0 89
1711166004514 90.0 90
1711166612731 91.0 91
1711167220470 92.0 92
1711167826640 93.0 93
1711168431239 94.0 94
1711169035237 95.0 95
1711169640457 96.0 96
1711170245267 97.0 97
1711170850821 98.0 98
1711171454574 99.0 99
1711172055290 100.0 100
1711172655542 101.0 101
1711173252976 102.0 102
1711173849609 103.0 103
1711174444469 104.0 104
1711175039881 105.0 105
1711175635199 106.0 106
1711176230975 107.0 107
1711176827412 108.0 108
1711177423954 109.0 109
1711178019552 110.0 110
1711178612857 111.0 111
1711179203959 112.0 112
1711179797335 113.0 113
1711180391466 114.0 114
1711180986450 115.0 115
1711181580725 116.0 116
1711182174967 117.0 117
1711182769827 118.0 118
1711183364184 119.0 119
1711183957799 120.0 120
1711184550443 121.0 121
1711185142602 122.0 122
1711185734539 123.0 123
1711186326041 124.0 124
1711186918729 125.0 125
1711187511782 126.0 126
1711188105222 127.0 127
1711188697219 128.0 128
1711189289626 129.0 129
1711189881536 130.0 130
1711190473532 131.0 131
1711191065279 132.0 132
1711191657316 133.0 133
1711192249578 134.0 134
1711192842193 135.0 135
1711193434697 136.0 136
1711194026752 137.0 137
1711194618716 138.0 138
1711195210708 139.0 139
1711195802850 140.0 140
1711196395050 141.0 141
1711196986922 142.0 142
1711197578619 143.0 143
1711198171063 144.0 144
1711198763542 145.0 145
1711199356184 146.0 146
1711199948062 147.0 147
1711200540232 148.0 148
1711201132451 149.0 149
1711201724660 150.0 150
1711202316438 151.0 151
1711202908072 152.0 152
1711203499468 153.0 153
1711204090338 154.0 154
1711204681557 155.0 155
1711205272626 156.0 156
1711205863519 157.0 157
1711206454689 158.0 158
1711207045814 159.0 159
1711207636529 160.0 160
1711208227406 161.0 161
1711208817942 162.0 162
1711209407876 163.0 163
1711209998018 164.0 164
1711210588497 165.0 165
1711211178111 166.0 166
1711211767397 167.0 167
1711212356706 168.0 168
1711212946093 169.0 169
1711213535210 170.0 170
1711214125089 171.0 171
1711214714882 172.0 172
1711215304270 173.0 173
1711215894030 174.0 174
1711216483664 175.0 175
1711217073057 176.0 176
1711217662503 177.0 177
1711218251793 178.0 178
1711218840927 179.0 179
1711219429644 180.0 180
1711220018495 181.0 181
1711220607681 182.0 182
1711221196810 183.0 183
1711221784758 184.0 184
1711222373498 185.0 185
1711222962875 186.0 186
1711223552004 187.0 187
1711224140983 188.0 188
1711224729476 189.0 189
1711225318179 190.0 190
1711225906862 191.0 191
1711226496073 192.0 192
1711227084420 193.0 193
1711227673019 194.0 194
1711228261425 195.0 195
1711228850347 196.0 196
1711229438950 197.0 197
1711230027356 198.0 198
1711230615069 199.0 199
1711231203561 200.0 200
1711231791661 201.0 201
1711232380120 202.0 202
1711232968519 203.0 203
1711233556953 204.0 204
1711234145510 205.0 205
1711234733727 206.0 206
1711235321962 207.0 207
1711235910574 208.0 208
1711236498748 209.0 209
1711237087030 210.0 210
1711237675176 211.0 211
1711238263820 212.0 212
1711238851939 213.0 213
1711239440567 214.0 214
1711240029059 215.0 215
1711240616306 216.0 216
1711241204605 217.0 217
1711241792413 218.0 218
1711242380686 219.0 219
1711242968031 220.0 220
1711243555815 221.0 221
1711244143807 222.0 222
1711244731562 223.0 223
1711245319814 224.0 224
1711245907211 225.0 225
1711246495196 226.0 226
1711247083558 227.0 227
1711247671654 228.0 228
1711248260855 229.0 229
1711248850039 230.0 230
1711249438770 231.0 231
1711250028300 232.0 232
1711250617609 233.0 233
1711251207387 234.0 234
1711251797594 235.0 235
1711252387953 236.0 236
1711252977786 237.0 237
1711253568167 238.0 238
1711254158816 239.0 239
1711254749804 240.0 240
1711255340923 241.0 241
1711255931862 242.0 242
1711256524043 243.0 243
1711257115627 244.0 244
1711257707030 245.0 245
1711258300413 246.0 246
1711258893309 247.0 247
1711259488600 248.0 248
1711260084118 249.0 249
1711260677731 250.0 250
1711261273263 251.0 251
1711261868688 252.0 252
1711262464516 253.0 253
1711263061099 254.0 254
1711263657132 255.0 255
1711264253459 256.0 256
1711264847245 257.0 257
1711265442191 258.0 258
1711266035936 259.0 259
1711266631959 260.0 260
1711267225929 261.0 261
1711267818003 262.0 262
1711268407699 263.0 263
1711268997319 264.0 264
1711269586626 265.0 265
1711270175366 266.0 266
1711270764119 267.0 267
1711271353176 268.0 268
1711271941650 269.0 269
1711272530382 270.0 270
1711273119201 271.0 271
1711273707661 272.0 272
1711274296683 273.0 273
1711274885137 274.0 274
1711275473519 275.0 275
1711276062821 276.0 276
1711276652165 277.0 277
1711277242087 278.0 278
1711277832679 279.0 279
1711278422626 280.0 280
1711279013005 281.0 281
1711279603858 282.0 282
1711280197216 283.0 283
1711280791967 284.0 284
1711281386686 285.0 285
1711281981140 286.0 286
1711282576508 287.0 287
1711283172782 288.0 288
1711283768964 289.0 289
1711284365602 290.0 290
1711284963096 291.0 291
1711285560093 292.0 292
1711286157674 293.0 293
1711286755128 294.0 294
1711287352763 295.0 295
1711287950313 296.0 296
1711288547400 297.0 297
1711289144284 298.0 298
1711289741262 299.0 299
1711290338286 300.0 300
1711290935237 301.0 301
1711291531458 302.0 302
1711292127613 303.0 303
1711292724145 304.0 304
1711293319527 305.0 305
1711293915211 306.0 306
1711294511585 307.0 307
1711295107424 308.0 308
1711295703846 309.0 309
1711296299593 310.0 310
1711296894895 311.0 311
1711297490407 312.0 312
1711298085328 313.0 313
1711298679947 314.0 314
1711299274981 315.0 315
1711299870021 316.0 316
1711300465495 317.0 317
1711301061401 318.0 318
1711301656206 319.0 319
1711302250673 320.0 320
1711302844906 321.0 321
1711303439699 322.0 322
1711304034808 323.0 323
1711304630084 324.0 324
1711305225716 325.0 325
1711305820761 326.0 326
1711306416443 327.0 327
1711307011297 328.0 328
1711307606476 329.0 329
1711308202031 330.0 330
1711308797666 331.0 331
1711309392481 332.0 332
1711309987190 333.0 333
1711310582078 334.0 334
1711311178012 335.0 335
1711311772981 336.0 336
1711312368464 337.0 337
1711312963941 338.0 338
1711313559730 339.0 339
1711314155338 340.0 340
1711314750736 341.0 341
1711315345871 342.0 342
1711315941274 343.0 343
1711316536582 344.0 344
1711317131828 345.0 345
1711317727237 346.0 346
1711318322056 347.0 347
1711318916884 348.0 348
1711319511608 349.0 349
1711320106750 350.0 350
1711320701118 351.0 351
1711321295681 352.0 352
1711321889606 353.0 353
1711322483244 354.0 354
1711323077183 355.0 355
1711323671504 356.0 356
1711324265863 357.0 357
1711324860584 358.0 358
1711325455730 359.0 359
1711326050730 360.0 360
1711326646356 361.0 361
1711327241834 362.0 362
1711327836713 363.0 363
1711328431951 364.0 364
1711329028532 365.0 365
1711329625965 366.0 366
1711330224018 367.0 367
1711330822697 368.0 368
1711331421780 369.0 369
1711332020282 370.0 370
1711332621136 371.0 371
1711333222050 372.0 372
1711333822971 373.0 373
1711334424203 374.0 374
1711335024760 375.0 375
1711335626229 376.0 376
1711336227231 377.0 377
1711336827040 378.0 378
1711337425650 379.0 379
1711338023638 380.0 380
1711338620779 381.0 381
1711339217844 382.0 382
1711339813591 383.0 383
1711340409666 384.0 384
1711341005333 385.0 385
1711341600421 386.0 386
1711342195424 387.0 387
1711342790844 388.0 388
1711343385891 389.0 389
1711343980235 390.0 390
1711344574981 391.0 391
1711345169414 392.0 392
1711345763693 393.0 393
1711346357990 394.0 394
1711346952179 395.0 395
1711347545605 396.0 396
1711348138543 397.0 397
1711348731740 398.0 398
1711349324990 399.0 399
