1711110951398 7536776.0 0
1711111566881 7536776.0 1
1711112181578 7536776.0 2
1711112793929 7536776.0 3
1711113405441 7536776.0 4
1711114020260 7536776.0 5
1711114639054 7536776.0 6
1711115256691 7536776.0 7
1711115873084 7536776.0 8
1711116488653 7536776.0 9
1711117105689 7536776.0 10
1711117722714 7536776.0 11
1711118339642 7536776.0 12
1711118957826 7536776.0 13
1711119575829 7536776.0 14
1711120193978 7536776.0 15
1711120812114 7536776.0 16
1711121429147 7536776.0 17
1711122047061 7536776.0 18
1711122663650 7536776.0 19
1711123280555 7536776.0 20
1711123897793 7536776.0 21
1711124515494 7536776.0 22
1711125133266 7536776.0 23
1711125750558 7536776.0 24
1711126367742 7536776.0 25
1711126984758 7536776.0 26
1711127601337 7536776.0 27
1711128218991 7536776.0 28
1711128834731 7536776.0 29
1711129450997 7536776.0 30
1711130067928 7536776.0 31
1711130684355 7536776.0 32
1711131300638 7536776.0 33
1711131917761 7536776.0 34
1711132533039 7536776.0 35
1711133146945 7536776.0 36
1711133760573 7536776.0 37
1711134374357 7536776.0 38
1711134988671 7536776.0 39
1711135602229 7536776.0 40
1711136215325 7536776.0 41
1711136828450 7536776.0 42
1711137441261 7536776.0 43
1711138052698 7536776.0 44
1711138664243 7536776.0 45
1711139275656 7536776.0 46
1711139886035 7536776.0 47
1711140496160 7536776.0 48
1711141105612 7536776.0 49
1711141714895 7536776.0 50
1711142325900 7536776.0 51
1711142937519 7536776.0 52
1711143549494 7536776.0 53
1711144159690 7536776.0 54
1711144769479 7536776.0 55
1711145379259 7536776.0 56
1711145988307 7536776.0 57
1711146597216 7536776.0 58
1711147205802 7536776.0 59
1711147815353 7536776.0 60
1711148425062 7536776.0 61
1711149035057 7536776.0 62
1711149644833 7536776.0 63
1711150254120 7536776.0 64
1711150862112 7536776.0 65
1711151469395 7536776.0 66
1711152077907 7536776.0 67
1711152687691 7536776.0 68
1711153295549 7536776.0 69
1711153902765 7536776.0 70
1711154509070 7536776.0 71
1711155109981 7536776.0 72
1711155713051 7536776.0 73
1711156316845 7536776.0 74
1711156920743 7536776.0 75
1711157525540 7536776.0 76
1711158130366 7536776.0 77
1711158734317 7536776.0 78
1711159338251 7536776.0 79
1711159941528 7536776.0 80
1711160545288 7536776.0 81
1711161149766 7536776.0 82
1711161755568 7536776.0 83
1711162362035 7536776.0 84
1711162967880 7536776.0 85
1711163575457 7536776.0 86
1711164181665 7536776.0 87
1711164789962 7536776.0 88
1711165397100 7536776.0 89
1711166004516 7536776.0 90
1711166612733 7536776.0 91
1711167220471 7536776.0 92
1711167826641 7536776.0 93
1711168431241 7536776.0 94
1711169035238 7536776.0 95
1711169640458 7536776.0 96
1711170245268 7536776.0 97
1711170850823 7536776.0 98
1711171454575 7536776.0 99
1711172055291 7536776.0 100
1711172655544 7536776.0 101
1711173252976 7536776.0 102
1711173849611 7536776.0 103
1711174444471 7536776.0 104
1711175039882 7536776.0 105
1711175635200 7536776.0 106
1711176230976 7536776.0 107
1711176827414 7536776.0 108
1711177423956 7536776.0 109
1711178019554 7536776.0 110
1711178612859 7536776.0 111
1711179203959 7536776.0 112
1711179797337 7536776.0 113
1711180391468 7536776.0 114
1711180986452 7536776.0 115
1711181580726 7536776.0 116
1711182174968 7536776.0 117
1711182769828 7536776.0 118
1711183364186 7536776.0 119
1711183957801 7536776.0 120
1711184550445 7536776.0 121
1711185142603 7536776.0 122
1711185734540 7536776.0 123
1711186326042 7536776.0 124
1711186918731 7536776.0 125
1711187511784 7536776.0 126
1711188105224 7536776.0 127
1711188697221 7536776.0 128
1711189289628 7536776.0 129
1711189881538 7536776.0 130
1711190473533 7536776.0 131
1711191065281 7536776.0 132
1711191657317 7536776.0 133
1711192249579 7536776.0 134
1711192842194 7536776.0 135
1711193434698 7536776.0 136
1711194026753 7536776.0 137
1711194618718 7536776.0 138
1711195210710 7536776.0 139
1711195802852 7536776.0 140
1711196395052 7536776.0 141
1711196986923 7536776.0 142
1711197578620 7536776.0 143
1711198171065 7536776.0 144
1711198763544 7536776.0 145
1711199356186 7536776.0 146
1711199948064 7536776.0 147
1711200540234 7536776.0 148
1711201132452 7536776.0 149
1711201724661 7536776.0 150
1711202316440 7536776.0 151
1711202908073 7536776.0 152
1711203499469 7536776.0 153
1711204090339 7536776.0 154
1711204681559 7536776.0 155
1711205272628 7536776.0 156
1711205863521 7536776.0 157
1711206454691 7536776.0 158
1711207045816 7536776.0 159
1711207636530 7536776.0 160
1711208227408 7536776.0 161
1711208817944 7536776.0 162
1711209407878 7536776.0 163
1711209998020 7536776.0 164
1711210588498 7536776.0 165
1711211178112 7536776.0 166
1711211767399 7536776.0 167
1711212356707 7536776.0 168
1711212946095 7536776.0 169
1711213535211 7536776.0 170
1711214125091 7536776.0 171
1711214714883 7536776.0 172
1711215304271 7536776.0 173
1711215894032 7536776.0 174
1711216483666 7536776.0 175
1711217073059 7536776.0 176
1711217662505 7536776.0 177
1711218251795 7536776.0 178
1711218840929 7536776.0 179
1711219429645 7536776.0 180
1711220018496 7536776.0 181
1711220607682 7536776.0 182
1711221196811 7536776.0 183
1711221784759 7536776.0 184
1711222373499 7536776.0 185
1711222962877 7536776.0 186
1711223552005 7536776.0 187
1711224140984 7536776.0 188
1711224729477 7536776.0 189
1711225318181 7536776.0 190
1711225906863 7536776.0 191
1711226496074 7536776.0 192
1711227084421 7536776.0 193
1711227673020 7536776.0 194
1711228261426 7536776.0 195
1711228850349 7536776.0 196
1711229438951 7536776.0 197
1711230027358 7536776.0 198
1711230615070 7536776.0 199
1711231203562 7536776.0 200
1711231791663 7536776.0 201
1711232380122 7536776.0 202
1711232968520 7536776.0 203
1711233556955 7536776.0 204
1711234145511 7536776.0 205
1711234733729 7536776.0 206
1711235321963 7536776.0 207
1711235910576 7536776.0 208
1711236498749 7536776.0 209
1711237087032 7536776.0 210
1711237675177 7536776.0 211
1711238263821 7536776.0 212
1711238851941 7536776.0 213
1711239440569 7536776.0 214
1711240029061 7536776.0 215
1711240616307 7536776.0 216
1711241204606 7536776.0 217
1711241792414 7536776.0 218
1711242380688 7536776.0 219
1711242968032 7536776.0 220
1711243555816 7536776.0 221
1711244143808 7536776.0 222
1711244731564 7536776.0 223
1711245319816 7536776.0 224
1711245907212 7536776.0 225
1711246495197 7536776.0 226
1711247083559 7536776.0 227
1711247671655 7536776.0 228
1711248260857 7536776.0 229
1711248850041 7536776.0 230
1711249438772 7536776.0 231
1711250028302 7536776.0 232
1711250617611 7536776.0 233
1711251207389 7536776.0 234
1711251797596 7536776.0 235
1711252387954 7536776.0 236
1711252977787 7536776.0 237
1711253568168 7536776.0 238
1711254158818 7536776.0 239
1711254749806 7536776.0 240
1711255340924 7536776.0 241
1711255931863 7536776.0 242
1711256524044 7536776.0 243
1711257115628 7536776.0 244
1711257707031 7536776.0 245
1711258300414 7536776.0 246
1711258893310 7536776.0 247
1711259488601 7536776.0 248
1711260084120 7536776.0 249
1711260677732 7536776.0 250
1711261273264 7536776.0 251
1711261868689 7536776.0 252
1711262464517 7536776.0 253
1711263061101 7536776.0 254
1711263657133 7536776.0 255
1711264253460 7536776.0 256
1711264847247 7536776.0 257
1711265442193 7536776.0 258
1711266035938 7536776.0 259
1711266631960 7536776.0 260
1711267225930 7536776.0 261
1711267818005 7536776.0 262
1711268407700 7536776.0 263
1711268997320 7536776.0 264
1711269586627 7536776.0 265
1711270175368 7536776.0 266
1711270764121 7536776.0 267
1711271353177 7536776.0 268
1711271941652 7536776.0 269
1711272530383 7536776.0 270
1711273119202 7536776.0 271
1711273707662 7536776.0 272
1711274296684 7536776.0 273
1711274885139 7536776.0 274
1711275473521 7536776.0 275
1711276062822 7536776.0 276
1711276652166 7536776.0 277
1711277242088 7536776.0 278
1711277832680 7536776.0 279
1711278422628 7536776.0 280
1711279013006 7536776.0 281
1711279603859 7536776.0 282
1711280197217 7536776.0 283
1711280791969 7536776.0 284
1711281386687 7536776.0 285
1711281981142 7536776.0 286
1711282576509 7536776.0 287
1711283172784 7536776.0 288
1711283768965 7536776.0 289
1711284365603 7536776.0 290
1711284963097 7536776.0 291
1711285560095 7536776.0 292
1711286157676 7536776.0 293
1711286755129 7536776.0 294
1711287352764 7536776.0 295
1711287950314 7536776.0 296
1711288547401 7536776.0 297
1711289144285 7536776.0 298
1711289741264 7536776.0 299
1711290338288 7536776.0 300
1711290935238 7536776.0 301
1711291531459 7536776.0 302
1711292127614 7536776.0 303
1711292724146 7536776.0 304
1711293319528 7536776.0 305
1711293915213 7536776.0 306
1711294511587 7536776.0 307
1711295107424 7536776.0 308
1711295703848 7536776.0 309
1711296299594 7536776.0 310
1711296894896 7536776.0 311
1711297490408 7536776.0 312
1711298085329 7536776.0 313
1711298679948 7536776.0 314
1711299274983 7536776.0 315
1711299870022 7536776.0 316
1711300465496 7536776.0 317
1711301061403 7536776.0 318
1711301656207 7536776.0 319
1711302250675 7536776.0 320
1711302844907 7536776.0 321
1711303439699 7536776.0 322
1711304034809 7536776.0 323
1711304630086 7536776.0 324
1711305225717 7536776.0 325
1711305820763 7536776.0 326
1711306416445 7536776.0 327
1711307011298 7536776.0 328
1711307606478 7536776.0 329
1711308202032 7536776.0 330
1711308797667 7536776.0 331
1711309392482 7536776.0 332
1711309987191 7536776.0 333
1711310582079 7536776.0 334
1711311178014 7536776.0 335
1711311772983 7536776.0 336
1711312368465 7536776.0 337
1711312963943 7536776.0 338
1711313559732 7536776.0 339
1711314155338 7536776.0 340
1711314750737 7536776.0 341
1711315345873 7536776.0 342
1711315941275 7536776.0 343
1711316536584 7536776.0 344
1711317131829 7536776.0 345
1711317727237 7536776.0 346
1711318322056 7536776.0 347
1711318916885 7536776.0 348
1711319511609 7536776.0 349
1711320106751 7536776.0 350
1711320701119 7536776.0 351
1711321295683 7536776.0 352
1711321889607 7536776.0 353
1711322483245 7536776.0 354
1711323077185 7536776.0 355
1711323671506 7536776.0 356
1711324265865 7536776.0 357
1711324860586 7536776.0 358
1711325455731 7536776.0 359
1711326050732 7536776.0 360
1711326646358 7536776.0 361
1711327241836 7536776.0 362
1711327836714 7536776.0 363
1711328431953 7536776.0 364
1711329028534 7536776.0 365
1711329625966 7536776.0 366
1711330224019 7536776.0 367
1711330822698 7536776.0 368
1711331421781 7536776.0 369
1711332020283 7536776.0 370
1711332621137 7536776.0 371
1711333222051 7536776.0 372
1711333822973 7536776.0 373
1711334424205 7536776.0 374
1711335024761 7536776.0 375
1711335626230 7536776.0 376
1711336227233 7536776.0 377
1711336827041 7536776.0 378
1711337425651 7536776.0 379
1711338023639 7536776.0 380
1711338620780 7536776.0 381
1711339217846 7536776.0 382
1711339813592 7536776.0 383
1711340409668 7536776.0 384
1711341005335 7536776.0 385
1711341600422 7536776.0 386
1711342195426 7536776.0 387
1711342790846 7536776.0 388
1711343385893 7536776.0 389
1711343980237 7536776.0 390
1711344574983 7536776.0 391
1711345169415 7536776.0 392
1711345763694 7536776.0 393
1711346357992 7536776.0 394
1711346952180 7536776.0 395
1711347545606 7536776.0 396
1711348138544 7536776.0 397
1711348731741 7536776.0 398
1711349324991 7536776.0 399
