1711110951388 5.43186865163886 0
1711111566871 5.377312772947809 1
1711112181568 5.346222264611202 2
1711112793920 5.320086379414019 3
1711113405433 5.314841293770334 4
1711114020253 5.3125908906045165 5
1711114639043 5.309145777121834 6
1711115256681 5.306253376214401 7
1711115873075 5.306218490652416 8
1711116488642 5.309407762859179 9
1711117105682 5.309884049322294 10
1711117722708 5.310792913903361 11
1711118339636 5.308639396791873 12
1711118957821 5.310715714226598 13
1711119575824 5.312638372182846 14
1711120193972 5.310798077479653 15
1711120812105 5.310209196546803 16
1711121429140 5.310113993675812 17
1711122047051 5.306162063194358 18
1711122663640 5.305426158334898 19
1711123280543 5.305149903763896 20
1711123897784 5.3034380272678705 21
1711124515489 5.305540478747824 22
1711125133258 5.3058367423389265 23
1711125750552 5.309896276048992 24
1711126367734 5.3038690595523175 25
1711126984748 5.306576730116554 26
1711127601328 5.3080465106860455 27
1711128218981 5.3050550002118815 28
1711128834723 5.306234986885734 29
1711129450993 5.302416289630144 30
1711130067918 5.303518073714298 31
1711130684346 5.305556248063627 32
1711131300629 5.305353911026664 33
1711131917753 5.3038379018721376 34
1711132533030 5.302298168773237 35
1711133146937 5.302353218845699 36
1711133760570 5.303048339874848 37
1711134374349 5.3001552457394805 38
1711134988662 5.304211128017177 39
1711135602220 5.302479500355928 40
1711136215321 5.303142918192822 41
1711136828445 5.300741399111955 42
1711137441252 5.2988405538641885 43
1711138052689 5.301639663136524 44
1711138664234 5.305384922286739 45
1711139275647 5.30018034318219 46
1711139886030 5.303709391666495 47
1711140496154 5.300858217736949 48
1711141105606 5.301393694203833 49
1711141714885 5.29981805967248 50
1711142325892 5.301175866437995 51
1711142937510 5.299129409634548 52
1711143549483 5.297450796417568 53
1711144159683 5.299750606650892 54
1711144769475 5.300870684177979 55
1711145379255 5.298251144264055 56
1711145988298 5.293205440044403 57
1711146597211 5.295665468858636 58
1711147205794 5.298137133536131 59
1711147815347 5.295241179673568 60
1711148425053 5.294258729271267 61
1711149035052 5.295560367729353 62
1711149644824 5.296417832374573 63
1711150254110 5.291772562524547 64
1711150862101 5.296500292809113 65
1711151469390 5.290856564822405 66
1711152077901 5.29148654056632 67
1711152687681 5.290688601524933 68
1711153295544 5.287424331126005 69
1711153902756 5.28954903587051 70
1711154509060 5.285893742157065 71
1711155109977 5.287553263747173 72
1711155713047 5.287519632474236 73
1711156316838 5.280634816574014 74
1711156920735 5.280778239602628 75
1711157525530 5.276115985020347 76
1711158130356 5.276290884484416 77
1711158734308 5.268195109522861 78
1711159338240 5.2592278848523675 79
1711159941518 5.270448600468428 80
1711160545278 5.259765714406967 81
1711161149762 5.25432820553365 82
1711161755559 5.25617320900378 83
1711162362024 5.255401882140533 84
1711162967871 5.246326252170231 85
1711163575448 5.23330591942953 86
1711164181661 5.243818320657896 87
1711164789952 5.230558304683022 88
1711165397090 5.228855044945426 89
1711166004507 5.22600276314694 90
1711166612723 5.218472050583881 91
1711167220462 5.2017703924490055 92
1711167826637 5.19584821747697 93
1711168431231 5.1915721841480424 94
1711169035230 5.183299082776775 95
1711169640450 5.175603506357773 96
1711170245258 5.159177105063978 97
1711170850813 5.146011212597722 98
1711171454566 5.151508648758349 99
1711172055281 5.133922300908877 100
1711172655534 5.123571119878603 101
1711173252972 5.112069171407948 102
1711173849602 5.1020872204200085 103
1711174444461 5.08837832575259 104
1711175039873 5.086389589568843 105
1711175635190 5.0759681670562085 106
1711176230966 5.074639281500941 107
1711176827406 5.038044448779977 108
1711177423946 5.037080264609793 109
1711178019544 5.004116432822269 110
1711178612850 5.019192212301752 111
1711179203956 5.006911845310874 112
1711179797328 4.969926446676254 113
1711180391458 4.966936949802482 114
1711180986443 4.948635832123134 115
1711181580718 4.945241012003111 116
1711182174960 4.922205195478771 117
1711182769819 4.887599113194839 118
1711183364176 4.8783149110234305 119
1711183957792 4.858252465724945 120
1711184550436 4.851814560268236 121
1711185142594 4.861027860123178 122
1711185734530 4.798085265833398 123
1711186326033 4.802917527115864 124
1711186918721 4.78240131424821 125
1711187511775 4.770463820384896 126
1711188105215 4.794279360900754 127
1711188697216 4.734652503677037 128
1711189289619 4.707911370889001 129
1711189881529 4.700206544088281 130
1711190473525 4.678227737545967 131
1711191065271 4.6700452378262645 132
1711191657307 4.647578534872635 133
1711192249569 4.61128977070684 134
1711192842184 4.611990311871404 135
1711193434689 4.60186825627866 136
1711194026744 4.603118099596189 137
1711194618709 4.5713267753953515 138
1711195210700 4.561471521854401 139
1711195802841 4.537164752250132 140
1711196395044 4.524842822681302 141
1711196986914 4.51368835374065 142
1711197578615 4.501140857520311 143
1711198171056 4.495724190836367 144
1711198763534 4.475123672381692 145
1711199356178 4.431688479755236 146
1711199948054 4.424974832197894 147
1711200540224 4.368814447003862 148
1711201132443 4.391884926868522 149
1711201724652 4.361932829670284 150
1711202316431 4.361739737184151 151
1711202908065 4.315629793250042 152
1711203499461 4.340070697276489 153
1711204090335 4.300359634601551 154
1711204681550 4.310593268145686 155
1711205272619 4.27160361668338 156
1711205863512 4.268787641888079 157
1711206454681 4.246639565929122 158
1711207045806 4.256862136332885 159
1711207636520 4.1971245712560155 160
1711208227398 4.188070726135503 161
1711208817935 4.227118580237679 162
1711209407869 4.169255403072937 163
1711209998010 4.158324595378793 164
1711210588491 4.101954763350279 165
1711211178103 4.114817860333816 166
1711211767391 4.114061337450276 167
1711212356702 4.097115297032439 168
1711212946085 4.078118417574012 169
1711213535205 4.094059285910233 170
1711214125082 3.97414974026058 171
1711214714875 3.988717344791993 172
1711215304267 4.0184837728738785 173
1711215894022 4.021013565685438 174
1711216483657 3.967308486285417 175
1711217073050 3.9528961440791255 176
1711217662497 3.957489719209464 177
1711218251786 3.931761768201123 178
1711218840919 3.9193636425163434 179
1711219429639 3.891184980454652 180
1711220018492 3.870195901264315 181
1711220607673 3.9075024568516277 182
1711221196802 3.8790455071822456 183
1711221784754 3.860883401139923 184
1711222373489 3.819748434035674 185
1711222962868 3.823414180589759 186
1711223551996 3.797329798988674 187
1711224140977 3.757992458084355 188
1711224729472 3.7284666468267855 189
1711225318171 3.7322195029777028 190
1711225906855 3.7492334402125813 191
1711226496069 3.6711751650209012 192
1711227084417 3.6882572737724884 193
1711227673012 3.6313820163840833 194
1711228261419 3.6094117164611816 195
1711228850341 3.6641277223825455 196
1711229438941 3.6830144615277 197
1711230027349 3.624588326267574 198
1711230615064 3.57407171084829 199
1711231203553 3.5721465608348018 200
1711231791654 3.564942412402319 201
1711232380112 3.614488956073056 202
1711232968510 3.571315663664237 203
1711233556945 3.550914842149486 204
1711234145501 3.5310368375933687 205
1711234733721 3.443145373593206 206
1711235321954 3.4665895253419876 207
1711235910567 3.488015566183173 208
1711236498742 3.446499719567921 209
1711237087024 3.469026325189549 210
1711237675169 3.4477093394683753 211
1711238263813 3.412508160847685 212
1711238851933 3.443344501697499 213
1711239440560 3.4187283538605855 214
1711240029052 3.4481423847053363 215
1711240616302 3.300805969406729 216
1711241204596 3.369510643184185 217
1711241792409 3.315653510067774 218
1711242380679 3.401395231809305 219
1711242968027 3.300430015701315 220
1711243555812 3.380449134370555 221
1711244143800 3.2816957206181856 222
1711244731556 3.3008171517563905 223
1711245319806 3.3031919682803363 224
1711245907207 3.2946854875139566 225
1711246495189 3.287309228402117 226
1711247083549 3.2985632591273473 227
1711247671650 3.2359354609380597 228
1711248260848 3.2560878107729168 229
1711248850033 3.2248626092205877 230
1711249438763 3.228657342493534 231
1711250028292 3.2495638264910034 232
1711250617604 3.1892515129369237 233
1711251207379 3.1890127668562145 234
1711251797587 3.2179486745077632 235
1711252387950 3.140142857056597 236
1711252977780 3.1773738760663117 237
1711253568164 3.1499461116998093 238
1711254158809 3.1088487343943636 239
1711254749796 3.098944888166759 240
1711255340916 3.051985461750756 241
1711255931857 3.1245940236941627 242
1711256524034 3.0829455084774806 243
1711257115621 3.0679780905661374 244
1711257707024 3.07623891176089 245
1711258300406 3.0789521061207936 246
1711258893305 3.113285459254099 247
1711259488593 3.088779335760552 248
1711260084112 3.0596967271488644 249
1711260677725 3.066812698931798 250
1711261273258 3.070946592351665 251
1711261868683 3.022797769502453 252
1711262464511 2.998552879885487 253
1711263061092 3.0193635646415795 254
1711263657128 2.9614276134449504 255
1711264253455 3.0486873206884963 256
1711264847237 3.0181585274960683 257
1711265442183 2.9695169831747594 258
1711266035929 2.975423753261566 259
1711266631956 2.930389298369055 260
1711267225925 2.9312019114908963 261
1711267817995 3.0366713851690292 262
1711268407696 2.993567721027395 263
1711268997313 2.946946869401828 264
1711269586620 2.971576400425123 265
1711270175357 2.9235920300302296 266
1711270764111 2.9272726126339124 267
1711271353169 2.9069875925779343 268
1711271941641 2.9619423886356144 269
1711272530378 2.865941601926866 270
1711273119198 2.896517206793246 271
1711273707656 2.8842367494235868 272
1711274296674 2.8777287032293235 273
1711274885130 2.849800891202429 274
1711275473513 2.9114169941648194 275
1711276062818 2.9007789139514384 276
1711276652161 2.87811297826145 277
1711277242083 2.9246555090598436 278
1711277832675 2.8529756428754847 279
1711278422618 2.836295394145924 280
1711279012998 2.8353035602232683 281
1711279603850 2.7683156929586246 282
1711280197209 2.814935657317224 283
1711280791960 2.813706125578155 284
1711281386679 2.827200326906598 285
1711281981132 2.828484248207963 286
1711282576498 2.8238230872413386 287
1711283172775 2.826499130738818 288
1711283768960 2.7941526164827137 289
1711284365596 2.7909383135645287 290
1711284963086 2.8378727118606153 291
1711285560085 2.841639341219612 292
1711286157666 2.7459522832347 293
1711286755121 2.7389143708607424 294
1711287352754 2.76466907625613 295
1711287950308 2.7213847867172696 296
1711288547395 2.786035219936267 297
1711289144276 2.7666239670437314 298
1711289741255 2.7170842102040416 299
1711290338279 2.714331684877043 300
1711290935234 2.7683278947420744 301
1711291531454 2.760332408806552 302
1711292127610 2.7392852928327476 303
1711292724135 2.7068129551151525 304
1711293319523 2.731724971338459 305
1711293915202 2.7154619522068812 306
1711294511578 2.7265027181609818 307
1711295107420 2.6929919729414196 308
1711295703840 2.7116565370689267 309
1711296299586 2.742005588243837 310
1711296894889 2.704062391558419 311
1711297490403 2.659363619011381 312
1711298085325 2.664204107678455 313
1711298679941 2.655109789384448 314
1711299274974 2.6843726916805557 315
1711299870018 2.667559205189995 316
1711300465490 2.729186262773431 317
1711301061394 2.602666114659413 318
1711301656203 2.6589364179450534 319
1711302250665 2.61918775478135 320
1711302844900 2.6661680820195572 321
1711303439696 2.6281970920770066 322
1711304034805 2.6386884340773458 323
1711304630077 2.599924362871958 324
1711305225707 2.6200528196666553 325
1711305820755 2.637572564832542 326
1711306416434 2.6243180250344067 327
1711307011294 2.597258383165235 328
1711307606468 2.65173547650161 329
1711308202027 2.6132222099796585 330
1711308797662 2.5867474017583807 331
1711309392477 2.592258136233558 332
1711309987186 2.5683426322496454 333
1711310582075 2.560396588043026 334
1711311178003 2.6069925806444623 335
1711311772976 2.6174973489149758 336
1711312368460 2.567098290376041 337
1711312963933 2.578215497991313 338
1711313559723 2.550147223083869 339
1711314155335 2.541226017086402 340
1711314750732 2.5749611248788624 341
1711315345866 2.5347227279258813 342
1711315941270 2.545144220085248 343
1711316536578 2.579406015574932 344
1711317131822 2.533662900004698 345
1711317727233 2.5243140915813655 346
1711318322053 2.609801437543786 347
1711318916878 2.484337041883365 348
1711319511603 2.5253143624767014 349
1711320106746 2.53270752987136 350
1711320701112 2.5501743729995643 351
1711321295674 2.5667148352317186 352
1711321889599 2.5158017922354783 353
1711322483241 2.5125997487617577 354
1711323077178 2.527788465437682 355
1711323671497 2.50048246299443 356
1711324265858 2.4946094900369644 357
1711324860576 2.480292154071124 358
1711325455727 2.526389352977276 359
1711326050725 2.5151061425390453 360
1711326646347 2.537054013946782 361
1711327241826 2.4733894765377045 362
1711327836710 2.457186282976814 363
1711328431944 2.4946856997583224 364
1711329028525 2.5464285443658414 365
1711329625957 2.491256874864516 366
1711330224013 2.4864079631541087 367
1711330822691 2.4891318711249726 368
1711331421776 2.537095882970354 369
1711332020278 2.448350876893686 370
1711332621132 2.501293182373047 371
1711333222044 2.4931367221085923 372
1711333822964 2.4448408338686693 373
1711334424194 2.4548539256919986 374
1711335024757 2.4529604263927625 375
1711335626225 2.3997054479044415 376
1711336227223 2.4120962678090385 377
1711336827034 2.42312733343114 378
1711337425647 2.435923093686933 379
1711338023634 2.4311740285028582 380
1711338620776 2.3740607399655427 381
1711339217838 2.453771970194319 382
1711339813588 2.4768214229008425 383
1711340409658 2.4270377053838708 384
1711341005325 2.365655136173186 385
1711341600418 2.4177140700428383 386
1711342195416 2.4070861297457116 387
1711342790836 2.374388270727966 388
1711343385882 2.4240281358361244 389
1711343980231 2.3896238259647204 390
1711344574973 2.409389288853044 391
1711345169407 2.396857020323691 392
1711345763684 2.383924668897753 393
1711346357981 2.447824645139601 394
1711346952174 2.3691607637573844 395
1711347545596 2.3817927270479826 396
1711348138539 2.3787178154224935 397
1711348731736 2.362803299465905 398
1711349324987 2.3706272663953514 399
