1711110951384 1.0000000000000025e-05 0
1711111566867 1.0000000000000025e-05 1
1711112181564 8.031249999999934e-06 2
1711112793915 6.062499999999992e-06 3
1711113405430 4.093749999999979e-06 4
1711114020251 2.1249999999999885e-06 5
1711114639039 1.6004458725269133e-07 6
1711115256678 1.617138966715553e-07 7
1711115873069 1.6368647348563257e-07 8
1711116488638 1.6596219601709978e-07 9
1711117105677 1.6854092388867111e-07 10
1711117722706 1.7142249803226184e-07 11
1711118339633 1.7460674069880764e-07 12
1711118957819 1.7809345546921744e-07 13
1711119575822 1.8188242726650216e-07 14
1711120193970 1.859734223690365e-07 15
1711120812100 1.9036618842497085e-07 16
1711121429136 1.9506045446780243e-07 17
1711122047047 2.0005593093309368e-07 18
1711122663636 2.0535230967632003e-07 19
1711123280536 2.1094926399188923e-07 20
1711123897781 2.1684644863330654e-07 21
1711124515487 2.2304349983443694e-07 22
1711125133253 2.2954003533197362e-07 23
1711125750551 2.3633565438900183e-07 24
1711126367730 2.4342993781973756e-07 25
1711126984744 2.508224480153511e-07 26
1711127601323 2.585127289709982e-07 27
1711128218977 2.6650030631391937e-07 28
1711128834720 2.7478468733272496e-07 29
1711129450992 2.833653610077745e-07 30
1711130067913 2.922417980426883e-07 31
1711130684342 3.014134508970193e-07 32
1711131300625 3.1087975382002037e-07 33
1711131917749 3.2064012288553526e-07 34
1711132533026 3.306939560280232e-07 35
1711133146934 3.41040633079707e-07 36
1711133760568 3.516795158087984e-07 37
1711134374346 3.626099479588988e-07 38
1711134988658 3.7383125528947283e-07 39
1711135602216 3.853427456174148e-07 40
1711136215319 3.971437088597946e-07 41
1711136828443 4.092334170775933e-07 42
1711137441247 4.2161112452067685e-07 43
1711138052684 4.3427606767374003e-07 44
1711138664230 4.4722746530341983e-07 45
1711139275643 4.6046451850652037e-07 46
1711139886028 4.7398641075924695e-07 47
1711140496153 4.87792307967579e-07 48
1711141105604 5.018813585187656e-07 49
1711141714881 5.162526933337801e-07 50
1711142325888 5.309054259210091e-07 51
1711142937506 5.458386524308836e-07 52
1711143549480 5.610514517116509e-07 53
1711144159681 5.765428853662019e-07 54
1711144769473 5.923119978099159e-07 55
1711145379254 6.083578163296832e-07 56
1711145988295 6.246793511438138e-07 57
1711146597209 6.41275595463174e-07 58
1711147205790 6.581455255532246e-07 59
1711147815346 6.752881007972164e-07 60
1711148425049 6.927022637603806e-07 61
1711149035050 7.103869402550832e-07 62
1711149644820 7.283410394072123e-07 63
1711150254106 7.465634537233319e-07 64
1711150862097 7.650530591591096e-07 65
1711151469389 7.838087151885833e-07 66
1711152077899 8.028292648745335e-07 67
1711152687677 8.22113534939862e-07 68
1711153295543 8.416603358399668e-07 69
1711153902752 8.614684618360795e-07 70
1711154509056 8.815366910697062e-07 71
1711155109975 9.018637856379083e-07 72
1711155713045 9.224484916697735e-07 73
1711156316834 9.43289539403642e-07 74
1711156920730 9.643856432655352e-07 75
1711157525526 9.85735501948413e-07 76
1711158130351 1.007337798492387e-06 77
1711158734304 1.0291912003660799e-06 78
1711159338236 1.051294359548723e-06 79
1711159941515 1.0736459126133078e-06 80
1711160545273 1.0962444808108146e-06 81
1711161149760 1.1190886701550447e-06 82
1711161755556 1.1421770715088567e-06 83
1711162362020 1.1655082606708603e-06 84
1711162967868 1.1890807984634098e-06 85
1711163575445 1.2128932308213398e-06 86
1711164181660 1.2369440888816662e-06 87
1711164789948 1.2612318890741493e-06 88
1711165397085 1.2857551332129162e-06 89
1711166004503 1.3105123085887014e-06 90
1711166612719 1.3355018880623463e-06 91
1711167220459 1.3607223301588526e-06 92
1711167826635 1.3861720791625816e-06 93
1711168431227 1.4118495652131034e-06 94
1711169035225 1.4377532044021468e-06 95
1711169640446 1.4638813988712451e-06 96
1711170245254 1.4902325369102343e-06 97
1711170850809 1.5168049930568582e-06 98
1711171454562 1.5435971281968205e-06 99
1711172055276 1.5706072896649991e-06 100
1711172655529 1.5978338113474666e-06 101
1711173252971 1.6252750137840857e-06 102
1711173849598 1.6529292042722107e-06 103
1711174444457 1.6807946769711407e-06 104
1711175039869 1.7088697130072373e-06 105
1711175635186 1.7371525805800427e-06 106
1711176230963 1.765641535069095e-06 107
1711176827401 1.794334819141434e-06 108
1711177423943 1.8232306628601645e-06 109
1711178019540 1.8523272837935153e-06 110
1711178612846 1.8816228871248891e-06 111
1711179203954 1.911115665763445e-06 112
1711179797323 1.940803800455665e-06 113
1711180391454 1.9706854598976105e-06 114
1711180986440 2.0007588008477157e-06 115
1711181580714 2.0310219682406694e-06 116
1711182174955 2.0614730953017635e-06 117
1711182769816 2.0921103036620236e-06 118
1711183364172 2.122931703474157e-06 119
1711183957788 2.1539353935290146e-06 120
1711184550431 2.185119461373003e-06 121
1711185142589 2.216481983425815e-06 122
1711185734526 2.2480210250994716e-06 123
1711186326029 2.2797346409172992e-06 124
1711186918717 2.311620874634028e-06 125
1711187511771 2.343677759356665e-06 126
1711188105212 2.3759033176654495e-06 127
1711188697214 2.4082955617361934e-06 128
1711189289614 2.4408524934627677e-06 129
1711189881525 2.4735721045801726e-06 130
1711190473520 2.5064523767886903e-06 131
1711191065267 2.5394912818782987e-06 132
1711191657303 2.5726867818536586e-06 133
1711192249565 2.6060368290599473e-06 134
1711192842180 2.6395393663092383e-06 135
1711193434685 2.6731923270071836e-06 136
1711194026740 2.7069936352806135e-06 137
1711194618705 2.740941206105666e-06 138
1711195210696 2.7750329454362267e-06 139
1711195802837 2.8092667503332886e-06 140
1711196395039 2.8436405090944176e-06 141
1711196986910 2.8781521013843336e-06 142
1711197578613 2.912799398365427e-06 143
1711198171052 2.947580262829212e-06 144
1711198763530 2.9824925493281653e-06 145
1711199356173 3.017534104307991e-06 146
1711199948050 3.0527027662404973e-06 147
1711200540220 3.0879963657569677e-06 148
1711201132439 3.1234127257819714e-06 149
1711201724648 3.158949661667513e-06 150
1711202316427 3.1946049813280563e-06 151
1711202908062 3.2303764853755483e-06 152
1711203499457 3.2662619672550837e-06 153
1711204090334 3.3022592133811596e-06 154
1711204681546 3.338366003273989e-06 155
1711205272614 3.374580109696737e-06 156
1711205863508 3.410899298792689e-06 157
1711206454677 3.4473213302232564e-06 158
1711207045802 3.4838439573059768e-06 159
1711207636516 3.5204649271531164e-06 160
1711208227394 3.5571819808107997e-06 161
1711208817931 3.593992853398171e-06 162
1711209407865 3.6308952742472394e-06 163
1711209998006 3.6678869670428843e-06 164
1711210588486 3.704965649963189e-06 165
1711211178099 3.74212903582036e-06 166
1711211767387 3.7793748322016992e-06 167
1711212356700 3.8167007416110244e-06 168
1711212946081 3.854104461610493e-06 169
1711213535202 3.891583684962365e-06 170
1711214125078 3.929136099771743e-06 171
1711214714870 3.966759389628645e-06 172
1711215304265 4.004451233751411e-06 173
1711215894018 4.04220930712948e-06 174
1711216483653 4.080031280667145e-06 175
1711217073046 4.117914821326862e-06 176
1711217662493 4.15585759227335e-06 177
1711218251782 4.1938572530179e-06 178
1711218840914 4.231911459562279e-06 179
1711219429637 4.270017864543854e-06 180
1711220018490 4.308174117380133e-06 181
1711220607668 4.346377864413557e-06 182
1711221196798 4.384626749057226e-06 183
1711221784752 4.422918411939618e-06 184
1711222373484 4.461250491050721e-06 185
1711222962865 4.4996206218872385e-06 186
1711223551992 4.53802643759875e-06 187
1711224140974 4.576465569133711e-06 188
1711224729470 4.614935645385409e-06 189
1711225318167 4.653434293338349e-06 190
1711225906850 4.691959138214469e-06 191
1711226496068 4.730507803620013e-06 192
1711227084415 4.76907791169164e-06 193
1711227673007 4.807667083243409e-06 194
1711228261417 4.846272937913508e-06 195
1711228850336 4.884893094310869e-06 196
1711229438937 4.9235251701623415e-06 197
1711230027345 4.962166782459606e-06 198
1711230615062 5.000815547605853e-06 199
1711231203548 5.0394690815633885e-06 200
1711231791650 5.078125000000038e-06 201
1711232380107 5.116780918436589e-06 202
1711232968506 5.155434452394146e-06 203
1711233556940 5.194083217540474e-06 204
1711234145498 5.232724829837634e-06 205
1711234733717 5.271356905689134e-06 206
1711235321949 5.309977062086566e-06 207
1711235910563 5.348582916756591e-06 208
1711236498740 5.387172088308363e-06 209
1711237087019 5.425742196379961e-06 210
1711237675165 5.46429086178551e-06 211
1711238263809 5.502815706661627e-06 212
1711238851929 5.54131435461456e-06 213
1711239440555 5.57978443086629e-06 214
1711240029048 5.6182235624012314e-06 215
1711240616300 5.656629378112759e-06 216
1711241204592 5.694999508949277e-06 217
1711241792407 5.7333315880603516e-06 218
1711242380675 5.771623250942782e-06 219
1711242968025 5.809872135586441e-06 220
1711243555810 5.848075882619918e-06 221
1711244143795 5.886232135456103e-06 222
1711244731551 5.924338540437719e-06 223
1711245319801 5.962392746982091e-06 224
1711245907205 6.000392407726621e-06 225
1711246495184 6.038335178673134e-06 226
1711247083545 6.076218719332835e-06 227
1711247671649 6.114040692870473e-06 228
1711248260844 6.151798766248658e-06 229
1711248850028 6.189490610371359e-06 230
1711249438759 6.227113900228324e-06 231
1711250028288 6.264666315037615e-06 232
1711250617601 6.302145538389494e-06 233
1711251207375 6.3395492583889455e-06 234
1711251797583 6.376875167798288e-06 235
1711252387948 6.414120964179662e-06 236
1711252977778 6.451284350036806e-06 237
1711253568162 6.48836303295719e-06 238
1711254158805 6.525354725752783e-06 239
1711254749792 6.562257146601808e-06 240
1711255340912 6.599068019189171e-06 241
1711255931854 6.635785072846899e-06 242
1711256524030 6.6724060426939685e-06 243
1711257115619 6.708928669776729e-06 244
1711257707022 6.7453507012073296e-06 245
1711258300402 6.7816698903033255e-06 246
1711258893303 6.817883996726052e-06 247
1711259488588 6.853990786618822e-06 248
1711260084107 6.889988032744936e-06 249
1711260677722 6.9258735146244245e-06 250
1711261273257 6.961645018671927e-06 251
1711261868680 6.997300338332512e-06 252
1711262464509 7.03283727421801e-06 253
1711263061088 7.06825363424306e-06 254
1711263657126 7.1035472337595365e-06 255
1711264253453 7.138715895691999e-06 256
1711264847233 7.173757450671833e-06 257
1711265442180 7.208669737170819e-06 258
1711266035925 7.243450601634625e-06 259
1711266631955 7.278097898615716e-06 260
1711267225923 7.312609490905559e-06 261
1711267817991 7.3469832496667e-06 262
1711268407694 7.381217054563756e-06 263
1711268997310 7.415308793894308e-06 264
1711269586618 7.449256364719431e-06 265
1711270175353 7.483057672992797e-06 266
1711270764107 7.5167106336907345e-06 267
1711271353165 7.5502131709399705e-06 268
1711271941637 7.583563218146399e-06 269
1711272530376 7.61675871812168e-06 270
1711273119196 7.649797623211287e-06 271
1711273707653 7.682677895419803e-06 272
1711274296669 7.715397506537274e-06 273
1711274885126 7.747954438263851e-06 274
1711275473509 7.780346682334526e-06 275
1711276062817 7.812572240643308e-06 276
1711276652159 7.844629125365896e-06 277
1711277242081 7.876515359082671e-06 278
1711277832673 7.908228974900573e-06 279
1711278422615 7.93976801657416e-06 280
1711279012994 7.971130538627053e-06 281
1711279603846 8.002314606470984e-06 282
1711280197205 8.033318296525886e-06 283
1711280791956 8.064139696338025e-06 284
1711281386674 8.094776904698276e-06 285
1711281981128 8.125228031759293e-06 286
1711282576494 8.155491199152268e-06 287
1711283172771 8.18556454010245e-06 288
1711283768958 8.215446199544406e-06 289
1711284365593 8.245134334236516e-06 290
1711284963082 8.274627112875071e-06 291
1711285560081 8.30392271620656e-06 292
1711286157662 8.333019337139789e-06 293
1711286755117 8.361915180858617e-06 294
1711287352749 8.390608464930863e-06 295
1711287950306 8.419097419420014e-06 296
1711288547392 8.44738028699281e-06 297
1711289144272 8.47545532302883e-06 298
1711289741250 8.503320795727748e-06 299
1711290338276 8.530974986215969e-06 300
1711290935232 8.558416188652607e-06 301
1711291531452 8.585642710334928e-06 302
1711292127609 8.612652871803242e-06 303
1711292724132 8.639445006943145e-06 304
1711293319521 8.666017463089725e-06 305
1711293915198 8.692368601128724e-06 306
1711294511574 8.718496795597824e-06 307
1711295107419 8.74440043478696e-06 308
1711295703835 8.77007792083738e-06 309
1711296299584 8.795527669841195e-06 310
1711296894886 8.820748111937614e-06 311
1711297490401 8.845737691411345e-06 312
1711298085324 8.870494866787102e-06 313
1711298679938 8.89501811092591e-06 314
1711299274970 8.919305911118391e-06 315
1711299870017 8.94335676917872e-06 316
1711300465488 8.967169201536685e-06 317
1711301061389 8.99074173932919e-06 318
1711301656201 9.014072928491171e-06 319
1711302250661 9.037161329844915e-06 320
1711302844898 9.060005519189235e-06 321
1711303439694 9.082604087386649e-06 322
1711304034803 9.104955640451236e-06 323
1711304630074 9.12705879963386e-06 324
1711305225702 9.148912201507557e-06 325
1711305820751 9.17051449805156e-06 326
1711306416431 9.191864356734498e-06 327
1711307011292 9.212960460596329e-06 328
1711307606464 9.233801508330185e-06 329
1711308202025 9.25438621436203e-06 330
1711308797660 9.274713308930263e-06 331
1711309392475 9.294781538163985e-06 332
1711309987185 9.31458966416011e-06 333
1711310582073 9.334136465060215e-06 334
1711311177999 9.353420735125386e-06 335
1711311772974 9.372441284811353e-06 336
1711312368458 9.391196940840892e-06 337
1711312963929 9.409686546276609e-06 338
1711313559718 9.42790896059278e-06 339
1711314155333 9.445863059744955e-06 340
1711314750730 9.46354773623956e-06 341
1711315345864 9.480961899202738e-06 342
1711315941269 9.498104474446714e-06 343
1711316536576 9.514974404536742e-06 344
1711317131820 9.531570648856103e-06 345
1711317727232 9.547892183670291e-06 346
1711318322051 9.563938002190028e-06 347
1711318916876 9.579707114633787e-06 348
1711319511601 9.595198548288318e-06 349
1711320106744 9.610411347569057e-06 350
1711320701109 9.625344574078988e-06 351
1711321295670 9.63999730666618e-06 352
1711321889596 9.65436864148117e-06 353
1711322483239 9.668457692032372e-06 354
1711323077177 9.682263589240724e-06 355
1711323671492 9.695785481493416e-06 356
1711324265856 9.709022534696532e-06 357
1711324860572 9.721973932326231e-06 358
1711325455725 9.734638875479365e-06 359
1711326050723 9.747016582922478e-06 360
1711326646343 9.759106291140197e-06 361
1711327241822 9.770907254382504e-06 362
1711327836708 9.782418744710599e-06 363
1711328431940 9.793640052041038e-06 364
1711329028521 9.804570484191142e-06 365
1711329625954 9.81520936692032e-06 366
1711330224010 9.825556043971938e-06 367
1711330822687 9.835609877114546e-06 368
1711331421773 9.845370246180038e-06 369
1711332020277 9.854836549103017e-06 370
1711332621131 9.864008201957367e-06 371
1711333222042 9.87288463899213e-06 372
1711333822960 9.881465312667196e-06 373
1711334424190 9.889749693686035e-06 374
1711335024756 9.897737271028982e-06 375
1711335626224 9.905427551984743e-06 376
1711336227219 9.91282006218032e-06 377
1711336827033 9.919914345611075e-06 378
1711337425645 9.926709964668076e-06 379
1711338023632 9.933206500165627e-06 380
1711338620775 9.93940355136675e-06 381
1711339217833 9.945300736008071e-06 382
1711339813587 9.950897690323761e-06 383
1711340409656 9.956194069066978e-06 384
1711341005321 9.961189545532217e-06 385
1711341600416 9.965883811574968e-06 386
1711342195411 9.970276577630902e-06 387
1711342790832 9.974367572733457e-06 388
1711343385878 9.978156544530731e-06 389
1711343980229 9.981643259301253e-06 390
1711344574968 9.984827501967762e-06 391
1711345169402 9.987709076111239e-06 392
1711345763680 9.990287803982961e-06 393
1711346357977 9.992563526514408e-06 394
1711346952172 9.994536103328517e-06 395
1711347545592 9.996205412747218e-06 396
1711348138537 9.997571351800035e-06 397
1711348731734 9.99863383622928e-06 398
1711349324986 9.99939280049572e-06 399
