1719187150384 0.0 0
1719187439105 1.0 1
1719187726417 2.0 2
1719188011900 3.0 3
1719188297467 4.0 4
1719188583715 5.0 5
1719188869005 6.0 6
1719189153940 7.0 7
1719189439046 8.0 8
1719189724007 9.0 9
1719190008240 10.0 10
1719190292669 11.0 11
1719190576885 12.0 12
1719190862930 13.0 13
1719191149425 14.0 14
1719191434987 15.0 15
1719191719993 16.0 16
1719192004110 17.0 17
1719192287827 18.0 18
1719192570899 19.0 19
1719192854361 20.0 20
1719193137910 21.0 21
1719193420758 22.0 22
1719193704813 23.0 23
1719193987644 24.0 24
1719194270842 25.0 25
1719194554034 26.0 26
1719194836839 27.0 27
1719195119766 28.0 28
1719195402619 29.0 29
1719195686587 30.0 30
1719195970118 31.0 31
1719196252922 32.0 32
1719196536027 33.0 33
1719196818855 34.0 34
1719197102398 35.0 35
1719197385283 36.0 36
1719197668266 37.0 37
1719197951997 38.0 38
1719198236307 39.0 39
1719198519476 40.0 40
1719198802597 41.0 41
1719199085966 42.0 42
1719199369276 43.0 43
1719199652211 44.0 44
1719199935161 45.0 45
1719200217946 46.0 46
1719200501491 47.0 47
1719200787096 48.0 48
1719201073939 49.0 49
1719201360166 50.0 50
1719201646164 51.0 51
1719201931585 52.0 52
1719202215780 53.0 53
1719202500012 54.0 54
1719202784425 55.0 55
1719203068301 56.0 56
1719203352539 57.0 57
1719203637189 58.0 58
1719203921134 59.0 59
1719204205630 60.0 60
1719204488453 61.0 61
1719204772112 62.0 62
1719205055167 63.0 63
1719205338931 64.0 64
1719205623321 65.0 65
1719205908631 66.0 66
1719206195271 67.0 67
1719206480795 68.0 68
1719206765399 69.0 69
1719207050826 70.0 70
1719207335186 71.0 71
1719207620378 72.0 72
1719207906647 73.0 73
1719208192931 74.0 74
1719208478483 75.0 75
1719208763577 76.0 76
1719209049408 77.0 77
1719209336989 78.0 78
1719209622089 79.0 79
1719209907198 80.0 80
1719210193791 81.0 81
1719210481604 82.0 82
1719210768562 83.0 83
1719211056103 84.0 84
1719211342295 85.0 85
1719211628530 86.0 86
1719211914611 87.0 87
1719212200199 88.0 88
1719212484163 89.0 89
1719212767674 90.0 90
1719213050453 91.0 91
1719213333593 92.0 92
1719213617611 93.0 93
1719213901123 94.0 94
1719214184808 95.0 95
1719214468434 96.0 96
1719214752358 97.0 97
1719215035925 98.0 98
1719215319138 99.0 99
1719215602172 100.0 100
1719215884466 101.0 101
1719216166587 102.0 102
1719216449937 103.0 103
1719216733667 104.0 104
1719217016585 105.0 105
1719217299499 106.0 106
1719217586458 107.0 107
1719217871337 108.0 108
1719218156326 109.0 109
1719218441864 110.0 110
1719218725825 111.0 111
1719219010163 112.0 112
1719219293097 113.0 113
1719219575797 114.0 114
1719219858892 115.0 115
1719220142768 116.0 116
1719220427402 117.0 117
1719220711929 118.0 118
1719220996780 119.0 119
1719221281052 120.0 120
1719221567758 121.0 121
1719221854933 122.0 122
1719222142057 123.0 123
1719222429593 124.0 124
1719222715631 125.0 125
1719223001442 126.0 126
1719223285612 127.0 127
1719223569358 128.0 128
1719223853001 129.0 129
1719224138042 130.0 130
1719224423230 131.0 131
1719224707844 132.0 132
1719224992405 133.0 133
1719225276248 134.0 134
1719225560768 135.0 135
1719225846164 136.0 136
1719226131219 137.0 137
