1719187150385 7080504.0 0
1719187439107 7080504.0 1
1719187726419 7080504.0 2
1719188011902 7080504.0 3
1719188297469 7080504.0 4
1719188583717 7080504.0 5
1719188869007 7080504.0 6
1719189153942 7080504.0 7
1719189439048 7080504.0 8
1719189724009 7080504.0 9
1719190008242 7080504.0 10
1719190292671 7080504.0 11
1719190576887 7080504.0 12
1719190862931 7080504.0 13
1719191149427 7080504.0 14
1719191434989 7080504.0 15
1719191719995 7080504.0 16
1719192004112 7080504.0 17
1719192287829 7080504.0 18
1719192570901 7080504.0 19
1719192854363 7080504.0 20
1719193137911 7080504.0 21
1719193420760 7080504.0 22
1719193704815 7080504.0 23
1719193987646 7080504.0 24
1719194270844 7080504.0 25
1719194554036 7080504.0 26
1719194836841 7080504.0 27
1719195119768 7080504.0 28
1719195402620 7080504.0 29
1719195686589 7080504.0 30
1719195970119 7080504.0 31
1719196252924 7080504.0 32
1719196536029 7080504.0 33
1719196818857 7080504.0 34
1719197102400 7080504.0 35
1719197385285 7080504.0 36
1719197668267 7080504.0 37
1719197951999 7080504.0 38
1719198236309 7080504.0 39
1719198519478 7080504.0 40
1719198802599 7080504.0 41
1719199085967 7080504.0 42
1719199369278 7080504.0 43
1719199652213 7080504.0 44
1719199935163 7080504.0 45
1719200217948 7080504.0 46
1719200501493 7080504.0 47
1719200787098 7080504.0 48
1719201073941 7080504.0 49
1719201360168 7080504.0 50
1719201646166 7080504.0 51
1719201931587 7080504.0 52
1719202215782 7080504.0 53
1719202500014 7080504.0 54
1719202784427 7080504.0 55
1719203068303 7080504.0 56
1719203352541 7080504.0 57
1719203637191 7080504.0 58
1719203921136 7080504.0 59
1719204205631 7080504.0 60
1719204488454 7080504.0 61
1719204772114 7080504.0 62
1719205055169 7080504.0 63
1719205338933 7080504.0 64
1719205623323 7080504.0 65
1719205908632 7080504.0 66
1719206195273 7080504.0 67
1719206480797 7080504.0 68
1719206765401 7080504.0 69
1719207050828 7080504.0 70
1719207335188 7080504.0 71
1719207620380 7080504.0 72
1719207906648 7080504.0 73
1719208192933 7080504.0 74
1719208478485 7080504.0 75
1719208763578 7080504.0 76
1719209049410 7080504.0 77
1719209336992 7080504.0 78
1719209622091 7080504.0 79
1719209907200 7080504.0 80
1719210193793 7080504.0 81
1719210481606 7080504.0 82
1719210768564 7080504.0 83
1719211056105 7080504.0 84
1719211342297 7080504.0 85
1719211628532 7080504.0 86
1719211914613 7080504.0 87
1719212200201 7080504.0 88
1719212484164 7080504.0 89
1719212767676 7080504.0 90
1719213050454 7080504.0 91
1719213333595 7080504.0 92
1719213617613 7080504.0 93
1719213901125 7080504.0 94
1719214184810 7080504.0 95
1719214468435 7080504.0 96
1719214752360 7080504.0 97
1719215035927 7080504.0 98
1719215319140 7080504.0 99
1719215602173 7080504.0 100
1719215884468 7080504.0 101
1719216166589 7080504.0 102
1719216449939 7080504.0 103
1719216733669 7080504.0 104
1719217016587 7080504.0 105
1719217299501 7080504.0 106
1719217586460 7080504.0 107
1719217871339 7080504.0 108
1719218156328 7080504.0 109
1719218441866 7080504.0 110
1719218725827 7080504.0 111
1719219010165 7080504.0 112
1719219293098 7080504.0 113
1719219575798 7080504.0 114
1719219858894 7080504.0 115
1719220142770 7080504.0 116
1719220427403 7080504.0 117
1719220711931 7080504.0 118
1719220996782 7080504.0 119
1719221281054 7080504.0 120
1719221567760 7080504.0 121
1719221854934 7080504.0 122
1719222142058 7080504.0 123
1719222429595 7080504.0 124
1719222715633 7080504.0 125
1719223001444 7080504.0 126
1719223285614 7080504.0 127
1719223569360 7080504.0 128
1719223853003 7080504.0 129
1719224138044 7080504.0 130
1719224423232 7080504.0 131
1719224707846 7080504.0 132
1719224992407 7080504.0 133
1719225276250 7080504.0 134
1719225560770 7080504.0 135
1719225846166 7080504.0 136
1719226131220 7080504.0 137
