1719187150380 9.999999999999821e-06 0
1719187439093 9.999999999999821e-06 1
1719187726403 8.003125000000054e-06 2
1719188011885 6.006250000000084e-06 3
1719188297454 4.009374999999961e-06 4
1719188583701 2.0124999999999786e-06 5
1719188868992 2.547594167448766e-08 6
1719189153925 2.9808302605216855e-08 7
1719189439034 3.492674810556928e-08 8
1719189723993 4.0830469913665624e-08 9
1719190008226 4.751853576339509e-08 10
1719190292656 5.498988953162855e-08 11
1719190576870 6.324335140500137e-08 12
1719190862917 7.227761806619712e-08 13
1719191149412 8.209126289978645e-08 14
1719191434974 9.268273621748121e-08 15
1719191719981 1.0405036550287616e-07 16
1719192004096 1.1619235567551963e-07 17
1719192287814 1.2910678937440756e-07 18
1719192570894 1.4279162726075904e-07 19
1719192854347 1.5724470834002356e-07 20
1719193137896 1.7246375030316084e-07 21
1719193420745 1.884463498870155e-07 22
1719193704799 2.051899832538382e-07 23
1719193987630 2.2269200638982295e-07 24
1719194270829 2.409496555226157e-07 25
1719194554021 2.599600475577924e-07 26
1719194836826 2.797201805340524e-07 27
1719195119753 3.002269340973366e-07 28
1719195402605 3.214770699935485e-07 29
1719195686574 3.434672325798837e-07 30
1719195970104 3.6619394935474794e-07 31
1719196252909 3.8965363150610546e-07 32
1719196536014 4.138425744781937e-07 33
1719196818841 4.387569585565078e-07 34
1719197102384 4.643928494709907e-07 35
1719197385270 4.907461990173027e-07 36
1719197668252 5.17812845696017e-07 37
1719197951984 5.455885153698624e-07 38
1719198236294 5.740688219386374e-07 39
1719198519463 6.032492680317479e-07 40
1719198802582 6.331252457185202e-07 41
1719199085952 6.636920372357199e-07 42
1719199369263 6.949448157326387e-07 43
1719199652199 7.268786460332559e-07 44
1719199935149 7.594884854155556e-07 45
1719200217932 7.927691844079031e-07 46
1719200501477 8.267154876021116e-07 47
1719200787082 8.613220344833964e-07 48
1719201073925 8.965833602768404e-07 49
1719201360153 9.32493896810314e-07 50
1719201646151 9.690479733938117e-07 51
1719201931572 1.0062398177149302e-06 52
1719202215766 1.044063556750281e-06 53
1719202499997 1.0825132176929678e-06 54
1719202784411 1.1215827288958545e-06 55
1719203068289 1.1612659208302355e-06 56
1719203352526 1.2015565270600477e-06 57
1719203637175 1.2424481852314805e-06 58
1719203921121 1.2839344380777264e-06 59
1719204205617 1.3260087344384783e-06 60
1719204488439 1.3686644302946887e-06 61
1719204772098 1.4118947898174135e-06 62
1719205055153 1.4556929864317493e-06 63
1719205338917 1.5000521038948211e-06 64
1719205623308 1.5449651373876432e-06 65
1719205908617 1.5904249946216246e-06 66
1719206195259 1.6364244969583511e-06 67
1719206480783 1.6829563805430792e-06 68
1719206765386 1.7300132974520331e-06 69
1719207050813 1.777587816852539e-06 70
1719207335171 1.8256724261764502e-06 71
1719207620364 1.8742595323066096e-06 72
1719207906637 1.9233414627756142e-06 73
1719208192917 1.9729104669776914e-06 74
1719208478469 2.0229587173925443e-06 75
1719208763571 2.0734783108211434e-06 76
1719209049392 2.124461269634135e-06 77
1719209336976 2.1758995430312897e-06 78
1719209622074 2.227785008312895e-06 79
1719209907183 2.280109472162528e-06 80
1719210193777 2.3328646719408296e-06 81
1719210481589 2.3860422769901118e-06 82
1719210768549 2.439633889950162e-06 83
1719211056090 2.493631048083954e-06 84
1719211342280 2.5480252246143407e-06 85
1719211628516 2.60280783007036e-06 86
1719211914596 2.6579702136434156e-06 87
1719212200185 2.713503664553698e-06 88
1719212484149 2.7693994134255832e-06 89
1719212767659 2.825648633672287e-06 90
1719213050437 2.8822424428900285e-06 91
1719213333579 2.9391719042600903e-06 92
1719213617596 2.99642802796067e-06 93
1719213901109 3.054001772586149e-06 94
1719214184795 3.1118840465747476e-06 95
1719214468426 3.170065709644442e-06 96
1719214752345 3.228537574236213e-06 97
1719215035912 3.287290406964755e-06 98
1719215319124 3.3463149300766618e-06 99
1719215602158 3.405601822915578e-06 100
1719215884451 3.465141723393809e-06 101
1719216166574 3.5249252294708655e-06 102
1719216449924 3.584942900638223e-06 103
1719216733655 3.645185259409568e-06 104
1719217016572 3.705642792818367e-06 105
1719217299485 3.7663059539192643e-06 106
1719217586451 3.827165163295592e-06 107
1719217871323 3.88821081057305e-06 108
1719218156312 3.949433255935963e-06 109
1719218441851 4.010822831650801e-06 110
1719218725810 4.072369843591554e-06 111
1719219010149 4.1340645727718645e-06 112
1719219293082 4.195897276878607e-06 113
1719219575784 4.257858191811177e-06 114
1719219858878 4.319937533222829e-06 115
1719220142754 4.382125498065731e-06 116
1719220427388 4.444412266139371e-06 117
1719220711916 4.506788001641283e-06 118
1719220996769 4.5692428547192775e-06 119
1719221281037 4.631766963028503e-06 120
1719221567744 4.694350453287328e-06 121
1719221854927 4.7569834428369814e-06 122
1719222142050 4.819656041202381e-06 123
1719222429578 4.882358351653907e-06 124
1719222715617 4.945080472769744e-06 125
1719223001429 5.007812500000019e-06 126
1719223285597 5.07054452723009e-06 127
1719223569344 5.133266648346135e-06 128
1719223852986 5.195968958797602e-06 129
1719224138028 5.258641557163041e-06 130
1719224423217 5.321274546712681e-06 131
1719224707831 5.383858036971545e-06 132
1719224992391 5.446382145280713e-06 133
1719225276233 5.508836998358745e-06 134
1719225560754 5.5712127338605995e-06 135
1719225846149 5.6334995019342885e-06 136
1719226131205 5.695687466777165e-06 137
