1719187150381 4.951212995402191 0
1719187439097 3.3469320435238923 1
1719187726408 2.6859385904086674 2
1719188011890 2.4013625776962093 3
1719188297459 2.248816117806279 4
1719188583705 2.166376820401005 5
1719188868997 2.148180879328562 6
1719189153930 2.1416562374519263 7
1719189439038 2.1550755703254887 8
1719189723997 2.15772901005719 9
1719190008230 2.136783035714989 10
1719190292661 2.134263496036115 11
1719190576875 2.1264993350790893 12
1719190862922 2.1325017343396726 13
1719191149416 2.122620231755402 14
1719191434978 2.1081701669356097 15
1719191719985 2.1383688177751456 16
1719192004101 2.1332545350103276 17
1719192287819 2.1299993075106456 18
1719192570895 2.0965001037263353 19
1719192854351 2.1116660813922468 20
1719193137900 2.1127791508384375 21
1719193420751 2.089970169831877 22
1719193704804 2.101318192384813 23
1719193987635 2.0890668722922388 24
1719194270833 2.0970935086193294 25
1719194554025 2.091774456202984 26
1719194836831 2.089608093480701 27
1719195119758 2.0883365922971913 28
1719195402609 2.0732420720160007 29
1719195686578 2.0761033792210664 30
1719195970108 2.06157276633641 31
1719196252913 2.0523263352072756 32
1719196536018 2.0396128909095474 33
1719196818847 2.0244232301154863 34
1719197102389 2.0551779741502325 35
1719197385275 2.024969547501077 36
1719197668257 2.0023363276344277 37
1719197951989 2.037349398855282 38
1719198236298 1.993286258176617 39
1719198519468 1.9982121413492637 40
1719198802588 1.9948016217221385 41
1719199085957 1.9735000844558943 42
1719199369268 1.9780841983206894 43
1719199652204 1.9666765714469163 44
1719199935153 1.956482539034408 45
1719200217937 1.9625082882526128 46
1719200501482 1.9739450167702592 47
1719200787087 1.9363983710822852 48
1719201073930 1.9292230113692905 49
1719201360158 1.9286884623377218 50
1719201646156 1.9233981741835242 51
1719201931576 1.9250095776565697 52
1719202215771 1.9178485502691374 53
1719202500002 1.9007996965361678 54
1719202784416 1.8997170149308185 55
1719203068293 1.8723239260523215 56
1719203352531 1.8617925810749116 57
1719203637180 1.874296698557294 58
1719203921125 1.8448165810626487 59
1719204205621 1.8571142486256103 60
1719204488444 1.8194317919728549 61
1719204772103 1.8440159468547157 62
1719205055158 1.8195889916109003 63
1719205338922 1.8293736382671024 64
1719205623313 1.8260105441769827 65
1719205908622 1.836669236259616 66
1719206195263 1.822250246029833 67
1719206480787 1.8013917129972707 68
1719206765391 1.7940967016569946 69
1719207050817 1.7940152290722597 70
1719207335176 1.761601278801327 71
1719207620369 1.7599961007742777 72
1719207906640 1.7758122220959351 73
1719208192922 1.75196743124853 74
1719208478474 1.7472119561356048 75
1719208763573 1.7290741671686587 76
1719209049397 1.7182235672422077 77
1719209336981 1.7284651014791883 78
1719209622079 1.7255175296703111 79
1719209907188 1.714505260243364 80
1719210193783 1.6912405212288317 81
1719210481594 1.7012187229550404 82
1719210768554 1.7051621494085893 83
1719211056095 1.6893177678727584 84
1719211342285 1.6792637227993945 85
1719211628521 1.6845967837649842 86
1719211914600 1.6559731621781122 87
1719212200192 1.6667423296881758 88
1719212484154 1.6775223408704218 89
1719212767664 1.6442369920728 90
1719213050442 1.663107921247897 91
1719213333584 1.660600955557564 92
1719213617601 1.6440099576569123 93
1719213901114 1.6276703949855722 94
1719214184800 1.6298998137531073 95
1719214468428 1.6431221882610216 96
1719214752350 1.6661381710158742 97
1719215035916 1.6259218894917031 98
1719215319129 1.6102754381363806 99
1719215602162 1.6254824534382508 100
1719215884456 1.6136904247105122 101
1719216166579 1.6068234377257202 102
1719216449929 1.6068990794212923 103
1719216733659 1.5981762661882069 104
1719217016577 1.6045612354317438 105
1719217299491 1.6010326788477276 106
1719217586453 1.5890342729247136 107
1719217871328 1.58545835915467 108
1719218156317 1.5544934737617555 109
1719218441856 1.565573177907778 110
1719218725815 1.5645409505004468 111
1719219010153 1.5535405644256135 112
1719219293086 1.555307745123687 113
1719219575788 1.565435284829658 114
1719219858883 1.544948711667372 115
1719220142759 1.5687750318776006 116
1719220427393 1.5678406615296137 117
1719220711921 1.5259969048202038 118
1719220996773 1.5419935195342354 119
1719221281042 1.5264577639653631 120
1719221567748 1.544903239802174 121
1719221854929 1.5229745329074238 122
1719222142052 1.5195089810244415 123
1719222429583 1.5254358592564645 124
1719222715621 1.5400184007442517 125
1719223001434 1.5112277845973554 126
1719223285604 1.531476968008539 127
1719223569349 1.526636493432781 128
1719223852991 1.508936450533245 129
1719224138033 1.5011549122307613 130
1719224423222 1.4973035717140073 131
1719224707836 1.4909431021660566 132
1719224992395 1.4936199677379236 133
1719225276238 1.4984552492590055 134
1719225560759 1.5118009543613247 135
1719225846154 1.4871557895904002 136
1719226131209 1.4978748949487573 137
