1710461013772 25450084.0 0
1710461437425 25450084.0 1
1710461866475 25450084.0 2
1710462288697 25450084.0 3
1710462702792 25450084.0 4
1710463122296 25450084.0 5
1710463542926 25450084.0 6
1710463954567 25450084.0 7
1710464369817 25450084.0 8
1710464796745 25450084.0 9
1710465217196 25450084.0 10
1710465630750 25450084.0 11
1710466045315 25450084.0 12
1710466454715 25450084.0 13
1710466876850 25450084.0 14
1710467285526 25450084.0 15
1710467701857 25450084.0 16
1710468114530 25450084.0 17
1710468526041 25450084.0 18
1710468935511 25450084.0 19
1710469352774 25450084.0 20
