1710461013769 4.606787945674016 0
1710461437415 4.572571257291696 1
1710461866466 4.572494259400245 2
1710462288689 4.542486651738485 3
1710462702783 4.501575950093758 4
1710463122288 4.458867434660593 5
1710463542918 4.420295179195893 6
1710463954559 4.391752075919738 7
1710464369808 4.353565950042162 8
1710464796737 4.336790095842802 9
1710465217188 4.306005988518397 10
1710465630742 4.2928264452860905 11
1710466045306 4.269215431274512 12
1710466454705 4.254190818774394 13
1710466876842 4.228334480218399 14
1710467285518 4.221584559709598 15
1710467701849 4.2063729951779045 16
1710468114521 4.176270655332467 17
1710468526033 4.1772054742544125 18
1710468935503 4.160905070488269 19
1710469352766 4.159146839303848 20
