1710461013768 1.0000000000000288e-06 0
1710461437412 1.0000000000000288e-06 1
1710461866462 7.0500000000003255e-06 2
1710462288685 1.3099999999999978e-05 3
1710462702780 1.9150000000001025e-05 4
1710463122284 2.520000000000168e-05 5
1710463542914 3.1235438806768924e-05 6
1710463954555 3.122903398955135e-05 7
1710464369804 3.122146632050877e-05 8
1710464796732 3.12127366295248e-05 9
1710465217185 3.1202845873906865e-05 10
1710465630737 3.119179513828835e-05 11
1710466045302 3.117958563450518e-05 12
1710466454702 3.1166218701468325e-05 13
1710466876838 3.115169580500761e-05 14
1710467285515 3.113601853773133e-05 15
1710467701845 3.111918861882473e-05 16
1710468114517 3.110120789387437e-05 17
1710468526029 3.108207833467374e-05 18
1710468935499 3.106180203899072e-05 19
1710469352763 3.1040381230353385e-05 20
