1710749659587 0.0 0
1710749920561 1.0 1
1710750177833 2.0 2
1710750433321 3.0 3
1710750688683 4.0 4
1710750944485 5.0 5
1710751199876 6.0 6
1710751457142 7.0 7
1710751715650 8.0 8
1710751973362 9.0 9
1710752231833 10.0 10
1710752493172 11.0 11
1710752751849 12.0 12
1710753011313 13.0 13
1710753269415 14.0 14
1710753528634 15.0 15
1710753785619 16.0 16
1710754043580 17.0 17
1710754302101 18.0 18
1710754560461 19.0 19
1710754818884 20.0 20
1710755080562 21.0 21
1710755338424 22.0 22
1710755594095 23.0 23
1710755849804 24.0 24
1710756106656 25.0 25
1710756363425 26.0 26
1710756620476 27.0 27
1710756878426 28.0 28
1710757135825 29.0 29
1710757393733 30.0 30
1710757650579 31.0 31
1710757907120 32.0 32
1710758164388 33.0 33
1710758421437 34.0 34
1710758677768 35.0 35
1710758934279 36.0 36
1710759192648 37.0 37
1710759449716 38.0 38
1710759709953 39.0 39
1710759967020 40.0 40
1710760222860 41.0 41
1710760479515 42.0 42
1710760735901 43.0 43
1710760992377 44.0 44
1710761248816 45.0 45
1710761503624 46.0 46
1710761759861 47.0 47
1710762014926 48.0 48
1710762270830 49.0 49
1710762526735 50.0 50
1710762782986 51.0 51
1710763038643 52.0 52
1710763294303 53.0 53
1710763550094 54.0 54
1710763804866 55.0 55
1710764059674 56.0 56
1710764315258 57.0 57
1710764570063 58.0 58
1710764824587 59.0 59
1710765079705 60.0 60
1710765335342 61.0 61
1710765590760 62.0 62
1710765845318 63.0 63
1710766100823 64.0 64
1710766356175 65.0 65
1710766610551 66.0 66
1710766865967 67.0 67
1710767120983 68.0 68
1710767377015 69.0 69
1710767631795 70.0 70
1710767886865 71.0 71
1710768142900 72.0 72
1710768399159 73.0 73
1710768657277 74.0 74
1710768915539 75.0 75
1710769172989 76.0 76
1710769429705 77.0 77
1710769687058 78.0 78
1710769944883 79.0 79
1710770201814 80.0 80
1710770458594 81.0 81
1710770715179 82.0 82
1710770971589 83.0 83
1710771229200 84.0 84
1710771486846 85.0 85
1710771744393 86.0 86
1710772000946 87.0 87
1710772256523 88.0 88
1710772514121 89.0 89
1710772771950 90.0 90
1710773030000 91.0 91
1710773286363 92.0 92
1710773542607 93.0 93
1710773799780 94.0 94
1710774056689 95.0 95
1710774314418 96.0 96
1710774571400 97.0 97
1710774827145 98.0 98
1710775083889 99.0 99
1710775340610 100.0 100
1710775597458 101.0 101
1710775854273 102.0 102
1710776110780 103.0 103
1710776367667 104.0 104
1710776623875 105.0 105
1710776880449 106.0 106
1710777136346 107.0 107
1710777392204 108.0 108
1710777649673 109.0 109
1710777907689 110.0 110
1710778165904 111.0 111
1710778422682 112.0 112
1710778680456 113.0 113
1710778938103 114.0 114
1710779195737 115.0 115
1710779453512 116.0 116
1710779710465 117.0 117
1710779966462 118.0 118
1710780222563 119.0 119
1710780478969 120.0 120
1710780735293 121.0 121
1710780992307 122.0 122
1710781250019 123.0 123
1710781506323 124.0 124
1710781760551 125.0 125
1710782017526 126.0 126
1710782274919 127.0 127
1710782530486 128.0 128
1710782787321 129.0 129
1710783044984 130.0 130
1710783301996 131.0 131
1710783558988 132.0 132
1710783816414 133.0 133
1710784074467 134.0 134
1710784330341 135.0 135
1710784586598 136.0 136
1710784842449 137.0 137
1710785098562 138.0 138
1710785354421 139.0 139
1710785610209 140.0 140
1710785866014 141.0 141
1710786123022 142.0 142
1710786380455 143.0 143
1710786637618 144.0 144
1710786894795 145.0 145
1710787150866 146.0 146
1710787407016 147.0 147
1710787663325 148.0 148
1710787921070 149.0 149
1710788177532 150.0 150
1710788433999 151.0 151
1710788690145 152.0 152
1710788944336 153.0 153
1710789201057 154.0 154
1710789458079 155.0 155
1710789714919 156.0 156
1710789971356 157.0 157
1710790226878 158.0 158
1710790483486 159.0 159
1710790740353 160.0 160
1710790996064 161.0 161
1710791252366 162.0 162
1710791509383 163.0 163
1710791766502 164.0 164
1710792023417 165.0 165
1710792279743 166.0 166
1710792535381 167.0 167
1710792791125 168.0 168
1710793049345 169.0 169
1710793306992 170.0 170
1710793564556 171.0 171
1710793822179 172.0 172
1710794079702 173.0 173
1710794336991 174.0 174
1710794594305 175.0 175
1710794852491 176.0 176
1710795109655 177.0 177
1710795366520 178.0 178
1710795623306 179.0 179
1710795880292 180.0 180
1710796137889 181.0 181
1710796396167 182.0 182
1710796652943 183.0 183
1710796909455 184.0 184
1710797166557 185.0 185
1710797423235 186.0 186
1710797680698 187.0 187
1710797938752 188.0 188
1710798195883 189.0 189
1710798452404 190.0 190
1710798709933 191.0 191
1710798967734 192.0 192
1710799225179 193.0 193
1710799482154 194.0 194
1710799740158 195.0 195
1710799998498 196.0 196
1710800254569 197.0 197
1710800511982 198.0 198
1710800768585 199.0 199
1710801024685 200.0 200
1710801281441 201.0 201
1710801538011 202.0 202
1710801794818 203.0 203
1710802052586 204.0 204
1710802309920 205.0 205
1710802567278 206.0 206
1710802825759 207.0 207
1710803083536 208.0 208
1710803339871 209.0 209
1710803596026 210.0 210
1710803852015 211.0 211
1710804108776 212.0 212
1710804364492 213.0 213
1710804620437 214.0 214
1710804876476 215.0 215
1710805132901 216.0 216
1710805389941 217.0 217
1710805645896 218.0 218
1710805902355 219.0 219
1710806155356 220.0 220
1710806407782 221.0 221
1710806661808 222.0 222
1710806915173 223.0 223
1710807168939 224.0 224
1710807422637 225.0 225
1710807677829 226.0 226
1710807932788 227.0 227
1710808187075 228.0 228
1710808441259 229.0 229
1710808695572 230.0 230
1710808949636 231.0 231
1710809203302 232.0 232
1710809458424 233.0 233
1710809713173 234.0 234
1710809967426 235.0 235
1710810222252 236.0 236
1710810477216 237.0 237
1710810732338 238.0 238
1710810987942 239.0 239
1710811242471 240.0 240
1710811494753 241.0 241
1710811748570 242.0 242
1710812006965 243.0 243
1710812265334 244.0 244
1710812521212 245.0 245
1710812776522 246.0 246
1710813031556 247.0 247
1710813286395 248.0 248
1710813541302 249.0 249
1710813796036 250.0 250
1710814049492 251.0 251
1710814304101 252.0 252
1710814559336 253.0 253
1710814814318 254.0 254
1710815069611 255.0 255
1710815325291 256.0 256
1710815580663 257.0 257
1710815835853 258.0 258
1710816092093 259.0 259
1710816347414 260.0 260
1710816601495 261.0 261
1710816856945 262.0 262
1710817112449 263.0 263
1710817368194 264.0 264
1710817623903 265.0 265
1710817879272 266.0 266
1710818134661 267.0 267
1710818389188 268.0 268
1710818646119 269.0 269
1710818902596 270.0 270
1710819157315 271.0 271
1710819412068 272.0 272
1710819667867 273.0 273
1710819922560 274.0 274
1710820178440 275.0 275
1710820434531 276.0 276
1710820689916 277.0 277
1710820944870 278.0 278
1710821199793 279.0 279
1710821454941 280.0 280
1710821709656 281.0 281
1710821965029 282.0 282
1710822221388 283.0 283
1710822477646 284.0 284
1710822646154 285.0 285
1710822809659 286.0 286
1710822973229 287.0 287
1710823136246 288.0 288
1710823297828 289.0 289
1710823461791 290.0 290
1710823626203 291.0 291
1710823790062 292.0 292
1710823953934 293.0 293
1710824117444 294.0 294
1710824279610 295.0 295
1710824443946 296.0 296
1710824608285 297.0 297
1710824772032 298.0 298
1710824938126 299.0 299
