1710749659588 7095944.0 0
1710749920562 7095944.0 1
1710750177834 7095944.0 2
1710750433323 7095944.0 3
1710750688684 7095944.0 4
1710750944487 7095944.0 5
1710751199878 7095944.0 6
1710751457144 7095944.0 7
1710751715651 7095944.0 8
1710751973363 7095944.0 9
1710752231835 7095944.0 10
1710752493173 7095944.0 11
1710752751850 7095944.0 12
1710753011315 7095944.0 13
1710753269416 7095944.0 14
1710753528635 7095944.0 15
1710753785620 7095944.0 16
1710754043580 7095944.0 17
1710754302102 7095944.0 18
1710754560463 7095944.0 19
1710754818885 7095944.0 20
1710755080564 7095944.0 21
1710755338425 7095944.0 22
1710755594097 7095944.0 23
1710755849805 7095944.0 24
1710756106658 7095944.0 25
1710756363428 7095944.0 26
1710756620478 7095944.0 27
1710756878428 7095944.0 28
1710757135827 7095944.0 29
1710757393734 7095944.0 30
1710757650580 7095944.0 31
1710757907121 7095944.0 32
1710758164390 7095944.0 33
1710758421439 7095944.0 34
1710758677770 7095944.0 35
1710758934281 7095944.0 36
1710759192650 7095944.0 37
1710759449718 7095944.0 38
1710759709955 7095944.0 39
1710759967022 7095944.0 40
1710760222861 7095944.0 41
1710760479517 7095944.0 42
1710760735903 7095944.0 43
1710760992378 7095944.0 44
1710761248818 7095944.0 45
1710761503626 7095944.0 46
1710761759862 7095944.0 47
1710762014928 7095944.0 48
1710762270831 7095944.0 49
1710762526737 7095944.0 50
1710762782988 7095944.0 51
1710763038645 7095944.0 52
1710763294305 7095944.0 53
1710763550095 7095944.0 54
1710763804868 7095944.0 55
1710764059675 7095944.0 56
1710764315260 7095944.0 57
1710764570065 7095944.0 58
1710764824589 7095944.0 59
1710765079707 7095944.0 60
1710765335344 7095944.0 61
1710765590762 7095944.0 62
1710765845319 7095944.0 63
1710766100825 7095944.0 64
1710766356177 7095944.0 65
1710766610552 7095944.0 66
1710766865969 7095944.0 67
1710767120984 7095944.0 68
1710767377017 7095944.0 69
1710767631796 7095944.0 70
1710767886867 7095944.0 71
1710768142901 7095944.0 72
1710768399161 7095944.0 73
1710768657279 7095944.0 74
1710768915541 7095944.0 75
1710769172991 7095944.0 76
1710769429706 7095944.0 77
1710769687059 7095944.0 78
1710769944885 7095944.0 79
1710770201815 7095944.0 80
1710770458595 7095944.0 81
1710770715181 7095944.0 82
1710770971590 7095944.0 83
1710771229202 7095944.0 84
1710771486848 7095944.0 85
1710771744395 7095944.0 86
1710772000947 7095944.0 87
1710772256525 7095944.0 88
1710772514123 7095944.0 89
1710772771952 7095944.0 90
1710773030002 7095944.0 91
1710773286365 7095944.0 92
1710773542609 7095944.0 93
1710773799781 7095944.0 94
1710774056690 7095944.0 95
1710774314419 7095944.0 96
1710774571401 7095944.0 97
1710774827146 7095944.0 98
1710775083891 7095944.0 99
1710775340611 7095944.0 100
1710775597459 7095944.0 101
1710775854274 7095944.0 102
1710776110781 7095944.0 103
1710776367668 7095944.0 104
1710776623876 7095944.0 105
1710776880450 7095944.0 106
1710777136348 7095944.0 107
1710777392206 7095944.0 108
1710777649674 7095944.0 109
1710777907691 7095944.0 110
1710778165906 7095944.0 111
1710778422684 7095944.0 112
1710778680458 7095944.0 113
1710778938105 7095944.0 114
1710779195739 7095944.0 115
1710779453514 7095944.0 116
1710779710467 7095944.0 117
1710779966463 7095944.0 118
1710780222564 7095944.0 119
1710780478970 7095944.0 120
1710780735294 7095944.0 121
1710780992309 7095944.0 122
1710781250020 7095944.0 123
1710781506324 7095944.0 124
1710781760552 7095944.0 125
1710782017527 7095944.0 126
1710782274920 7095944.0 127
1710782530487 7095944.0 128
1710782787322 7095944.0 129
1710783044986 7095944.0 130
1710783301997 7095944.0 131
1710783558989 7095944.0 132
1710783816415 7095944.0 133
1710784074469 7095944.0 134
1710784330341 7095944.0 135
1710784586600 7095944.0 136
1710784842451 7095944.0 137
1710785098564 7095944.0 138
1710785354422 7095944.0 139
1710785610210 7095944.0 140
1710785866015 7095944.0 141
1710786123024 7095944.0 142
1710786380456 7095944.0 143
1710786637619 7095944.0 144
1710786894796 7095944.0 145
1710787150867 7095944.0 146
1710787407018 7095944.0 147
1710787663327 7095944.0 148
1710787921071 7095944.0 149
1710788177534 7095944.0 150
1710788434001 7095944.0 151
1710788690146 7095944.0 152
1710788944337 7095944.0 153
1710789201058 7095944.0 154
1710789458081 7095944.0 155
1710789714921 7095944.0 156
1710789971358 7095944.0 157
1710790226878 7095944.0 158
1710790483487 7095944.0 159
1710790740354 7095944.0 160
1710790996065 7095944.0 161
1710791252367 7095944.0 162
1710791509384 7095944.0 163
1710791766504 7095944.0 164
1710792023419 7095944.0 165
1710792279744 7095944.0 166
1710792535382 7095944.0 167
1710792791126 7095944.0 168
1710793049347 7095944.0 169
1710793306993 7095944.0 170
1710793564556 7095944.0 171
1710793822181 7095944.0 172
1710794079703 7095944.0 173
1710794336992 7095944.0 174
1710794594306 7095944.0 175
1710794852493 7095944.0 176
1710795109657 7095944.0 177
1710795366520 7095944.0 178
1710795623308 7095944.0 179
1710795880293 7095944.0 180
1710796137891 7095944.0 181
1710796396169 7095944.0 182
1710796652944 7095944.0 183
1710796909456 7095944.0 184
1710797166559 7095944.0 185
1710797423236 7095944.0 186
1710797680699 7095944.0 187
1710797938753 7095944.0 188
1710798195885 7095944.0 189
1710798452405 7095944.0 190
1710798709934 7095944.0 191
1710798967735 7095944.0 192
1710799225180 7095944.0 193
1710799482154 7095944.0 194
1710799740159 7095944.0 195
1710799998500 7095944.0 196
1710800254570 7095944.0 197
1710800511983 7095944.0 198
1710800768586 7095944.0 199
1710801024686 7095944.0 200
1710801281441 7095944.0 201
1710801538012 7095944.0 202
1710801794819 7095944.0 203
1710802052588 7095944.0 204
1710802309921 7095944.0 205
1710802567278 7095944.0 206
1710802825761 7095944.0 207
1710803083537 7095944.0 208
1710803339872 7095944.0 209
1710803596027 7095944.0 210
1710803852016 7095944.0 211
1710804108778 7095944.0 212
1710804364493 7095944.0 213
1710804620437 7095944.0 214
1710804876478 7095944.0 215
1710805132903 7095944.0 216
1710805389942 7095944.0 217
1710805645896 7095944.0 218
1710805902356 7095944.0 219
1710806155357 7095944.0 220
1710806407783 7095944.0 221
1710806661809 7095944.0 222
1710806915174 7095944.0 223
1710807168939 7095944.0 224
1710807422637 7095944.0 225
1710807677830 7095944.0 226
1710807932789 7095944.0 227
1710808187076 7095944.0 228
1710808441261 7095944.0 229
1710808695573 7095944.0 230
1710808949639 7095944.0 231
1710809203303 7095944.0 232
1710809458426 7095944.0 233
1710809713173 7095944.0 234
1710809967427 7095944.0 235
1710810222252 7095944.0 236
1710810477217 7095944.0 237
1710810732339 7095944.0 238
1710810987942 7095944.0 239
1710811242472 7095944.0 240
1710811494754 7095944.0 241
1710811748571 7095944.0 242
1710812006966 7095944.0 243
1710812265335 7095944.0 244
1710812521213 7095944.0 245
1710812776524 7095944.0 246
1710813031557 7095944.0 247
1710813286396 7095944.0 248
1710813541304 7095944.0 249
1710813796037 7095944.0 250
1710814049493 7095944.0 251
1710814304102 7095944.0 252
1710814559337 7095944.0 253
1710814814319 7095944.0 254
1710815069612 7095944.0 255
1710815325292 7095944.0 256
1710815580664 7095944.0 257
1710815835855 7095944.0 258
1710816092094 7095944.0 259
1710816347415 7095944.0 260
1710816601496 7095944.0 261
1710816856946 7095944.0 262
1710817112450 7095944.0 263
1710817368195 7095944.0 264
1710817623904 7095944.0 265
1710817879273 7095944.0 266
1710818134662 7095944.0 267
1710818389189 7095944.0 268
1710818646120 7095944.0 269
1710818902598 7095944.0 270
1710819157317 7095944.0 271
1710819412069 7095944.0 272
1710819667868 7095944.0 273
1710819922561 7095944.0 274
1710820178441 7095944.0 275
1710820434532 7095944.0 276
1710820689917 7095944.0 277
1710820944871 7095944.0 278
1710821199793 7095944.0 279
1710821454942 7095944.0 280
1710821709657 7095944.0 281
1710821965030 7095944.0 282
1710822221389 7095944.0 283
1710822477647 7095944.0 284
1710822646156 7095944.0 285
1710822809661 7095944.0 286
1710822973230 7095944.0 287
1710823136248 7095944.0 288
1710823297829 7095944.0 289
1710823461793 7095944.0 290
1710823626205 7095944.0 291
1710823790063 7095944.0 292
1710823953935 7095944.0 293
1710824117445 7095944.0 294
1710824279610 7095944.0 295
1710824443947 7095944.0 296
1710824608286 7095944.0 297
1710824772033 7095944.0 298
1710824938127 7095944.0 299
