1710749659584 1.0000000000000025e-05 0
1710749920550 1.0000000000000025e-05 1
1710750177821 8.031249999999934e-06 2
1710750433309 6.062499999999992e-06 3
1710750688672 4.093749999999979e-06 4
1710750944475 2.1249999999999885e-06 5
1710751199864 1.6299525862983286e-07 6
1710751457130 1.6596219601709978e-07 7
1710751715646 1.6946780741086948e-07 8
1710751973356 1.7351170838134413e-07 9
1710752231822 1.7809345546921744e-07 10
1710752493165 1.8321254623428162e-07 11
1710752751845 1.888684193105488e-07 12
1710753011302 1.9506045446780243e-07 13
1710753269402 2.017879726796125e-07 14
1710753528623 2.0905023619779328e-07 15
1710753785615 2.1684644863330654e-07 16
1710754043575 2.2517575504360802e-07 17
1710754302089 2.3403724202638732e-07 18
1710754560450 2.4342993781973756e-07 19
1710754818871 2.533528124087101e-07 20
1710755080551 2.638047776382998e-07 21
1710755338419 2.7478468733272496e-07 22
1710755594083 2.862913374211646e-07 23
1710755849795 2.983234660697588e-07 24
1710756106644 3.1087975382002037e-07 25
1710756363411 3.239588237334939e-07 26
1710756620466 3.3755924154277396e-07 27
1710756878414 3.516795158087984e-07 28
1710757135812 3.6631809808435945e-07 29
1710757393722 3.8147338308394994e-07 30
1710757650572 3.971437088597946e-07 31
1710757907116 4.133273569840733e-07 32
1710758164378 4.300225527373955e-07 33
1710758421425 4.4722746530341983e-07 34
1710758677751 4.6494020796959903e-07 35
1710758934267 4.831588383340843e-07 36
1710759192635 5.018813585187656e-07 37
1710759449703 5.211057153883102e-07 38
1710759709943 5.408298007753467e-07 39
1710759967010 5.610514517116509e-07 40
1710760222854 5.817684506653298e-07 41
1710760479503 6.029785257839643e-07 42
1710760735890 6.246793511438138e-07 43
1710760992365 6.468685470048319e-07 44
1710761248805 6.695436800716353e-07 45
1710761503610 6.927022637603806e-07 46
1710761759848 7.163417584713674e-07 47
1710762014914 7.404595718676157e-07 48
1710762270817 7.650530591591096e-07 49
1710762526722 7.901195233928179e-07 50
1710762782973 8.156562157484663e-07 51
1710763038633 8.416603358399668e-07 52
1710763294292 8.681290320225053e-07 53
1710763550081 8.950594017052845e-07 54
1710763804856 9.224484916697735e-07 55
1710764059662 9.50293298393613e-07 56
1710764315248 9.78590768379979e-07 57
1710764570052 1.007337798492387e-06 58
1710764824575 1.0365312362950573e-06 59
1710765079694 1.0661678803985267e-06 60
1710765335331 1.0962444808108146e-06 61
1710765590749 1.126757739293731e-06 62
1710765845306 1.157704309724654e-06 63
1710766100810 1.1890807984634098e-06 64
1710766356164 1.2208837647243872e-06 65
1710766610538 1.253109720953984e-06 66
1710766865956 1.2857551332129162e-06 67
1710767120970 1.3188164215638643e-06 68
1710767377004 1.3522899604640016e-06 69
1710767631783 1.3861720791625816e-06 70
1710767886852 1.4204590621034557e-06 71
1710768142888 1.455147149332564e-06 72
1710768399147 1.4902325369102343e-06 73
1710768657267 1.5257113773283698e-06 74
1710768915527 1.5615797799322985e-06 75
1710769172977 1.5978338113474666e-06 76
1710769429692 1.634469495910781e-06 77
1710769687047 1.6714828161066018e-06 78
1710769944871 1.7088697130072373e-06 79
1710770201802 1.7466260867181523e-06 80
1710770458584 1.7847477968275046e-06 81
1710770715167 1.8232306628601645e-06 82
1710770971577 1.8620704647361959e-06 83
1710771229188 1.9012629432336994e-06 84
1710771486834 1.940803800455665e-06 85
1710771744382 1.980688700301592e-06 86
1710772000934 2.020913268942705e-06 87
1710772256511 2.0614730953017635e-06 88
1710772514109 2.102363731536754e-06 89
1710772771937 2.143580693528626e-06 90
1710773029988 2.185119461373003e-06 91
1710773286351 2.226975479875863e-06 92
1710773542594 2.2691441590532087e-06 93
1710773799768 2.311620874634028e-06 94
1710774056677 2.3544009685679055e-06 95
1710774314405 2.3974797495354354e-06 96
1710774571388 2.4408524934627677e-06 97
1710774827133 2.484514444039775e-06 98
1710775083878 2.5284608132416353e-06 99
1710775340598 2.5726867818536586e-06 100
1710775597445 2.61718750000001e-06 101
1710775854260 2.6619580876754586e-06 102
1710776110775 2.7069936352806135e-06 103
1710776367656 2.7522892041601423e-06 104
1710776623864 2.79783982714445e-06 105
1710776880436 2.8436405090944176e-06 106
1710777136335 2.88968622744918e-06 107
1710777392193 2.9359719327768056e-06 108
1710777649661 2.9824925493281653e-06 109
1710777907677 3.0292429755933198e-06 110
1710778165893 3.0762180848613027e-06 111
1710778422671 3.1234127257819714e-06 112
1710778680443 3.1708217229310574e-06 113
1710778938091 3.2184398773778556e-06 114
1710779195725 3.2662619672550837e-06 115
1710779453500 3.3142827483317445e-06 116
1710779710452 3.3624969545879617e-06 117
1710779966450 3.410899298792689e-06 118
1710780222550 3.4594844730835395e-06 119
1710780478956 3.50824714954858e-06 120
1710780735280 3.5571819808107997e-06 121
1710780992296 3.6062836006145477e-06 122
1710781250006 3.6555466244139117e-06 123
1710781506310 3.704965649963189e-06 124
1710781760543 3.7545352579092447e-06 125
1710782017512 3.804250012386044e-06 126
1710782274906 3.854104461610493e-06 127
1710782530474 3.904093138480395e-06 128
1710782787315 3.954210561174137e-06 129
1710783044972 4.004451233751411e-06 130
1710783301991 4.054809646756349e-06 131
1710783558981 4.105280277821479e-06 132
1710783816402 4.15585759227335e-06 133
1710784074455 4.2065360437395824e-06 134
1710784330334 4.257310074756652e-06 135
1710784586586 4.308174117380133e-06 136
1710784842438 4.359122593794344e-06 137
1710785098552 4.410149916924892e-06 138
1710785354408 4.461250491050721e-06 139
1710785610198 4.5124187124179425e-06 140
1710785866004 4.563648969854546e-06 141
1710786123010 4.614935645385409e-06 142
1710786380444 4.666273114848787e-06 143
1710786637607 4.717655748512408e-06 144
1710786894791 4.76907791169164e-06 145
1710787150855 4.8205339653667264e-06 146
1710787407005 4.872018266801635e-06 147
1710787663314 4.9235251701623415e-06 148
1710787921057 4.975049027136632e-06 149
1710788177521 5.026584187552876e-06 150
1710788433986 5.078125000000038e-06 151
1710788690132 5.1296658124471e-06 152
1710788944331 5.181200972863449e-06 153
1710789201051 5.232724829837634e-06 154
1710789458066 5.284231733198368e-06 155
1710789714908 5.335716034633251e-06 156
1710789971345 5.387172088308363e-06 157
1710790226874 5.438594251487597e-06 158
1710790483482 5.4899768851512935e-06 159
1710790740341 5.54131435461456e-06 160
1710790996059 5.592601030145522e-06 161
1710791252354 5.643831287582062e-06 162
1710791509371 5.694999508949277e-06 163
1710791766491 5.746100083075114e-06 164
1710792023404 5.79712740620563e-06 165
1710792279734 5.8480758826199175e-06 166
1710792535377 5.898939925243343e-06 167
1710792791112 5.9497139562604645e-06 168
1710793049333 6.000392407726621e-06 169
1710793306979 6.050969722178494e-06 170
1710793564550 6.10144035324361e-06 171
1710793822167 6.151798766248658e-06 172
1710794079692 6.202039438825901e-06 173
1710794336986 6.252156861519575e-06 174
1710794594298 6.302145538389494e-06 175
1710794852479 6.351999987613942e-06 176
1710795109646 6.4017147420907074e-06 177
1710795366514 6.451284350036806e-06 178
1710795623294 6.50070337558607e-06 179
1710795880283 6.549966399385395e-06 180
1710796137878 6.599068019189171e-06 181
1710796396157 6.648002850451403e-06 182
1710796652936 6.69676552691648e-06 183
1710796909451 6.7453507012073296e-06 184
1710797166546 6.793753045412077e-06 185
1710797423229 6.84196725166827e-06 186
1710797680694 6.889988032744936e-06 187
1710797938743 6.937810122622151e-06 188
1710798195871 6.985428277068916e-06 189
1710798452400 7.03283727421801e-06 190
1710798709922 7.080031915138675e-06 191
1710798967722 7.1270070244066645e-06 192
1710799225173 7.173757450671833e-06 193
1710799482149 7.220278067223224e-06 194
1710799740146 7.26656377255087e-06 195
1710799998486 7.312609490905559e-06 196
1710800254563 7.358410172855591e-06 197
1710800511974 7.403960795839908e-06 198
1710800768579 7.449256364719431e-06 199
1710801024676 7.494291912324463e-06 200
1710801281437 7.53906249999996e-06 201
1710801538007 7.583563218146399e-06 202
1710801794812 7.627789186758404e-06 203
1710802052574 7.671735555960216e-06 204
1710802309907 7.715397506537269e-06 205
1710802567273 7.758770250464607e-06 206
1710802825748 7.801849031432067e-06 207
1710803083530 7.844629125365896e-06 208
1710803339866 7.88710584094683e-06 209
1710803596023 7.929274520124062e-06 210
1710803852009 7.971130538627053e-06 211
1710804108765 8.01266930647134e-06 212
1710804364487 8.053886268463214e-06 213
1710804620433 8.094776904698275e-06 214
1710804876463 8.13533673105735e-06 215
1710805132889 8.175561299698451e-06 216
1710805389937 8.215446199544406e-06 217
1710805645891 8.254987056766284e-06 218
1710805902350 8.294179535263772e-06 219
1710806155352 8.333019337139789e-06 220
1710806407778 8.371502203172462e-06 221
1710806661797 8.40962391328184e-06 222
1710806915169 8.44738028699281e-06 223
1710807168934 8.484767183893372e-06 224
1710807422632 8.521780504089252e-06 225
1710807677817 8.558416188652607e-06 226
1710807932777 8.594670220067634e-06 227
1710808187069 8.630538622671586e-06 228
1710808441253 8.666017463089725e-06 229
1710808695564 8.701102850667475e-06 230
1710808949623 8.735790937896516e-06 231
1710809203298 8.77007792083738e-06 232
1710809458411 8.803960039536054e-06 233
1710809713168 8.837433578436096e-06 234
1710809967418 8.870494866787102e-06 235
1710810222248 8.903140279045993e-06 236
1710810477212 8.935366235275564e-06 237
1710810732331 8.967169201536685e-06 238
1710810987937 8.998545690275286e-06 239
1710811242467 9.0294922607063e-06 240
1710811494748 9.060005519189235e-06 241
1710811748565 9.090082119601401e-06 242
1710812006957 9.119718763704947e-06 243
1710812265328 9.148912201507557e-06 244
1710812521207 9.177659231620094e-06 245
1710812776514 9.20595670160637e-06 246
1710813031552 9.233801508330185e-06 247
1710813286391 9.26119059829464e-06 248
1710813541291 9.288120967977482e-06 249
1710813796031 9.31458966416011e-06 250
1710814049488 9.340593784251505e-06 251
1710814304097 9.366130476607185e-06 252
1710814559330 9.391196940840892e-06 253
1710814814314 9.415790428132358e-06 254
1710815069603 9.439908241528715e-06 255
1710815325287 9.46354773623956e-06 256
1710815580658 9.486706319928308e-06 257
1710815835846 9.509381452995143e-06 258
1710816092081 9.531570648856103e-06 259
1710816347408 9.553271474216093e-06 260
1710816601487 9.574481549334715e-06 261
1710816856940 9.595198548288318e-06 262
1710817112445 9.61542019922461e-06 263
1710817368186 9.635144284611651e-06 264
1710817623895 9.65436864148117e-06 265
1710817879263 9.673091161665871e-06 266
1710818134654 9.691309792030491e-06 267
1710818389179 9.709022534696532e-06 268
1710818646110 9.726227447262653e-06 269
1710818902583 9.742922643015897e-06 270
1710819157305 9.759106291140197e-06 271
1710819412064 9.77477661691599e-06 272
1710819667863 9.789931901915599e-06 273
1710819922554 9.804570484191142e-06 274
1710820178436 9.818690758457268e-06 275
1710820434522 9.832291176266565e-06 276
1710820689910 9.845370246180038e-06 277
1710820944863 9.857926533930171e-06 278
1710821199788 9.869958662578918e-06 279
1710821454937 9.881465312667196e-06 280
1710821709652 9.892445222361665e-06 281
1710821965022 9.902897187591241e-06 282
1710822221383 9.91282006218032e-06 283
1710822477642 9.922212757973556e-06 284
1710822646148 9.93107424495643e-06 285
1710822809649 9.93940355136675e-06 286
1710822973223 9.947199763802132e-06 287
1710823136234 9.954462027320428e-06 288
1710823297815 9.961189545532217e-06 289
1710823461782 9.96738158068941e-06 290
1710823626191 9.973037453765711e-06 291
1710823790056 9.978156544530731e-06 292
1710823953928 9.982738291618686e-06 293
1710824117438 9.986782192589047e-06 294
1710824279605 9.990287803982961e-06 295
1710824443941 9.993254741370168e-06 296
1710824608280 9.995682679392764e-06 297
1710824772027 9.997571351800035e-06 298
1710824938122 9.998920551477712e-06 299
