1710749659585 5.431173886941827 0
1710749920554 5.330440334651781 1
1710750177825 5.3142931357673975 2
1710750433314 5.302787153617196 3
1710750688675 5.295998250660689 4
1710750944479 5.293345258287761 5
1710751199867 5.2924821001032125 6
1710751457133 5.288051448438479 7
1710751715647 5.287858290516811 8
1710751973358 5.286065385393474 9
1710752231825 5.288220298031102 10
1710752493167 5.290101066879604 11
1710752751846 5.287713188192119 12
1710753011306 5.28680194331252 13
1710753269406 5.2887963419375215 14
1710753528626 5.2856698697027955 15
1710753785616 5.289791889812635 16
1710754043577 5.286265044108681 17
1710754302092 5.282072076331014 18
1710754560453 5.283043085233025 19
1710754818876 5.282040703555812 20
1710755080555 5.278195127196934 21
1710755338421 5.276851831570916 22
1710755594087 5.27910176437834 23
1710755849797 5.276326495668163 24
1710756106648 5.276255721631258 25
1710756363415 5.271581328433493 26
1710756620470 5.273642315812733 27
1710756878417 5.268186174009157 28
1710757135816 5.266407164542572 29
1710757393726 5.258690226337184 30
1710757650574 5.253346847451252 31
1710757907118 5.258420497179031 32
1710758164382 5.250967612733012 33
1710758421428 5.250341708245485 34
1710758677757 5.2474270864673285 35
1710758934272 5.240686832562737 36
1710759192639 5.241961703352306 37
1710759449707 5.232941628798194 38
1710759709946 5.232664161402246 39
1710759967014 5.215113884728888 40
1710760222856 5.20801312767941 41
1710760479507 5.20589338566946 42
1710760735893 5.203144790037818 43
1710760992369 5.186656500982202 44
1710761248809 5.182668516169423 45
1710761503616 5.172611388175384 46
1710761759852 5.175211139347242 47
1710762014918 5.1490656435489655 48
1710762270821 5.146432188541993 49
1710762526726 5.117873863033626 50
1710762782977 5.11894665075385 51
1710763038637 5.103278419245845 52
1710763294296 5.093866762907608 53
1710763550084 5.075131330801093 54
1710763804860 5.054953564768252 55
1710764059666 5.05024231257646 56
1710764315252 5.030350416898727 57
1710764570056 4.9926574398642005 58
1710764824579 5.004381427298421 59
1710765079698 4.993160085833591 60
1710765335335 4.978236569010693 61
1710765590753 4.944605741811835 62
1710765845310 4.923793806977894 63
1710766100814 4.912216888821644 64
1710766356168 4.897258010895356 65
1710766610542 4.8739313198172525 66
1710766865959 4.86855471652487 67
1710767120974 4.835662007979725 68
1710767377007 4.823793911415597 69
1710767631787 4.784437178269677 70
1710767886856 4.789849933074868 71
1710768142893 4.787120353916417 72
1710768399150 4.757793404485868 73
1710768657271 4.7365522838157155 74
1710768915531 4.7196126645026 75
1710769172981 4.701932372606319 76
1710769429696 4.668228657997173 77
1710769687051 4.654228538274765 78
1710769944875 4.630309331028358 79
1710770201807 4.6236807755801985 80
1710770458588 4.601151371131772 81
1710770715170 4.576672311710275 82
1710770971581 4.575664588290712 83
1710771229192 4.554868594459865 84
1710771486838 4.529573944599732 85
1710771744386 4.4941538708365485 86
1710772000938 4.496685994060143 87
1710772256515 4.443137091786965 88
1710772514113 4.444226270784503 89
1710772771941 4.421824038028717 90
1710773029992 4.415480745875317 91
1710773286355 4.360728887112244 92
1710773542598 4.358480925145357 93
1710773799772 4.357961236782696 94
1710774056681 4.342165109903916 95
1710774314409 4.308560028024342 96
1710774571392 4.2439059699359145 97
1710774827137 4.22267765454624 98
1710775083882 4.22630099369132 99
1710775340602 4.219745959276739 100
1710775597449 4.159291509052982 101
1710775854264 4.1661849177402 102
1710776110777 4.146928024680718 103
1710776367660 4.124271688901859 104
1710776623868 4.099878050710844 105
1710776880440 4.080215199486069 106
1710777136339 4.111834970505341 107
1710777392197 4.076315550052601 108
1710777649664 4.075964046561199 109
1710777907681 4.001349292371584 110
1710778165897 4.026464413041654 111
1710778422675 3.983258905618087 112
1710778680447 3.907841120077216 113
1710778938095 3.9553139008905576 114
1710779195729 3.9072967884333236 115
1710779453504 3.8846560081709987 116
1710779710456 3.9235999253780944 117
1710779966453 3.863899235492167 118
1710780222554 3.8658508664887883 119
1710780478960 3.841762122252713 120
1710780735284 3.8002223489077194 121
1710780992300 3.814555668960447 122
1710781250011 3.758980703094731 123
1710781506314 3.7298351604005564 124
1710781760545 3.7612552215223727 125
1710782017516 3.7146467061146446 126
1710782274910 3.7749077101116595 127
1710782530477 3.685300955305929 128
1710782787317 3.7085067085597827 129
1710783044977 3.661488124857778 130
1710783301993 3.6701124180918154 131
1710783558983 3.626632006272026 132
1710783816406 3.641867267048877 133
1710784074459 3.5875110243973523 134
1710784330336 3.588770085702772 135
1710784586590 3.5823941107677375 136
1710784842441 3.577348243283189 137
1710785098556 3.5751170781643493 138
1710785354412 3.50433911577515 139
1710785610202 3.4831483117912128 140
1710785866007 3.5222612042789874 141
1710786123014 3.491503991510557 142
1710786380448 3.4169411581495535 143
1710786637611 3.4213929001403893 144
1710786894792 3.456598669614481 145
1710787150858 3.4682170330830244 146
1710787407009 3.372743793803713 147
1710787663318 3.37102458982364 148
1710787921061 3.4068733719380004 149
1710788177526 3.3914724079811056 150
1710788433990 3.355083387830983 151
1710788690135 3.3280627908913987 152
1710788944333 3.331241374106511 153
1710789201053 3.2961776622611545 154
1710789458070 3.2765373315500175 155
1710789714912 3.301251691968545 156
1710789971349 3.274796009387659 157
1710790226875 3.239236849481645 158
1710790483483 3.2462019405287244 159
1710790740344 3.2112070360909337 160
1710790996061 3.25516911369303 161
1710791252358 3.2031969752000724 162
1710791509374 3.2605944690497024 163
1710791766495 3.2074201852083206 164
1710792023408 3.1805020807229956 165
1710792279737 3.14008537809486 166
1710792535379 3.174280854023021 167
1710792791115 3.130608302095662 168
1710793049337 3.0938487759102946 169
1710793306983 3.171573815138444 170
1710793564552 3.1285577202620716 171
1710793822171 3.127457558136919 172
1710794079696 3.1621746569871902 173
1710794336988 3.0997239432257153 174
1710794594300 3.0701532538818275 175
1710794852483 3.0860312292757244 176
1710795109649 3.1337583016442214 177
1710795366516 3.059070223051569 178
1710795623298 3.067271903157234 179
1710795880286 3.001472407385059 180
1710796137882 3.050173939570137 181
1710796396160 2.9818591336193294 182
1710796652938 3.011336128672828 183
1710796909452 2.9898382182354513 184
1710797166550 3.0974285359615865 185
1710797423231 2.9919459359801333 186
1710797680695 2.9680693100975906 187
1710797938746 2.970140478533247 188
1710798195875 2.9550327959915865 189
1710798452401 2.919932397811309 190
1710798709926 2.9977210258012232 191
1710798967726 2.913178436458111 192
1710799225175 2.929389884614426 193
1710799482151 2.938655465193417 194
1710799740150 2.9164298665912254 195
1710799998489 2.882481844528862 196
1710800254565 2.8881227179713873 197
1710800511976 2.9713400330232536 198
1710800768581 2.8920887938660123 199
1710801024679 2.88306944558154 200
1710801281438 2.909718746724336 201
1710801538008 2.9064332936768946 202
1710801794814 2.9289670528277107 203
1710802052578 2.8888872955804286 204
1710802309911 2.895722583260225 205
1710802567275 2.8460702782739764 206
1710802825751 2.799176322053308 207
1710803083533 2.895492929155412 208
1710803339867 2.8714707160125608 209
1710803596024 2.7956806194523107 210
1710803852011 2.811156080144903 211
1710804108768 2.8422837416115017 212
1710804364489 2.8385708115023114 213
1710804620434 2.738380789756775 214
1710804876467 2.884332141474537 215
1710805132892 2.7422672328741653 216
1710805389939 2.7724871586846267 217
1710805645893 2.7875414283379265 218
1710805902351 2.8541830233905627 219
1710806155354 2.767775021493435 220
1710806407780 2.7691756175911943 221
1710806661800 2.821192603396333 222
1710806915170 2.7348694969778475 223
1710807168936 2.802116931780525 224
1710807422634 2.767985966866431 225
1710807677821 2.768127852483936 226
1710807932780 2.790057914736478 227
1710808187071 2.7400037461648816 228
1710808441255 2.770726402492627 229
1710808695567 2.7544799278611722 230
1710808949627 2.7190397067562393 231
1710809203299 2.7318991121390592 232
1710809458415 2.7100028350301413 233
1710809713170 2.696459824948207 234
1710809967421 2.6723780321038286 235
1710810222249 2.7069288476005844 236
1710810477213 2.716152823165707 237
1710810732333 2.6919430617405022 238
1710810987938 2.647419070420058 239
1710811242468 2.761369879478994 240
1710811494749 2.6710170235322868 241
1710811748566 2.628643543176029 242
1710812006960 2.701669242395007 243
1710812265330 2.645750174379867 244
1710812521209 2.674213873627393 245
1710812776516 2.633717294296493 246
1710813031553 2.632283607578796 247
1710813286392 2.6626723045888157 248
1710813541295 2.6096237311544628 249
1710813796033 2.646930284150269 250
1710814049489 2.5942175618332364 251
1710814304098 2.6205157326615374 252
1710814559332 2.6587114590017693 253
1710814814315 2.6253447147167246 254
1710815069606 2.6049926274496578 255
1710815325288 2.6438950410355693 256
1710815580660 2.6659207204761715 257
1710815835848 2.5869519386602486 258
1710816092084 2.578271058914454 259
1710816347410 2.6097771635522014 260
1710816601489 2.5826963011337365 261
1710816856942 2.642363976525224 262
1710817112446 2.61616196418586 263
1710817368189 2.559881444858468 264
1710817623898 2.596024745994288 265
1710817879266 2.5372999611756075 266
1710818134656 2.637076212984064 267
1710818389182 2.605337155577929 268
1710818646113 2.5771144239798836 269
1710818902587 2.5875263547767764 270
1710819157308 2.5208637141015218 271
1710819412065 2.562390707757162 272
1710819667865 2.530651764377304 273
1710819922556 2.511567091812258 274
1710820178437 2.592625669811083 275
1710820434526 2.556048652400141 276
1710820689912 2.5466177703245827 277
1710820944865 2.496214495080969 278
1710821199790 2.53791730656572 279
1710821454938 2.528489430313525 280
1710821709653 2.50307327768077 281
1710821965024 2.509573977764534 282
1710822221385 2.509619256724482 283
1710822477643 2.470052624202293 284
1710822646150 2.5369531878310703 285
1710822809652 2.52096595906693 286
1710822973225 2.515924878742384 287
1710823136237 2.5313161789723067 288
1710823297819 2.522889319645322 289
1710823461785 2.515428992393224 290
1710823626194 2.466181909584481 291
1710823790058 2.5183745598339518 292
1710823953930 2.504674769614054 293
1710824117440 2.4727878871819247 294
1710824279606 2.446281835436821 295
1710824443942 2.448413426137489 296
1710824608282 2.505520261500193 297
1710824772028 2.484439493197462 298
1710824938123 2.4320121886937516 299
