1713927707610 0.0 0
1713928442780 1.0 1
1713929158671 2.0 2
1713929888846 3.0 3
1713930619540 4.0 4
1713931355934 5.0 5
1713932085266 6.0 6
1713932811877 7.0 7
1713933558136 8.0 8
1713934282169 9.0 9
1713935034778 10.0 10
1713935770367 11.0 11
1713936502518 12.0 12
1713937236303 13.0 13
1713937974592 14.0 14
1713938685380 15.0 15
1713939438003 16.0 16
1713940158653 17.0 17
1713940901394 18.0 18
1713941626882 19.0 19
1713942382648 20.0 20
1713943110821 21.0 21
1713943841691 22.0 22
1713944587598 23.0 23
1713945315041 24.0 24
1713946057893 25.0 25
1713946792030 26.0 26
1713947521290 27.0 27
1713948251415 28.0 28
1713948992254 29.0 29
1713949721317 30.0 30
1713950461741 31.0 31
1713951173791 32.0 32
1713951922977 33.0 33
1713952640857 34.0 34
1713953397767 35.0 35
1713954152780 36.0 36
1713954886426 37.0 37
1713955634418 38.0 38
1713956373230 39.0 39
1713957118700 40.0 40
1713957854707 41.0 41
1713958574514 42.0 42
1713959312324 43.0 43
1713960028474 44.0 44
1713960754830 45.0 45
1713961483988 46.0 46
1713962216946 47.0 47
1713962943656 48.0 48
1713963667172 49.0 49
1713964411254 50.0 50
1713965139360 51.0 51
1713965872648 52.0 52
1713966621061 53.0 53
1713967343494 54.0 54
1713968087467 55.0 55
1713968820749 56.0 56
1713969558114 57.0 57
1713970293680 58.0 58
1713971029530 59.0 59
1713971773016 60.0 60
1713972510000 61.0 61
1713973244420 62.0 62
1713973974623 63.0 63
1713974696624 64.0 64
1713975428942 65.0 65
1713976146505 66.0 66
1713976879847 67.0 67
1713977628007 68.0 68
1713978350437 69.0 69
1713979089764 70.0 70
1713979822975 71.0 71
1713980569378 72.0 72
1713981306959 73.0 73
1713982030144 74.0 74
1713982774029 75.0 75
1713983495354 76.0 76
1713984249996 77.0 77
1713984988907 78.0 78
1713985709029 79.0 79
1713986449060 80.0 80
1713987175606 81.0 81
1713987911480 82.0 82
1713988652715 83.0 83
1713989391198 84.0 84
1713990122103 85.0 85
1713990854982 86.0 86
1713991591419 87.0 87
1713992331270 88.0 88
1713993060221 89.0 89
1713993808335 90.0 90
1713994530901 91.0 91
1713995274887 92.0 92
1713996006697 93.0 93
1713996732821 94.0 94
1713997467831 95.0 95
1713998197021 96.0 96
1713998932085 97.0 97
1713999665067 98.0 98
1714000403333 99.0 99
1714001139395 100.0 100
1714001878480 101.0 101
1714002559481 102.0 102
1714003234097 103.0 103
1714003890829 104.0 104
1714004581119 105.0 105
1714005237291 106.0 106
1714005912142 107.0 107
1714006581521 108.0 108
1714007248222 109.0 109
1714007851406 110.0 110
1714008462664 111.0 111
1714009099432 112.0 112
1714009715023 113.0 113
1714010331461 114.0 114
1714010941165 115.0 115
1714011561081 116.0 116
1714012172128 117.0 117
1714012778670 118.0 118
1714013395012 119.0 119
1714014027435 120.0 120
1714014635575 121.0 121
1714015258597 122.0 122
1714015879693 123.0 123
1714016498906 124.0 124
1714017112411 125.0 125
1714017729339 126.0 126
1714018347603 127.0 127
1714018953639 128.0 128
1714019509875 129.0 129
1714020173096 130.0 130
1714020891009 131.0 131
1714021597284 132.0 132
1714022312343 133.0 133
1714023016983 134.0 134
1714023757299 135.0 135
1714024469703 136.0 136
1714025218727 137.0 137
1714025931595 138.0 138
1714026669917 139.0 139
1714027401100 140.0 140
1714028125440 141.0 141
1714028854060 142.0 142
1714029574863 143.0 143
1714030312912 144.0 144
1714031028039 145.0 145
1714031749119 146.0 146
1714032475897 147.0 147
1714033191275 148.0 148
1714033912028 149.0 149
1714034645301 150.0 150
1714035382585 151.0 151
1714036118292 152.0 152
1714036864757 153.0 153
1714037596637 154.0 154
1714038333954 155.0 155
1714039044379 156.0 156
1714039797225 157.0 157
1714040511099 158.0 158
1714041236657 159.0 159
1714041943558 160.0 160
1714042652161 161.0 161
1714043369366 162.0 162
1714044074112 163.0 163
1714044795345 164.0 164
1714045501214 165.0 165
1714046215610 166.0 166
1714046917320 167.0 167
1714047630468 168.0 168
1714048332657 169.0 169
1714049047194 170.0 170
1714049755106 171.0 171
1714050477743 172.0 172
1714051174633 173.0 173
1714051893492 174.0 174
1714052597682 175.0 175
1714053302880 176.0 176
1714054024667 177.0 177
1714054728606 178.0 178
1714055449916 179.0 179
1714056169402 180.0 180
1714056904785 181.0 181
1714057625337 182.0 182
1714058338906 183.0 183
1714059066109 184.0 184
1714059784387 185.0 185
1714060506735 186.0 186
1714061224428 187.0 187
1714061949070 188.0 188
1714062668646 189.0 189
1714063395686 190.0 190
1714064119204 191.0 191
1714064868688 192.0 192
1714065582164 193.0 193
1714066323792 194.0 194
1714067042058 195.0 195
1714067768903 196.0 196
1714068491124 197.0 197
1714069213880 198.0 198
1714069953429 199.0 199
1714070671146 200.0 200
1714071399279 201.0 201
1714072123026 202.0 202
1714072855806 203.0 203
1714073566980 204.0 204
1714074296249 205.0 205
1714075020636 206.0 206
1714075757921 207.0 207
1714076475480 208.0 208
1714077214447 209.0 209
1714077927966 210.0 210
1714078647921 211.0 211
1714079376504 212.0 212
1714080101631 213.0 213
1714080824424 214.0 214
1714081543430 215.0 215
1714082273733 216.0 216
1714083008136 217.0 217
1714083724567 218.0 218
1714084459532 219.0 219
1714085177787 220.0 220
1714085904367 221.0 221
1714086626233 222.0 222
1714087347267 223.0 223
1714088073677 224.0 224
1714088787517 225.0 225
1714089512442 226.0 226
1714090246326 227.0 227
1714090965156 228.0 228
1714091686764 229.0 229
1714092411817 230.0 230
1714093124470 231.0 231
1714093850816 232.0 232
1714094568844 233.0 233
1714095303724 234.0 234
1714096012896 235.0 235
1714096743266 236.0 236
1714097464070 237.0 237
1714098195564 238.0 238
1714098912835 239.0 239
1714099630295 240.0 240
1714100362826 241.0 241
1714101081652 242.0 242
1714101798895 243.0 243
1714102527094 244.0 244
1714103247620 245.0 245
1714103974335 246.0 246
1714104692810 247.0 247
1714105415959 248.0 248
1714106140391 249.0 249
1714106857533 250.0 250
1714107588726 251.0 251
1714108318395 252.0 252
1714109045440 253.0 253
1714109785539 254.0 254
1714110509636 255.0 255
1714111240556 256.0 256
1714111961272 257.0 257
1714112682884 258.0 258
1714113418662 259.0 259
1714114125931 260.0 260
1714114875486 261.0 261
1714115592715 262.0 262
1714116327755 263.0 263
1714117041366 264.0 264
1714117779662 265.0 265
1714118502097 266.0 266
1714119229934 267.0 267
1714119949827 268.0 268
1714120695374 269.0 269
1714121409895 270.0 270
1714122139816 271.0 271
1714122867515 272.0 272
1714123598422 273.0 273
1714124334459 274.0 274
1714125049955 275.0 275
1714125802266 276.0 276
1714126517392 277.0 277
1714127251638 278.0 278
1714127980839 279.0 279
1714128708395 280.0 280
1714129433987 281.0 281
1714130156357 282.0 282
1714130888755 283.0 283
1714131605526 284.0 284
1714132326736 285.0 285
1714133050311 286.0 286
1714133755532 287.0 287
1714134426737 288.0 288
1714135125995 289.0 289
1714135799781 290.0 290
1714136488952 291.0 291
1714137163203 292.0 292
1714137844127 293.0 293
1714138529229 294.0 294
1714139192815 295.0 295
1714139904125 296.0 296
1714140576134 297.0 297
1714141282623 298.0 298
1714141950078 299.0 299
1714142651714 300.0 300
1714143335209 301.0 301
1714144027063 302.0 302
1714144694251 303.0 303
1714145382973 304.0 304
1714146056265 305.0 305
1714146748257 306.0 306
1714147424868 307.0 307
1714148085280 308.0 308
1714148768595 309.0 309
1714149429022 310.0 310
1714150111032 311.0 311
1714150774560 312.0 312
1714151471664 313.0 313
1714152159391 314.0 314
1714152843307 315.0 315
1714153531171 316.0 316
1714154215738 317.0 317
1714154894374 318.0 318
1714155564399 319.0 319
1714156243035 320.0 320
1714156920200 321.0 321
1714157603605 322.0 322
1714158277120 323.0 323
1714158964657 324.0 324
1714159632240 325.0 325
1714160314650 326.0 326
1714160980613 327.0 327
1714161656046 328.0 328
1714162334698 329.0 329
1714163002634 330.0 330
1714163705945 331.0 331
1714164375807 332.0 332
1714165071169 333.0 333
1714165737406 334.0 334
1714166445683 335.0 335
1714167136318 336.0 336
1714167832944 337.0 337
1714168501529 338.0 338
1714169188187 339.0 339
1714169859763 340.0 340
1714170552608 341.0 341
1714171217169 342.0 342
1714171903016 343.0 343
1714172588308 344.0 344
1714173261853 345.0 345
1714173938605 346.0 346
1714174598844 347.0 347
1714175280455 348.0 348
1714175963850 349.0 349
