1713927707611 7095944.0 0
1713928442781 7095944.0 1
1713929158673 7095944.0 2
1713929888847 7095944.0 3
1713930619542 7095944.0 4
1713931355936 7095944.0 5
1713932085268 7095944.0 6
1713932811879 7095944.0 7
1713933558138 7095944.0 8
1713934282171 7095944.0 9
1713935034780 7095944.0 10
1713935770368 7095944.0 11
1713936502519 7095944.0 12
1713937236304 7095944.0 13
1713937974594 7095944.0 14
1713938685381 7095944.0 15
1713939438004 7095944.0 16
1713940158654 7095944.0 17
1713940901395 7095944.0 18
1713941626884 7095944.0 19
1713942382649 7095944.0 20
1713943110823 7095944.0 21
1713943841692 7095944.0 22
1713944587600 7095944.0 23
1713945315043 7095944.0 24
1713946057894 7095944.0 25
1713946792032 7095944.0 26
1713947521292 7095944.0 27
1713948251417 7095944.0 28
1713948992255 7095944.0 29
1713949721318 7095944.0 30
1713950461742 7095944.0 31
1713951173792 7095944.0 32
1713951922979 7095944.0 33
1713952640859 7095944.0 34
1713953397768 7095944.0 35
1713954152781 7095944.0 36
1713954886427 7095944.0 37
1713955634420 7095944.0 38
1713956373231 7095944.0 39
1713957118702 7095944.0 40
1713957854708 7095944.0 41
1713958574515 7095944.0 42
1713959312326 7095944.0 43
1713960028475 7095944.0 44
1713960754831 7095944.0 45
1713961483989 7095944.0 46
1713962216948 7095944.0 47
1713962943658 7095944.0 48
1713963667174 7095944.0 49
1713964411256 7095944.0 50
1713965139361 7095944.0 51
1713965872649 7095944.0 52
1713966621063 7095944.0 53
1713967343496 7095944.0 54
1713968087468 7095944.0 55
1713968820750 7095944.0 56
1713969558116 7095944.0 57
1713970293681 7095944.0 58
1713971029532 7095944.0 59
1713971773018 7095944.0 60
1713972510001 7095944.0 61
1713973244422 7095944.0 62
1713973974625 7095944.0 63
1713974696625 7095944.0 64
1713975428944 7095944.0 65
1713976146507 7095944.0 66
1713976879849 7095944.0 67
1713977628008 7095944.0 68
1713978350439 7095944.0 69
1713979089766 7095944.0 70
1713979822977 7095944.0 71
1713980569380 7095944.0 72
1713981306960 7095944.0 73
1713982030145 7095944.0 74
1713982774030 7095944.0 75
1713983495356 7095944.0 76
1713984249998 7095944.0 77
1713984988908 7095944.0 78
1713985709030 7095944.0 79
1713986449062 7095944.0 80
1713987175607 7095944.0 81
1713987911482 7095944.0 82
1713988652717 7095944.0 83
1713989391199 7095944.0 84
1713990122104 7095944.0 85
1713990854984 7095944.0 86
1713991591420 7095944.0 87
1713992331271 7095944.0 88
1713993060222 7095944.0 89
1713993808336 7095944.0 90
1713994530903 7095944.0 91
1713995274888 7095944.0 92
1713996006698 7095944.0 93
1713996732822 7095944.0 94
1713997467833 7095944.0 95
1713998197022 7095944.0 96
1713998932086 7095944.0 97
1713999665068 7095944.0 98
1714000403335 7095944.0 99
1714001139396 7095944.0 100
1714001878481 7095944.0 101
1714002559483 7095944.0 102
1714003234099 7095944.0 103
1714003890830 7095944.0 104
1714004581121 7095944.0 105
1714005237293 7095944.0 106
1714005912144 7095944.0 107
1714006581523 7095944.0 108
1714007248224 7095944.0 109
1714007851408 7095944.0 110
1714008462666 7095944.0 111
1714009099433 7095944.0 112
1714009715025 7095944.0 113
1714010331462 7095944.0 114
1714010941166 7095944.0 115
1714011561082 7095944.0 116
1714012172129 7095944.0 117
1714012778671 7095944.0 118
1714013395013 7095944.0 119
1714014027436 7095944.0 120
1714014635577 7095944.0 121
1714015258598 7095944.0 122
1714015879694 7095944.0 123
1714016498907 7095944.0 124
1714017112412 7095944.0 125
1714017729340 7095944.0 126
1714018347604 7095944.0 127
1714018953640 7095944.0 128
1714019509877 7095944.0 129
1714020173097 7095944.0 130
1714020891010 7095944.0 131
1714021597286 7095944.0 132
1714022312344 7095944.0 133
1714023016985 7095944.0 134
1714023757300 7095944.0 135
1714024469704 7095944.0 136
1714025218729 7095944.0 137
1714025931596 7095944.0 138
1714026669918 7095944.0 139
1714027401102 7095944.0 140
1714028125442 7095944.0 141
1714028854062 7095944.0 142
1714029574865 7095944.0 143
1714030312914 7095944.0 144
1714031028041 7095944.0 145
1714031749120 7095944.0 146
1714032475898 7095944.0 147
1714033191276 7095944.0 148
1714033912030 7095944.0 149
1714034645302 7095944.0 150
1714035382586 7095944.0 151
1714036118293 7095944.0 152
1714036864759 7095944.0 153
1714037596639 7095944.0 154
1714038333956 7095944.0 155
1714039044381 7095944.0 156
1714039797226 7095944.0 157
1714040511101 7095944.0 158
1714041236658 7095944.0 159
1714041943559 7095944.0 160
1714042652162 7095944.0 161
1714043369368 7095944.0 162
1714044074113 7095944.0 163
1714044795346 7095944.0 164
1714045501215 7095944.0 165
1714046215612 7095944.0 166
1714046917322 7095944.0 167
1714047630469 7095944.0 168
1714048332658 7095944.0 169
1714049047195 7095944.0 170
1714049755108 7095944.0 171
1714050477745 7095944.0 172
1714051174635 7095944.0 173
1714051893494 7095944.0 174
1714052597684 7095944.0 175
1714053302881 7095944.0 176
1714054024668 7095944.0 177
1714054728608 7095944.0 178
1714055449917 7095944.0 179
1714056169404 7095944.0 180
1714056904786 7095944.0 181
1714057625339 7095944.0 182
1714058338908 7095944.0 183
1714059066111 7095944.0 184
1714059784388 7095944.0 185
1714060506736 7095944.0 186
1714061224430 7095944.0 187
1714061949071 7095944.0 188
1714062668648 7095944.0 189
1714063395687 7095944.0 190
1714064119206 7095944.0 191
1714064868689 7095944.0 192
1714065582165 7095944.0 193
1714066323794 7095944.0 194
1714067042060 7095944.0 195
1714067768904 7095944.0 196
1714068491125 7095944.0 197
1714069213882 7095944.0 198
1714069953430 7095944.0 199
1714070671148 7095944.0 200
1714071399280 7095944.0 201
1714072123028 7095944.0 202
1714072855808 7095944.0 203
1714073566981 7095944.0 204
1714074296250 7095944.0 205
1714075020637 7095944.0 206
1714075757922 7095944.0 207
1714076475481 7095944.0 208
1714077214449 7095944.0 209
1714077927967 7095944.0 210
1714078647923 7095944.0 211
1714079376506 7095944.0 212
1714080101632 7095944.0 213
1714080824426 7095944.0 214
1714081543431 7095944.0 215
1714082273735 7095944.0 216
1714083008137 7095944.0 217
1714083724568 7095944.0 218
1714084459534 7095944.0 219
1714085177789 7095944.0 220
1714085904369 7095944.0 221
1714086626235 7095944.0 222
1714087347269 7095944.0 223
1714088073678 7095944.0 224
1714088787518 7095944.0 225
1714089512444 7095944.0 226
1714090246328 7095944.0 227
1714090965157 7095944.0 228
1714091686766 7095944.0 229
1714092411819 7095944.0 230
1714093124471 7095944.0 231
1714093850817 7095944.0 232
1714094568846 7095944.0 233
1714095303725 7095944.0 234
1714096012897 7095944.0 235
1714096743268 7095944.0 236
1714097464071 7095944.0 237
1714098195566 7095944.0 238
1714098912837 7095944.0 239
1714099630296 7095944.0 240
1714100362827 7095944.0 241
1714101081654 7095944.0 242
1714101798897 7095944.0 243
1714102527096 7095944.0 244
1714103247622 7095944.0 245
1714103974336 7095944.0 246
1714104692811 7095944.0 247
1714105415960 7095944.0 248
1714106140392 7095944.0 249
1714106857535 7095944.0 250
1714107588727 7095944.0 251
1714108318397 7095944.0 252
1714109045442 7095944.0 253
1714109785540 7095944.0 254
1714110509638 7095944.0 255
1714111240557 7095944.0 256
1714111961273 7095944.0 257
1714112682885 7095944.0 258
1714113418663 7095944.0 259
1714114125932 7095944.0 260
1714114875488 7095944.0 261
1714115592716 7095944.0 262
1714116327757 7095944.0 263
1714117041367 7095944.0 264
1714117779664 7095944.0 265
1714118502099 7095944.0 266
1714119229935 7095944.0 267
1714119949828 7095944.0 268
1714120695376 7095944.0 269
1714121409896 7095944.0 270
1714122139818 7095944.0 271
1714122867516 7095944.0 272
1714123598423 7095944.0 273
1714124334460 7095944.0 274
1714125049956 7095944.0 275
1714125802267 7095944.0 276
1714126517393 7095944.0 277
1714127251640 7095944.0 278
1714127980841 7095944.0 279
1714128708396 7095944.0 280
1714129433988 7095944.0 281
1714130156359 7095944.0 282
1714130888756 7095944.0 283
1714131605527 7095944.0 284
1714132326738 7095944.0 285
1714133050313 7095944.0 286
1714133755533 7095944.0 287
1714134426738 7095944.0 288
1714135125996 7095944.0 289
1714135799782 7095944.0 290
1714136488953 7095944.0 291
1714137163205 7095944.0 292
1714137844129 7095944.0 293
1714138529230 7095944.0 294
1714139192816 7095944.0 295
1714139904126 7095944.0 296
1714140576135 7095944.0 297
1714141282625 7095944.0 298
1714141950079 7095944.0 299
1714142651715 7095944.0 300
1714143335211 7095944.0 301
1714144027065 7095944.0 302
1714144694253 7095944.0 303
1714145382975 7095944.0 304
1714146056266 7095944.0 305
1714146748258 7095944.0 306
1714147424869 7095944.0 307
1714148085282 7095944.0 308
1714148768596 7095944.0 309
1714149429024 7095944.0 310
1714150111033 7095944.0 311
1714150774562 7095944.0 312
1714151471666 7095944.0 313
1714152159393 7095944.0 314
1714152843308 7095944.0 315
1714153531173 7095944.0 316
1714154215740 7095944.0 317
1714154894376 7095944.0 318
1714155564400 7095944.0 319
1714156243037 7095944.0 320
1714156920202 7095944.0 321
1714157603607 7095944.0 322
1714158277122 7095944.0 323
1714158964658 7095944.0 324
1714159632241 7095944.0 325
1714160314651 7095944.0 326
1714160980614 7095944.0 327
1714161656048 7095944.0 328
1714162334699 7095944.0 329
1714163002636 7095944.0 330
1714163705946 7095944.0 331
1714164375808 7095944.0 332
1714165071171 7095944.0 333
1714165737407 7095944.0 334
1714166445684 7095944.0 335
1714167136319 7095944.0 336
1714167832945 7095944.0 337
1714168501530 7095944.0 338
1714169188188 7095944.0 339
1714169859765 7095944.0 340
1714170552609 7095944.0 341
1714171217170 7095944.0 342
1714171903017 7095944.0 343
1714172588309 7095944.0 344
1714173261855 7095944.0 345
1714173938606 7095944.0 346
1714174598845 7095944.0 347
1714175280457 7095944.0 348
1714175963851 7095944.0 349
