1713927707606 9.999999999999821e-06 0
1713928442768 9.999999999999821e-06 1
1713929158658 8.001562500000023e-06 2
1713929888832 6.003125000000018e-06 3
1713930619528 4.004687499999941e-06 4
1713931355923 2.0062500000000102e-06 5
1713932085253 1.284323395960249e-08 6
1713932811866 1.5056221881001066e-08 7
1713933558123 1.7671149766564087e-08 8
1713934282163 2.0687806937676157e-08 9
1713935034764 2.4105950349332582e-08 10
1713935770355 2.7925304609722768e-08 11
1713936502512 3.21455620024191e-08 12
1713937236291 3.676638251116694e-08 13
1713937974579 4.178739384727485e-08 14
1713938685371 4.7208191479620554e-08 15
1713939437990 5.3028338667229953e-08 16
1713940158647 5.924736649448051e-08 17
1713940901382 6.586477390885416e-08 18
1713941626873 7.288002776133852e-08 19
1713942382640 8.029256284935911e-08 20
1713943110808 8.810178196231198e-08 21
1713943841681 9.630705592971541e-08 22
1713944587587 1.0490772367184719e-07 23
1713945315035 1.1390309225305615e-07 24
1713946057886 1.232924369375615e-07 25
1713946792019 1.3307500124784115e-07 26
1713947521278 1.4324999702560528e-07 27
1713948251403 1.5381660449526022e-07 28
1713948992242 1.6477397233000038e-07 29
1713949721308 1.761212177203559e-07 30
1713950461734 1.8785742644532728e-07 31
1713951173779 1.999816529460669e-07 32
1713951922968 2.124929204020389e-07 33
1713952640846 2.2539022080972905e-07 34
1713953397759 2.3867251506382734e-07 35
1713954152767 2.523387330410053e-07 36
1713954886420 2.663877736860865e-07 37
1713955634406 2.8081850510074475e-07 38
1713956373224 2.956297646347648e-07 39
1713957118688 3.1082035897963723e-07 40
1713957854697 3.263890642647546e-07 41
1713958574508 3.42334626155983e-07 42
1713959312311 3.5865575995674667e-07 43
1713960028462 3.753511507115088e-07 44
1713960754818 3.9241945331175147e-07 45
1713961483979 4.0985929260427454e-07 46
1713962216935 4.2766926350209375e-07 47
1713962943643 4.458479310975325e-07 48
1713963667161 4.643938307779415e-07 49
1713964411242 4.833054683436e-07 50
1713965139353 5.025813201281461e-07 51
1713965872639 5.222198331213576e-07 52
1713966621049 5.422194250942195e-07 53
1713967343482 5.625784847264422e-07 54
1713968087461 5.832953717362601e-07 55
1713968820735 6.043684170126315e-07 56
1713969558104 6.25795922749609e-07 57
1713970293674 6.475761625832424e-07 58
1713971029518 6.697073817306265e-07 59
1713971773003 6.921877971312471e-07 60
1713972509991 7.150155975906827e-07 61
1713973244406 7.381889439264962e-07 62
1713973974610 7.617059691164555e-07 63
1713974696617 7.855647784489317e-07 64
1713975428929 8.097634496754816e-07 65
1713976146492 8.343000331658489e-07 66
1713976879834 8.591725520649488e-07 67
1713977628000 8.843790024522151e-07 68
1713978350425 9.099173535029469e-07 69
1713979089752 9.357855476519781e-07 70
1713979822962 9.61981500759528e-07 71
1713980569366 9.885031022789737e-07 72
1713981306951 1.0153482154270206e-06 73
1713982030137 1.0425146773556996e-06 74
1713982774023 1.0700002993268283e-06 75
1713983495341 1.0978028668882402e-06 76
1713984249984 1.1259201400521134e-06 77
1713984988893 1.1543498534756567e-06 78
1713985709023 1.183089716643375e-06 79
1713986449048 1.2121374140518168e-06 80
1713987175592 1.2414906053960396e-06 81
1713987911470 1.2711469257581026e-06 82
1713988652707 1.3011039857978081e-06 83
1713989391184 1.3313593719448883e-06 84
1713990122097 1.361910646593795e-06 85
1713990854974 1.3927553482998694e-06 86
1713991591413 1.423890991977668e-06 87
1713992331263 1.4553150691013864e-06 88
1713993060210 1.4870250479066385e-06 89
1713993808323 1.519018373594704e-06 90
1713994530889 1.5512924685382753e-06 91
1713995274875 1.5838447324891112e-06 92
1713996006692 1.6166725427874607e-06 93
1713996732808 1.6497732545735747e-06 94
1713997467824 1.6831442010006695e-06 95
1713998197008 1.71678269344966e-06 96
1713998932074 1.7506860217459527e-06 97
1713999665062 1.7848514543778886e-06 98
1714000403320 1.819276238716493e-06 99
1714001139383 1.853957601237529e-06 100
1714001878467 1.8888927477448711e-06 101
1714002559469 1.9240788635954803e-06 102
1714003234084 1.9595131139264517e-06 103
1714003890823 1.9951926438831874e-06 104
1714004581106 2.0311145788496012e-06 105
1714005237276 2.0672760246793826e-06 106
1714005912131 2.1036740679296203e-06 107
1714006581508 2.140305776095218e-06 108
1714007248210 2.1771681978451003e-06 109
1714007851393 2.2142583632604177e-06 110
1714008462653 2.251573284073257e-06 111
1714009099426 2.289109953907954e-06 112
1714009715011 2.3268653485228656e-06 113
1714010331455 2.364836426054272e-06 114
1714010941158 2.4030201272614036e-06 115
1714011561074 2.441413375772807e-06 116
1714012172122 2.4800130783344384e-06 117
1714012778664 2.518816125058557e-06 118
1714013395005 2.5578193896746264e-06 119
1714014027429 2.597019729780923e-06 120
1714014635562 2.6364139870977704e-06 121
1714015258584 2.6759989877222965e-06 122
1714015879686 2.715771542383501e-06 123
1714016498892 2.75572844669994e-06 124
1714017112397 2.795866481437264e-06 125
1714017729333 2.8361824127680854e-06 126
1714018347597 2.876672992532308e-06 127
1714018953635 2.917334958498574e-06 128
1714019509862 2.958165034627653e-06 129
1714020173083 2.9991599313358355e-06 130
1714020891003 3.040316345760265e-06 131
1714021597271 3.0816309620250825e-06 132
1714022312331 3.123100451508454e-06 133
1714023016974 3.1647214731105363e-06 134
1714023757293 3.2064906735232127e-06 135
1714024469689 3.2484046874998806e-06 136
1714025218715 3.2904601381263965e-06 137
1714025931581 3.332653637093789e-06 138
1714026669909 3.3749817849705603e-06 139
1714027401086 3.4174411714768737e-06 140
1714028125429 3.460028375759508e-06 141
1714028854047 3.5027399666671815e-06 142
1714029574850 3.5455725030269156e-06 143
1714030312900 3.5885225339215913e-06 144
1714031028026 3.631586598967776e-06 145
1714031749111 3.6747612285945827e-06 146
1714032475891 3.71804294432334e-06 147
1714033191266 3.761428259047423e-06 148
1714033912011 3.804913677313691e-06 149
1714034645297 3.848495695603824e-06 150
1714035382578 3.89217080261666e-06 151
1714036118285 3.935935479551085e-06 152
1714036864744 3.979786200389532e-06 153
1714037596627 4.023719432182257e-06 154
1714038333942 4.067731635331412e-06 155
1714039044366 4.111819263877116e-06 156
1714039797212 4.155978765782145e-06 157
1714040511087 4.200206583219059e-06 158
1714041236647 4.244499152855939e-06 159
1714041943545 4.288852906144444e-06 160
1714042652148 4.333264269606259e-06 161
1714043369352 4.37772966512204e-06 162
1714044074107 4.422245510218946e-06 163
1714044795339 4.466808218359582e-06 164
1714045501207 4.5114141992308115e-06 165
1714046215598 4.556059859033266e-06 166
1714046917309 4.6007416007707195e-06 167
1714047630461 4.645455824539771e-06 168
1714048332646 4.690198927820307e-06 169
1714049047187 4.734967305765165e-06 170
1714049755094 4.779757351490907e-06 171
1714050477731 4.82456545636854e-06 172
1714051174623 4.869388010314114e-06 173
1714051893479 4.91422140207901e-06 174
1714052597670 4.959062019542291e-06 175
1714053302867 5.0039062499999366e-06 176
1714054024659 5.048750480457838e-06 177
1714054728594 5.093591097920917e-06 178
1714055449912 5.138424489686014e-06 179
1714056169389 5.183247043631394e-06 180
1714056904779 5.228055148508962e-06 181
1714057625324 5.2728451942347425e-06 182
1714058338900 5.317613572179605e-06 183
1714059066096 5.3623566754601025e-06 184
1714059784374 5.407070899229348e-06 185
1714060506723 5.451752640966872e-06 186
1714061224416 5.496398300769295e-06 187
1714061949061 5.541004281640525e-06 188
1714062668640 5.58556698978099e-06 189
1714063395673 5.630082834877855e-06 190
1714064119191 5.674548230393643e-06 191
1714064868674 5.7189595938555e-06 192
1714065582157 5.7633133471440115e-06 193
1714066323779 5.8076059167808915e-06 194
1714067042052 5.851833734217767e-06 195
1714067768896 5.89599323612287e-06 196
1714068491117 5.940080864668543e-06 197
1714069213874 5.98409306781781e-06 198
1714069953421 6.028026299610372e-06 199
1714070671136 6.07187702044887e-06 200
1714071399267 6.115641697383337e-06 201
1714072123013 6.159316804396107e-06 202
1714072855793 6.2028988226862116e-06 203
1714073566973 6.246384240952474e-06 204
1714074296244 6.2897695556766016e-06 205
1714075020629 6.333051271405383e-06 206
1714075757908 6.376225901032304e-06 207
1714076475468 6.419289966078549e-06 208
1714077214433 6.462239996973213e-06 209
1714077927953 6.505072533332951e-06 210
1714078647909 6.547784124240408e-06 211
1714079376494 6.590371328523112e-06 212
1714080101624 6.632830715029487e-06 213
1714080824412 6.675158862906254e-06 214
1714081543418 6.71735236187361e-06 215
1714082273722 6.759407812500188e-06 216
1714083008129 6.801321826476779e-06 217
1714083724554 6.843091026889452e-06 218
1714084459522 6.884712048491675e-06 219
1714085177775 6.926181537974805e-06 220
1714085904354 6.967496154239634e-06 221
1714086626220 7.008652568664218e-06 222
1714087347254 7.049647465372391e-06 223
1714088073671 7.090477541501464e-06 224
1714088787506 7.1311395074677075e-06 225
1714089512430 7.171630087231799e-06 226
1714090246320 7.211946018562744e-06 227
1714090965145 7.252084053300043e-06 228
1714091686753 7.292040957616522e-06 229
1714092411804 7.331813512277691e-06 230
1714093124458 7.371398512902285e-06 231
1714093850809 7.410792770219196e-06 232
1714094568834 7.4499931103253975e-06 233
1714095303710 7.488996374941459e-06 234
1714096012889 7.527799421665453e-06 235
1714096743254 7.566399124227225e-06 236
1714097464060 7.604792372738489e-06 237
1714098195554 7.642976073945753e-06 238
1714098912822 7.680947151477158e-06 239
1714099630289 7.718702546091941e-06 240
1714100362814 7.756239215926781e-06 241
1714101081639 7.793554136739607e-06 242
1714101798883 7.830644302154789e-06 243
1714102527083 7.867506723904908e-06 244
1714103247607 7.904138432070282e-06 245
1714103974323 7.940536475320507e-06 246
1714104692804 7.976697921150381e-06 247
1714105415953 8.012619856116851e-06 248
1714106140378 8.048299386073526e-06 249
1714106857520 8.08373363640439e-06 250
1714107588712 8.11891975225514e-06 251
1714108318383 8.153854898762368e-06 252
1714109045428 8.188536261283547e-06 253
1714109785532 8.22296104562201e-06 254
1714110509624 8.257126478254093e-06 255
1714111240546 8.291029806550346e-06 256
1714111961261 8.3246682989992e-06 257
1714112682872 8.358039245426343e-06 258
1714113418655 8.391139957212457e-06 259
1714114125921 8.42396776751089e-06 260
1714114875475 8.45652003146184e-06 261
1714115592709 8.488794126405326e-06 262
1714116327743 8.520787452093437e-06 263
1714117041360 8.552497430898713e-06 264
1714117779651 8.583921508022227e-06 265
1714118502086 8.615057151700068e-06 266
1714119229925 8.645901853406087e-06 267
1714119949815 8.676453128055053e-06 268
1714120695361 8.706708514202053e-06 269
1714121409890 8.736665574241999e-06 270
1714122139804 8.766321894604117e-06 271
1714122867503 8.795675085948102e-06 272
1714123598417 8.82472278335671e-06 273
1714124334452 8.853462646524272e-06 274
1714125049947 8.881892359947786e-06 275
1714125802259 8.910009633111814e-06 276
1714126517385 8.937812200673307e-06 277
1714127251628 8.965297822644433e-06 278
1714127980826 8.992464284572859e-06 279
1714128708388 9.019309397720905e-06 280
1714129433981 9.045830999240591e-06 281
1714130156348 9.072026952348052e-06 282
1714130888743 9.09789514649711e-06 283
1714131605510 9.123433497547717e-06 284
1714132326724 9.148639947935172e-06 285
1714133050299 9.173512466834081e-06 286
1714133755526 9.19804905032457e-06 287
1714134426731 9.22224772155112e-06 288
1714135125989 9.2461065308834e-06 289
1714135799776 9.269623556073413e-06 290
1714136488946 9.292796902409433e-06 291
1714137163192 9.315624702868668e-06 292
1714137844121 9.338105118269354e-06 293
1714138529221 9.360236337416634e-06 294
1714139192802 9.382016577250463e-06 295
1714139904119 9.403444082987286e-06 296
1714140576128 9.424517128263837e-06 297
1714141282610 9.445234015273588e-06 298
1714141950067 9.465593074905951e-06 299
1714142651701 9.485592666878525e-06 300
1714143335197 9.505231179871991e-06 301
1714144027052 9.524507031656524e-06 302
1714144694239 9.543418669222202e-06 303
1714145382961 9.561964568902353e-06 304
1714146056258 9.58014323649785e-06 305
1714146748251 9.597953207395848e-06 306
1714147424862 9.615393046688226e-06 307
1714148085268 9.632461349288501e-06 308
1714148768590 9.649156740043281e-06 309
1714149429009 9.665477873843876e-06 310
1714150111021 9.681423435735344e-06 311
1714150774549 9.69699214102039e-06 312
1714151471658 9.712182735365284e-06 313
1714152159383 9.726993994899244e-06 314
1714152843300 9.741424726313807e-06 315
1714153531158 9.755473766959002e-06 316
1714154215725 9.769139984936353e-06 317
1714154894361 9.782422279190404e-06 318
1714155564393 9.795319579597969e-06 319
1714156243021 9.807830847054004e-06 320
1714156920194 9.819955073554597e-06 321
1714157603592 9.831691282279715e-06 322
1714158277108 9.843038527669831e-06 323
1714158964644 9.853995895504725e-06 324
1714159632233 9.864562502974576e-06 325
1714160314644 9.874737498752164e-06 326
1714160980601 9.88452006306263e-06 327
1714161656035 9.893909407746787e-06 328
1714162334693 9.902904776328292e-06 329
1714163002622 9.91150544407011e-06 330
1714163705939 9.919710718037783e-06 331
1714164375795 9.927519937150532e-06 332
1714165071157 9.93493247223877e-06 333
1714165737401 9.941947726091254e-06 334
1714166445677 9.94856513350539e-06 335
1714167136312 9.954784161332656e-06 336
1714167832938 9.960604308520531e-06 337
1714168501523 9.966025106152597e-06 338
1714169188181 9.971046117488643e-06 339
1714169859751 9.975666937997622e-06 340
1714170552602 9.979887195390304e-06 341
1714171217164 9.983706549650481e-06 342
1714171903008 9.987124693062446e-06 343
1714172588295 9.990141350233309e-06 344
1714173261842 9.992756278118818e-06 345
1714173938597 9.994969266040205e-06 346
1714174598838 9.996780135702482e-06 347
1714175280442 9.998188741207349e-06 348
1714175963838 9.999194969067279e-06 349
