1713927707607 5.317966575855794 0
1713928442773 5.311693742223408 1
1713929158663 5.304231036616408 2
1713929888836 5.29847554149835 3
1713930619532 5.297662194008413 4
1713931355927 5.291201608984367 5
1713932085258 5.283181968590488 6
1713932811870 5.278280048266701 7
1713933558128 5.279951912553414 8
1713934282165 5.27897235751152 9
1713935034769 5.278993012464565 10
1713935770359 5.283000822948373 11
1713936502514 5.279126421912856 12
1713937236296 5.281075871509055 13
1713937974583 5.278378254045611 14
1713938685374 5.277330409573472 15
1713939437994 5.280964218403982 16
1713940158649 5.277500511511512 17
1713940901386 5.2773194390794504 18
1713941626876 5.278440520167351 19
1713942382642 5.2805783029483715 20
1713943110812 5.277131585323292 21
1713943841684 5.2743783593177795 22
1713944587591 5.274917025281035 23
1713945315037 5.275643465959507 24
1713946057888 5.274366353516993 25
1713946792023 5.275963821488878 26
1713947521283 5.276441717277402 27
1713948251409 5.270062375327815 28
1713948992245 5.275296989990317 29
1713949721311 5.267885418041892 30
1713950461736 5.274410968889361 31
1713951173783 5.267022548810296 32
1713951922971 5.269481859777285 33
1713952640850 5.265473286094873 34
1713953397761 5.264784119699312 35
1713954152772 5.264929372331371 36
1713954886422 5.260497767640197 37
1713955634411 5.266495975463287 38
1713956373226 5.2667616975048315 39
1713957118692 5.261972001713255 40
1713957854700 5.256653462415156 41
1713958574509 5.2550315014694045 42
1713959312316 5.250835813905882 43
1713960028466 5.253083540045696 44
1713960754823 5.248906573523646 45
1713961483981 5.246996311389881 46
1713962216940 5.251769803788351 47
1713962943647 5.243353872843411 48
1713963667165 5.240793402428213 49
1713964411246 5.239197169956953 50
1713965139355 5.234097142582354 51
1713965872642 5.234922276242919 52
1713966621054 5.226588698185009 53
1713967343487 5.228377751034239 54
1713968087463 5.214227081640907 55
1713968820740 5.216885586147723 56
1713969558107 5.217353305738905 57
1713970293676 5.209918230772018 58
1713971029522 5.21043723627277 59
1713971773007 5.210331945963528 60
1713972509994 5.209997265235238 61
1713973244411 5.207652192400849 62
1713973974615 5.19870031527851 63
1713974696619 5.196115264426107 64
1713975428934 5.188112074266309 65
1713976146498 5.191217375190361 66
1713976879839 5.184647724032402 67
1713977628002 5.176980332187984 68
1713978350430 5.177589029721592 69
1713979089756 5.171977225853049 70
1713979822967 5.177520850430364 71
1713980569371 5.166147240478059 72
1713981306954 5.174944821907126 73
1713982030139 5.14560016406619 74
1713982774025 5.151161554714908 75
1713983495345 5.154582356629164 76
1713984249989 5.1402086349933045 77
1713984988897 5.148104665719944 78
1713985709025 5.138561540971631 79
1713986449052 5.140966527487921 80
1713987175596 5.13510583470697 81
1713987911473 5.124309627906136 82
1713988652710 5.107807372575221 83
1713989391189 5.116919766949571 84
1713990122099 5.102137380967969 85
1713990854977 5.108407895850099 86
1713991591415 5.102084854374761 87
1713992331266 5.098823850893456 88
1713993060213 5.100445525153823 89
1713993808327 5.100854657266451 90
1713994530894 5.087124458473662 91
1713995274879 5.071867383044699 92
1713996006693 5.074979240479677 93
1713996732813 5.062191854676475 94
1713997467826 5.054126590490341 95
1713998197013 5.0575001894131955 96
1713998932077 5.040994477660759 97
1713999665064 5.039734531679879 98
1714000403325 5.039116510878438 99
1714001139387 5.039229555622391 100
1714001878472 5.016805700633837 101
1714002559473 5.02688276897306 102
1714003234088 5.032392609378566 103
1714003890825 5.010618357554726 104
1714004581110 5.008289293750472 105
1714005237282 4.998526151089565 106
1714005912135 5.004317660694537 107
1714006581512 4.9861372501953785 108
1714007248214 4.997965074751688 109
1714007851397 4.972882823451705 110
1714008462658 4.980998264058776 111
1714009099428 4.986357008633406 112
1714009715015 4.956135664621125 113
1714010331457 4.957889481083207 114
1714010941161 4.933475944982923 115
1714011561076 4.958559182674988 116
1714012172124 4.9328570129430815 117
1714012778666 4.936658491906912 118
1714013395007 4.943370342902515 119
1714014027431 4.901984454497047 120
1714014635566 4.924964734069679 121
1714015258588 4.928066460010798 122
1714015879688 4.917833264755166 123
1714016498898 4.901274925988654 124
1714017112401 4.8845310823425 125
1714017729335 4.898910490391047 126
1714018347599 4.894132428843042 127
1714018953636 4.853579354998858 128
1714019509867 4.864431042386138 129
1714020173088 4.866919590727143 130
1714020891005 4.849690880788409 131
1714021597276 4.841767469502014 132
1714022312335 4.8294327719056085 133
1714023016977 4.836721830717895 134
1714023757295 4.823245991183364 135
1714024469694 4.800122955247112 136
1714025218720 4.823032684948133 137
1714025931585 4.8048429686738094 138
1714026669912 4.801729361648145 139
1714027401091 4.788574362902538 140
1714028125434 4.7775245532393456 141
1714028854050 4.7612167836531345 142
1714029574854 4.783850259107092 143
1714030312904 4.741671520730724 144
1714031028030 4.777013322257477 145
1714031749113 4.747148166532102 146
1714032475893 4.766632405636103 147
1714033191268 4.725781133641368 148
1714033912019 4.733787316666997 149
1714034645299 4.7267271714366 150
1714035382580 4.717440973157468 151
1714036118287 4.6984413476741835 152
1714036864748 4.700509285797244 153
1714037596630 4.685656402422034 154
1714038333948 4.676619790494442 155
1714039044370 4.6902332681676615 156
1714039797217 4.689893092474212 157
1714040511091 4.6713344885603245 158
1714041236651 4.692758980976499 159
1714041943549 4.637281026529229 160
1714042652153 4.638652281592721 161
1714043369357 4.674565219684787 162
1714044074109 4.6503207686802615 163
1714044795341 4.657506819976413 164
1714045501210 4.639664833312449 165
1714046215603 4.6026278964203335 166
1714046917313 4.590024529915789 167
1714047630463 4.580446293172629 168
1714048332650 4.571999400206234 169
1714049047189 4.607816069022469 170
1714049755098 4.609055952533431 171
1714050477735 4.571984402835369 172
1714051174626 4.556106400878533 173
1714051893484 4.546660481911639 174
1714052597675 4.541695019797139 175
1714053302872 4.548413404304048 176
1714054024662 4.525385530746502 177
1714054728598 4.53126548813737 178
1714055449913 4.534115201105243 179
1714056169393 4.5114157841257425 180
1714056904781 4.501642954414305 181
1714057625329 4.520772496643274 182
1714058338902 4.483801461756229 183
1714059066101 4.507746647233549 184
1714059784379 4.4934404686741205 185
1714060506727 4.506037800856259 186
1714061224420 4.496858508042667 187
1714061949064 4.455966397795988 188
1714062668642 4.460692169225735 189
1714063395677 4.459775312439255 190
1714064119195 4.465614784023036 191
1714064868679 4.420273675542811 192
1714065582160 4.470750999515471 193
1714066323783 4.391958409029504 194
1714067042054 4.392038971833561 195
1714067768898 4.411002875346204 196
1714068491119 4.414043488061947 197
1714069213876 4.410005092296911 198
1714069953424 4.412327079021412 199
1714070671139 4.430782706193302 200
1714071399271 4.378596879865812 201
1714072123017 4.403609565742638 202
1714072855797 4.389348386422448 203
1714073566976 4.354930062332879 204
1714074296245 4.34559828042984 205
1714075020631 4.361431716900805 206
1714075757912 4.347807298859824 207
1714076475473 4.330795845907668 208
1714077214438 4.3192745774336485 209
1714077927957 4.34823963596769 210
1714078647913 4.365242124251697 211
1714079376497 4.324540980160236 212
1714080101627 4.334729257485141 213
1714080824417 4.329854563202547 214
1714081543423 4.315670738077682 215
1714082273727 4.313644083297771 216
1714083008131 4.27753496915102 217
1714083724558 4.304713545934014 218
1714084459526 4.326316962099594 219
1714085177779 4.286473678505939 220
1714085904359 4.282678944585116 221
1714086626225 4.237844573090905 222
1714087347258 4.281927221495172 223
1714088073673 4.263717847025913 224
1714088787510 4.2646787451661154 225
1714089512434 4.256785695967467 226
1714090246322 4.255882400857366 227
1714090965147 4.232504463390164 228
1714091686757 4.2378611166192135 229
1714092411809 4.20504257309696 230
1714093124462 4.244349044788143 231
1714093850811 4.207450515226178 232
1714094568837 4.199206771086091 233
1714095303714 4.202369862600513 234
1714096012891 4.1883682161569595 235
1714096743258 4.230991119599861 236
1714097464063 4.17537639743608 237
1714098195557 4.20647603402967 238
1714098912827 4.163062153141135 239
1714099630291 4.192973446748827 240
1714100362817 4.165991224672483 241
1714101081645 4.153710246086121 242
1714101798888 4.140097577610741 243
1714102527087 4.153932717831238 244
1714103247611 4.177387281604435 245
1714103974328 4.16134272855909 246
1714104692806 4.1208615633456604 247
1714105415955 4.106361730915049 248
1714106140383 4.132040946056014 249
1714106857526 4.117813904000365 250
1714107588717 4.1424860657881135 251
1714108318387 4.104988253310971 252
1714109045432 4.079177047895349 253
1714109785534 4.104733421102814 254
1714110509628 4.03416260348066 255
1714111240549 4.121642662455207 256
1714111961265 4.119811670935673 257
1714112682876 4.071004833054284 258
1714113418657 4.046239400363487 259
1714114125925 4.070817923740201 260
1714114875479 4.0604755065363385 261
1714115592711 4.0461609259895654 262
1714116327748 4.036409010219833 263
1714117041362 4.051862227366023 264
1714117779655 4.027977475653524 265
1714118502090 4.0468480293841465 266
1714119229928 4.032241259580073 267
1714119949819 4.015995326249496 268
1714120695366 4.037617409034915 269
1714121409892 3.993283413188613 270
1714122139809 4.03989507322726 271
1714122867507 4.033747898171777 272
1714123598418 4.023550603538752 273
1714124334454 3.9868109592277072 274
1714125049950 3.980111575321011 275
1714125802261 4.00384321241923 276
1714126517387 4.015956804480242 277
1714127251631 3.9942738847888033 278
1714127980830 3.977015228699083 279
1714128708391 3.973919621790233 280
1714129433983 3.9576982018416342 281
1714130156351 3.9823503261027127 282
1714130888748 3.9516545208575935 283
1714131605516 3.9545827391354935 284
1714132326729 3.9286406803066316 285
1714133050303 3.948110166937113 286
1714133755527 3.933571630521961 287
1714134426733 3.958736711060223 288
1714135125991 3.9615291489855102 289
1714135799778 3.9249963060669275 290
1714136488948 3.9532770449700565 291
1714137163196 3.938399745070416 292
1714137844123 3.905278894078472 293
1714138529223 3.9230174697611644 294
1714139192806 3.917182947630468 295
1714139904121 3.9081635737548703 296
1714140576129 3.888792282861212 297
1714141282615 3.9024571029712325 298
1714141950071 3.908245532085066 299
1714142651705 3.9327521032613255 300
1714143335201 3.9073997275984804 301
1714144027056 3.890280360922865 302
1714144694243 3.898247643009476 303
1714145382965 3.895386573575113 304
1714146056261 3.9172453135252 305
1714146748253 3.875525905386261 306
1714147424864 3.901921009077974 307
1714148085273 3.856906189866688 308
1714148768592 3.8875309350373954 309
1714149429014 3.810171267746583 310
1714150111025 3.86340092835219 311
1714150774554 3.862173857572286 312
1714151471660 3.8619573875937774 313
1714152159385 3.8146691540985005 314
1714152843302 3.803279660318209 315
1714153531162 3.8325351233715597 316
1714154215729 3.8077965947272987 317
1714154894365 3.8193580103309257 318
1714155564395 3.830279041243636 319
1714156243026 3.8066943193907323 320
1714156920196 3.801776352783908 321
1714157603597 3.7894542351689027 322
1714158277113 3.813704104203245 323
1714158964649 3.7791746937386366 324
1714159632235 3.777847087253695 325
1714160314645 3.7848686720042126 326
1714160980606 3.82577683404088 327
1714161656038 3.790012195058491 328
1714162334694 3.7439488099645013 329
1714163002626 3.800593600648901 330
1714163705941 3.750552391552407 331
1714164375799 3.7658311217699363 332
1714165071161 3.7924918030267176 333
1714165737402 3.7463945002983445 334
1714166445679 3.7635708639155263 335
1714167136314 3.7315971610014853 336
1714167832940 3.8081193428648556 337
1714168501525 3.7945061990100406 338
1714169188183 3.7374515078313975 339
1714169859755 3.7181715761189875 340
1714170552604 3.7386856543953004 341
1714171217166 3.7048023586039958 342
1714171903011 3.7439656336994274 343
1714172588300 3.6967775089585264 344
1714173261845 3.7486369396033496 345
1714173938600 3.6830287352204323 346
1714174598840 3.714377382203289 347
1714175280447 3.680372148104336 348
1714175963841 3.7066934724216876 349
