1715830088291 0.0 0
1715830306610 1.0 1
1715830543576 2.0 2
1715830756054 3.0 3
1715830987710 4.0 4
1715831218288 5.0 5
1715831427598 6.0 6
1715831668362 7.0 7
1715831887694 8.0 8
1715832102018 9.0 9
1715832339893 10.0 10
1715832553368 11.0 11
1715832784792 12.0 12
1715833017243 13.0 13
1715833250098 14.0 14
1715833572340 15.0 15
1715833906882 16.0 16
1715834334534 17.0 17
1715834808811 18.0 18
1715835278066 19.0 19
1715835730011 20.0 20
1715836190242 21.0 21
1715836652282 22.0 22
1715837099673 23.0 23
1715837557598 24.0 24
1715838019464 25.0 25
1715838486822 26.0 26
1715838947822 27.0 27
1715839396433 28.0 28
1715839860902 29.0 29
1715840324268 30.0 30
1715840779845 31.0 31
1715841242464 32.0 32
1715841710318 33.0 33
1715842183949 34.0 34
1715842642818 35.0 35
1715843101096 36.0 36
1715843569273 37.0 37
1715844022378 38.0 38
1715844493858 39.0 39
1715844955581 40.0 40
1715845409306 41.0 41
1715845870325 42.0 42
1715846334671 43.0 43
1715846803048 44.0 44
1715847252264 45.0 45
1715847719533 46.0 46
1715848192809 47.0 47
1715848648477 48.0 48
1715849109397 49.0 49
1715849563511 50.0 50
1715850037840 51.0 51
1715850489573 52.0 52
1715850949098 53.0 53
1715851417724 54.0 54
1715851881249 55.0 55
1715852340074 56.0 56
1715852779971 57.0 57
1715853246946 58.0 58
1715853701711 59.0 59
1715854154844 60.0 60
1715854615848 61.0 61
1715855085240 62.0 62
1715855541764 63.0 63
1715855996758 64.0 64
1715856455375 65.0 65
1715856920567 66.0 66
1715857398530 67.0 67
1715857861809 68.0 68
1715858325777 69.0 69
1715858782175 70.0 70
1715859247783 71.0 71
1715859705050 72.0 72
1715860163098 73.0 73
1715860633101 74.0 74
1715861102293 75.0 75
1715861574068 76.0 76
1715862035558 77.0 77
1715862502300 78.0 78
1715862968012 79.0 79
1715863443023 80.0 80
1715863908157 81.0 81
1715864374193 82.0 82
1715864838029 83.0 83
1715865304456 84.0 84
1715865768114 85.0 85
1715866220659 86.0 86
1715866697140 87.0 87
1715867158316 88.0 88
1715867619613 89.0 89
1715868072140 90.0 90
1715868540326 91.0 91
1715869006801 92.0 92
1715869449390 93.0 93
1715869908424 94.0 94
1715870361813 95.0 95
1715870825025 96.0 96
1715871278077 97.0 97
1715871733794 98.0 98
1715872188667 99.0 99
1715872640611 100.0 100
1715873102165 101.0 101
1715873553872 102.0 102
1715874010315 103.0 103
1715874463006 104.0 104
1715874921517 105.0 105
1715875385755 106.0 106
1715875838687 107.0 107
1715876302439 108.0 108
1715876763955 109.0 109
1715877227167 110.0 110
1715877673784 111.0 111
1715878125915 112.0 112
1715878584958 113.0 113
1715879050589 114.0 114
1715879504155 115.0 115
1715879955315 116.0 116
1715880418489 117.0 117
1715880880817 118.0 118
1715881331890 119.0 119
1715881783480 120.0 120
1715882246704 121.0 121
1715882702580 122.0 122
1715883163752 123.0 123
1715883617201 124.0 124
1715884081255 125.0 125
1715884541219 126.0 126
1715885002787 127.0 127
1715885461429 128.0 128
1715885917512 129.0 129
1715886386790 130.0 130
1715886846546 131.0 131
1715887309819 132.0 132
1715887763118 133.0 133
1715888218131 134.0 134
1715888673586 135.0 135
1715889137069 136.0 136
1715889596287 137.0 137
1715890051089 138.0 138
1715890517193 139.0 139
1715890988678 140.0 140
1715891443238 141.0 141
1715891900734 142.0 142
1715892365035 143.0 143
1715892834889 144.0 144
1715893289662 145.0 145
1715893752718 146.0 146
1715894223894 147.0 147
1715894675349 148.0 148
1715895132931 149.0 149
1715895576235 150.0 150
1715896037654 151.0 151
1715896487884 152.0 152
1715896939722 153.0 153
1715897391004 154.0 154
1715897826579 155.0 155
1715898300011 156.0 156
1715898762320 157.0 157
1715899231492 158.0 158
1715899683746 159.0 159
1715900133647 160.0 160
1715900600126 161.0 161
1715901049589 162.0 162
1715901502447 163.0 163
1715901956724 164.0 164
1715902427851 165.0 165
1715902885330 166.0 166
1715903348091 167.0 167
1715903819812 168.0 168
1715904295983 169.0 169
1715904748444 170.0 170
1715905206402 171.0 171
1715905664516 172.0 172
1715906126844 173.0 173
1715906585937 174.0 174
1715907041487 175.0 175
1715907511806 176.0 176
1715907967459 177.0 177
1715908428084 178.0 178
1715908871255 179.0 179
1715909332286 180.0 180
1715909787876 181.0 181
1715910241153 182.0 182
1715910696031 183.0 183
1715911149916 184.0 184
1715911607528 185.0 185
1715912059250 186.0 186
1715912518847 187.0 187
1715912978664 188.0 188
1715913451016 189.0 189
1715913913462 190.0 190
1715914368489 191.0 191
1715914825145 192.0 192
1715915274962 193.0 193
1715915740551 194.0 194
1715916202691 195.0 195
1715916688664 196.0 196
1715917178120 197.0 197
1715917681942 198.0 198
1715918202776 199.0 199
1715918727381 200.0 200
1715919277504 201.0 201
1715919791973 202.0 202
1715920299745 203.0 203
1715920789147 204.0 204
1715921314080 205.0 205
1715921822178 206.0 206
1715922319959 207.0 207
1715922848086 208.0 208
1715923378391 209.0 209
1715923909592 210.0 210
1715924397616 211.0 211
1715924885886 212.0 212
1715925352018 213.0 213
1715925804707 214.0 214
1715926264827 215.0 215
1715926720391 216.0 216
1715927188056 217.0 217
1715927646922 218.0 218
1715928103471 219.0 219
1715928566005 220.0 220
1715929028776 221.0 221
1715929486236 222.0 222
1715929939723 223.0 223
1715930391207 224.0 224
1715930854745 225.0 225
1715931308453 226.0 226
1715931759693 227.0 227
1715932222897 228.0 228
1715932674636 229.0 229
1715933135635 230.0 230
1715933586399 231.0 231
1715934041743 232.0 232
1715934503973 233.0 233
1715934964821 234.0 234
1715935426496 235.0 235
1715935883634 236.0 236
1715936342944 237.0 237
1715936816258 238.0 238
1715937282532 239.0 239
1715937740820 240.0 240
1715938202258 241.0 241
1715938672535 242.0 242
1715939131201 243.0 243
1715939586322 244.0 244
1715940049024 245.0 245
1715940527873 246.0 246
1715940991995 247.0 247
1715941454786 248.0 248
1715941923608 249.0 249
1715942394132 250.0 250
1715942857501 251.0 251
1715943311607 252.0 252
1715943779981 253.0 253
1715944243293 254.0 254
1715944707667 255.0 255
1715945163007 256.0 256
1715945627985 257.0 257
1715946089725 258.0 258
1715946550462 259.0 259
1715947010459 260.0 260
1715947469574 261.0 261
1715947931789 262.0 262
1715948390948 263.0 263
1715948856247 264.0 264
1715949314971 265.0 265
1715949773034 266.0 266
1715950231526 267.0 267
1715950696427 268.0 268
1715951153134 269.0 269
1715951605841 270.0 270
1715952073210 271.0 271
1715952528983 272.0 272
1715952983426 273.0 273
1715953430304 274.0 274
1715953890345 275.0 275
1715954352486 276.0 276
1715954799233 277.0 277
1715955255007 278.0 278
1715955706756 279.0 279
1715956165447 280.0 280
1715956614392 281.0 281
1715957068323 282.0 282
1715957531071 283.0 283
1715958007497 284.0 284
1715958466170 285.0 285
1715958918547 286.0 286
1715959381593 287.0 287
1715959838889 288.0 288
1715960306309 289.0 289
1715960769605 290.0 290
1715961245628 291.0 291
1715961709596 292.0 292
1715962169730 293.0 293
1715962632680 294.0 294
1715963089169 295.0 295
1715963562343 296.0 296
1715964021229 297.0 297
1715964498497 298.0 298
1715964951257 299.0 299
1715965417883 300.0 300
1715965884129 301.0 301
1715966336765 302.0 302
1715966803674 303.0 303
1715967263194 304.0 304
1715967735150 305.0 305
1715968191665 306.0 306
1715968648512 307.0 307
1715969119479 308.0 308
1715969577289 309.0 309
1715970022327 310.0 310
1715970417658 311.0 311
1715970823451 312.0 312
1715971230937 313.0 313
1715971624540 314.0 314
1715972022099 315.0 315
1715972438358 316.0 316
1715972838322 317.0 317
1715973236708 318.0 318
1715973626350 319.0 319
1715974033650 320.0 320
1715974444087 321.0 321
1715974840385 322.0 322
1715975234493 323.0 323
1715975636495 324.0 324
1715976039795 325.0 325
1715976445432 326.0 326
1715976846726 327.0 327
1715977241993 328.0 328
1715977647791 329.0 329
1715978050563 330.0 330
1715978457270 331.0 331
1715978862225 332.0 332
1715979254936 333.0 333
1715979663050 334.0 334
1715980066985 335.0 335
1715980461062 336.0 336
1715980869297 337.0 337
1715981281426 338.0 338
1715981700165 339.0 339
1715982094740 340.0 340
1715982491059 341.0 341
1715982901017 342.0 342
1715983309488 343.0 343
1715983711993 344.0 344
1715984103119 345.0 345
1715984514282 346.0 346
1715984925055 347.0 347
1715985325765 348.0 348
1715985724629 349.0 349
