1715830088291 7095944.0 0
1715830306611 7095944.0 1
1715830543578 7095944.0 2
1715830756055 7095944.0 3
1715830987712 7095944.0 4
1715831218289 7095944.0 5
1715831427600 7095944.0 6
1715831668364 7095944.0 7
1715831887696 7095944.0 8
1715832102020 7095944.0 9
1715832339894 7095944.0 10
1715832553369 7095944.0 11
1715832784793 7095944.0 12
1715833017244 7095944.0 13
1715833250099 7095944.0 14
1715833572341 7095944.0 15
1715833906883 7095944.0 16
1715834334535 7095944.0 17
1715834808813 7095944.0 18
1715835278067 7095944.0 19
1715835730013 7095944.0 20
1715836190243 7095944.0 21
1715836652282 7095944.0 22
1715837099675 7095944.0 23
1715837557599 7095944.0 24
1715838019466 7095944.0 25
1715838486824 7095944.0 26
1715838947824 7095944.0 27
1715839396435 7095944.0 28
1715839860903 7095944.0 29
1715840324269 7095944.0 30
1715840779846 7095944.0 31
1715841242466 7095944.0 32
1715841710320 7095944.0 33
1715842183951 7095944.0 34
1715842642820 7095944.0 35
1715843101098 7095944.0 36
1715843569275 7095944.0 37
1715844022380 7095944.0 38
1715844493859 7095944.0 39
1715844955583 7095944.0 40
1715845409307 7095944.0 41
1715845870327 7095944.0 42
1715846334673 7095944.0 43
1715846803050 7095944.0 44
1715847252265 7095944.0 45
1715847719534 7095944.0 46
1715848192810 7095944.0 47
1715848648478 7095944.0 48
1715849109399 7095944.0 49
1715849563512 7095944.0 50
1715850037841 7095944.0 51
1715850489574 7095944.0 52
1715850949100 7095944.0 53
1715851417726 7095944.0 54
1715851881250 7095944.0 55
1715852340075 7095944.0 56
1715852779973 7095944.0 57
1715853246947 7095944.0 58
1715853701712 7095944.0 59
1715854154846 7095944.0 60
1715854615850 7095944.0 61
1715855085242 7095944.0 62
1715855541765 7095944.0 63
1715855996760 7095944.0 64
1715856455377 7095944.0 65
1715856920568 7095944.0 66
1715857398532 7095944.0 67
1715857861811 7095944.0 68
1715858325778 7095944.0 69
1715858782177 7095944.0 70
1715859247784 7095944.0 71
1715859705051 7095944.0 72
1715860163100 7095944.0 73
1715860633102 7095944.0 74
1715861102294 7095944.0 75
1715861574069 7095944.0 76
1715862035559 7095944.0 77
1715862502301 7095944.0 78
1715862968014 7095944.0 79
1715863443025 7095944.0 80
1715863908158 7095944.0 81
1715864374194 7095944.0 82
1715864838031 7095944.0 83
1715865304458 7095944.0 84
1715865768115 7095944.0 85
1715866220660 7095944.0 86
1715866697141 7095944.0 87
1715867158317 7095944.0 88
1715867619614 7095944.0 89
1715868072141 7095944.0 90
1715868540327 7095944.0 91
1715869006802 7095944.0 92
1715869449391 7095944.0 93
1715869908425 7095944.0 94
1715870361821 7095944.0 95
1715870825027 7095944.0 96
1715871278079 7095944.0 97
1715871733795 7095944.0 98
1715872188668 7095944.0 99
1715872640613 7095944.0 100
1715873102166 7095944.0 101
1715873553873 7095944.0 102
1715874010316 7095944.0 103
1715874463007 7095944.0 104
1715874921519 7095944.0 105
1715875385757 7095944.0 106
1715875838689 7095944.0 107
1715876302440 7095944.0 108
1715876763956 7095944.0 109
1715877227168 7095944.0 110
1715877673785 7095944.0 111
1715878125916 7095944.0 112
1715878584959 7095944.0 113
1715879050590 7095944.0 114
1715879504156 7095944.0 115
1715879955317 7095944.0 116
1715880418491 7095944.0 117
1715880880818 7095944.0 118
1715881331891 7095944.0 119
1715881783482 7095944.0 120
1715882246705 7095944.0 121
1715882702582 7095944.0 122
1715883163753 7095944.0 123
1715883617203 7095944.0 124
1715884081257 7095944.0 125
1715884541221 7095944.0 126
1715885002789 7095944.0 127
1715885461431 7095944.0 128
1715885917514 7095944.0 129
1715886386791 7095944.0 130
1715886846548 7095944.0 131
1715887309820 7095944.0 132
1715887763119 7095944.0 133
1715888218133 7095944.0 134
1715888673588 7095944.0 135
1715889137071 7095944.0 136
1715889596288 7095944.0 137
1715890051090 7095944.0 138
1715890517194 7095944.0 139
1715890988679 7095944.0 140
1715891443240 7095944.0 141
1715891900735 7095944.0 142
1715892365036 7095944.0 143
1715892834890 7095944.0 144
1715893289664 7095944.0 145
1715893752719 7095944.0 146
1715894223896 7095944.0 147
1715894675351 7095944.0 148
1715895132932 7095944.0 149
1715895576237 7095944.0 150
1715896037655 7095944.0 151
1715896487885 7095944.0 152
1715896939723 7095944.0 153
1715897391005 7095944.0 154
1715897826580 7095944.0 155
1715898300012 7095944.0 156
1715898762322 7095944.0 157
1715899231494 7095944.0 158
1715899683747 7095944.0 159
1715900133648 7095944.0 160
1715900600127 7095944.0 161
1715901049591 7095944.0 162
1715901502448 7095944.0 163
1715901956726 7095944.0 164
1715902427852 7095944.0 165
1715902885331 7095944.0 166
1715903348092 7095944.0 167
1715903819813 7095944.0 168
1715904295985 7095944.0 169
1715904748446 7095944.0 170
1715905206404 7095944.0 171
1715905664518 7095944.0 172
1715906126846 7095944.0 173
1715906585938 7095944.0 174
1715907041489 7095944.0 175
1715907511808 7095944.0 176
1715907967460 7095944.0 177
1715908428085 7095944.0 178
1715908871257 7095944.0 179
1715909332288 7095944.0 180
1715909787878 7095944.0 181
1715910241154 7095944.0 182
1715910696032 7095944.0 183
1715911149917 7095944.0 184
1715911607529 7095944.0 185
1715912059251 7095944.0 186
1715912518847 7095944.0 187
1715912978665 7095944.0 188
1715913451017 7095944.0 189
1715913913463 7095944.0 190
1715914368490 7095944.0 191
1715914825146 7095944.0 192
1715915274963 7095944.0 193
1715915740552 7095944.0 194
1715916202692 7095944.0 195
1715916688665 7095944.0 196
1715917178121 7095944.0 197
1715917681943 7095944.0 198
1715918202777 7095944.0 199
1715918727382 7095944.0 200
1715919277505 7095944.0 201
1715919791975 7095944.0 202
1715920299746 7095944.0 203
1715920789148 7095944.0 204
1715921314082 7095944.0 205
1715921822180 7095944.0 206
1715922319960 7095944.0 207
1715922848088 7095944.0 208
1715923378392 7095944.0 209
1715923909593 7095944.0 210
1715924397618 7095944.0 211
1715924885889 7095944.0 212
1715925352020 7095944.0 213
1715925804709 7095944.0 214
1715926264828 7095944.0 215
1715926720392 7095944.0 216
1715927188057 7095944.0 217
1715927646923 7095944.0 218
1715928103472 7095944.0 219
1715928566007 7095944.0 220
1715929028778 7095944.0 221
1715929486237 7095944.0 222
1715929939724 7095944.0 223
1715930391209 7095944.0 224
1715930854747 7095944.0 225
1715931308454 7095944.0 226
1715931759694 7095944.0 227
1715932222898 7095944.0 228
1715932674638 7095944.0 229
1715933135637 7095944.0 230
1715933586401 7095944.0 231
1715934041744 7095944.0 232
1715934503974 7095944.0 233
1715934964823 7095944.0 234
1715935426497 7095944.0 235
1715935883635 7095944.0 236
1715936342945 7095944.0 237
1715936816259 7095944.0 238
1715937282534 7095944.0 239
1715937740821 7095944.0 240
1715938202259 7095944.0 241
1715938672536 7095944.0 242
1715939131202 7095944.0 243
1715939586323 7095944.0 244
1715940049025 7095944.0 245
1715940527874 7095944.0 246
1715940991996 7095944.0 247
1715941454788 7095944.0 248
1715941923609 7095944.0 249
1715942394133 7095944.0 250
1715942857502 7095944.0 251
1715943311608 7095944.0 252
1715943779981 7095944.0 253
1715944243294 7095944.0 254
1715944707668 7095944.0 255
1715945163009 7095944.0 256
1715945627986 7095944.0 257
1715946089727 7095944.0 258
1715946550463 7095944.0 259
1715947010461 7095944.0 260
1715947469575 7095944.0 261
1715947931790 7095944.0 262
1715948390949 7095944.0 263
1715948856249 7095944.0 264
1715949314972 7095944.0 265
1715949773035 7095944.0 266
1715950231528 7095944.0 267
1715950696428 7095944.0 268
1715951153135 7095944.0 269
1715951605842 7095944.0 270
1715952073211 7095944.0 271
1715952528985 7095944.0 272
1715952983428 7095944.0 273
1715953430305 7095944.0 274
1715953890346 7095944.0 275
1715954352487 7095944.0 276
1715954799234 7095944.0 277
1715955255009 7095944.0 278
1715955706757 7095944.0 279
1715956165449 7095944.0 280
1715956614394 7095944.0 281
1715957068325 7095944.0 282
1715957531072 7095944.0 283
1715958007498 7095944.0 284
1715958466171 7095944.0 285
1715958918549 7095944.0 286
1715959381594 7095944.0 287
1715959838890 7095944.0 288
1715960306310 7095944.0 289
1715960769606 7095944.0 290
1715961245629 7095944.0 291
1715961709597 7095944.0 292
1715962169731 7095944.0 293
1715962632682 7095944.0 294
1715963089170 7095944.0 295
1715963562344 7095944.0 296
1715964021231 7095944.0 297
1715964498499 7095944.0 298
1715964951258 7095944.0 299
1715965417885 7095944.0 300
1715965884131 7095944.0 301
1715966336767 7095944.0 302
1715966803675 7095944.0 303
1715967263195 7095944.0 304
1715967735151 7095944.0 305
1715968191667 7095944.0 306
1715968648514 7095944.0 307
1715969119481 7095944.0 308
1715969577290 7095944.0 309
1715970022329 7095944.0 310
1715970417659 7095944.0 311
1715970823453 7095944.0 312
1715971230938 7095944.0 313
1715971624541 7095944.0 314
1715972022101 7095944.0 315
1715972438359 7095944.0 316
1715972838323 7095944.0 317
1715973236709 7095944.0 318
1715973626351 7095944.0 319
1715974033651 7095944.0 320
1715974444089 7095944.0 321
1715974840387 7095944.0 322
1715975234495 7095944.0 323
1715975636497 7095944.0 324
1715976039797 7095944.0 325
1715976445433 7095944.0 326
1715976846727 7095944.0 327
1715977241994 7095944.0 328
1715977647793 7095944.0 329
1715978050564 7095944.0 330
1715978457271 7095944.0 331
1715978862226 7095944.0 332
1715979254938 7095944.0 333
1715979663052 7095944.0 334
1715980066987 7095944.0 335
1715980461063 7095944.0 336
1715980869299 7095944.0 337
1715981281427 7095944.0 338
1715981700166 7095944.0 339
1715982094741 7095944.0 340
1715982491060 7095944.0 341
1715982901019 7095944.0 342
1715983309489 7095944.0 343
1715983711994 7095944.0 344
1715984103121 7095944.0 345
1715984514283 7095944.0 346
1715984925057 7095944.0 347
1715985325766 7095944.0 348
1715985724630 7095944.0 349
