1715830088287 1.0000000000000025e-05 0
1715830306597 1.0000000000000025e-05 1
1715830543563 8.003124999999968e-06 2
1715830756041 6.0062500000000604e-06 3
1715830987699 4.009374999999988e-06 4
1715831218275 2.0124999999999833e-06 5
1715831427587 2.0651800625781305e-08 6
1715831668349 2.2863058298609458e-08 7
1715831887684 2.5475941674487975e-08 8
1715832102008 2.849024023952396e-08 9
1715832339882 3.1905711138739476e-08 10
1715832553362 3.5722079195643093e-08 11
1715832784781 3.993903693439674e-08 12
1715833017237 4.455624460458984e-08 13
1715833250090 4.957333020861287e-08 14
1715833572330 5.49898895316292e-08 15
1715833906876 6.080548617413823e-08 16
1715834334522 6.70196515871374e-08 17
1715834808797 7.363188510986596e-08 18
1715835278058 8.06416540101579e-08 19
1715835730004 8.804839352734864e-08 20
1715836190235 9.585150691777731e-08 21
1715836652278 1.0405036550287583e-07 22
1715837099660 1.1264430871979817e-07 23
1715837557591 1.2163264417467415e-07 24
1715838019450 1.3101464769836096e-07 25
1715838486809 1.4078956340480494e-07 26
1715838947812 1.5095660375193125e-07 27
1715839396421 1.615149496051203e-07 28
1715839860889 1.724637503031639e-07 29
1715840324262 1.8380212372682864e-07 30
1715840779833 1.9552915636992e-07 31
1715841242453 2.0764390341288202e-07 32
1715841710311 2.2014538879891327e-07 33
1715842183938 2.3303260531261113e-07 34
1715842642804 2.463045146611242e-07 35
1715843101082 2.599600475577902e-07 36
1715843569261 2.7399810380830373e-07 37
1715844022364 2.884175523993388e-07 38
1715844493851 3.032172315897037e-07 39
1715844955575 3.1839594900388615e-07 40
1715845409299 3.3395248172818554e-07 41
1715845870313 3.4988557640918045e-07 42
1715846334658 3.6619394935474757e-07 43
1715846803035 3.828762866374608e-07 44
1715847252257 3.999312442004797e-07 45
1715847719527 4.173574479658075e-07 46
1715848192802 4.3515349394501147e-07 47
1715848648470 4.5331794835235375e-07 48
1715849109383 4.7184934772026186e-07 49
1715849563499 4.907461990172981e-07 50
1715850037835 5.10006979768389e-07 51
1715850489569 5.296301381775584e-07 52
1715850949086 5.496140932528629e-07 53
1715851417718 5.699572349338505e-07 54
1715851881241 5.906579242212269e-07 55
1715852340061 6.117144933089433e-07 56
1715852779958 6.331252457185211e-07 57
1715853246939 6.548884564358008e-07 58
1715853701699 6.770023720498305e-07 59
1715854154833 6.994652108942289e-07 60
1715854615836 7.222751631906853e-07 61
1715855085224 7.454303911947336e-07 62
1715855541757 7.689290293438915e-07 63
1715855996747 7.927691844079053e-07 64
1715856455362 8.169489356413232e-07 65
1715856920561 8.414663349381821e-07 66
1715857398517 8.663194069890593e-07 67
1715857861803 8.915061494401305e-07 68
1715858325770 9.170245330545381e-07 69
1715858782161 9.428725018758834e-07 70
1715859247775 9.690479733938212e-07 71
1715859705043 9.955488387119282e-07 72
1715860163085 1.022372962717522e-06 73
1715860633091 1.0495181842537884e-06 74
1715861102286 1.0769823162937612e-06 75
1715861574063 1.104763146116636e-06 76
1715862035550 1.1328584354860261e-06 77
1715862502294 1.1612659208302357e-06 78
1715862968004 1.1899833134247321e-06 79
1715863443008 1.219008299576404e-06 80
1715863908149 1.2483385408101023e-06 81
1715864374186 1.2779716740569662e-06 82
1715864838017 1.307905311844878e-06 83
1715865304444 1.3381370424906735e-06 84
1715865768107 1.3686644302946676e-06 85
1715866220647 1.3994850157366875e-06 86
1715866697126 1.4305963156743587e-06 87
1715867158309 1.4619958235430622e-06 88
1715867619600 1.4936810095580071e-06 89
1715868072133 1.5256493209179394e-06 90
1715868540314 1.5578981820108784e-06 91
1715869006796 1.5904249946216246e-06 92
1715869449385 1.623227138141043e-06 93
1715869908417 1.656301969777218e-06 94
1715870361807 1.6896468247684417e-06 95
1715870825011 1.7232590165978383e-06 96
1715871278064 1.7571358372098102e-06 97
1715871733783 1.7912745572282708e-06 98
1715872188660 1.8256724261764752e-06 99
1715872640598 1.8603266726986673e-06 100
1715873102161 1.895234504783346e-06 101
1715873553866 1.9303931099882766e-06 102
1715874010308 1.965799655666918e-06 103
1715874462999 2.00145128919683e-06 104
1715874921505 2.037345138209343e-06 105
1715875385739 2.0734783108211794e-06 106
1715875838673 2.109847895867153e-06 107
1715876302432 2.1464509631349864e-06 108
1715876763946 2.183284563601302e-06 109
1715877227160 2.2203457296691115e-06 110
1715877673777 2.257631475407094e-06 111
1715878125911 2.295138796789982e-06 112
1715878584946 2.3328646719407834e-06 113
1715879050582 2.370806061374049e-06 114
1715879504148 2.4089599082408834e-06 115
1715879955301 2.4473231385751893e-06 116
1715880418474 2.4858926615413525e-06 117
1715880880810 2.5246653696832305e-06 118
1715881331882 2.5636381391744522e-06 119
1715881783473 2.602807830070321e-06 120
1715882246697 2.6421712865605568e-06 121
1715882702568 2.6817253372236726e-06 122
1715883163739 2.7214667952823487e-06 123
1715883617194 2.7613924588604304e-06 124
1715884081242 2.8014991112406917e-06 125
1715884541206 2.8417835211240453e-06 126
1715885002780 2.882242442890016e-06 127
1715885461423 2.9228726168578586e-06 128
1715885917500 2.963670769549759e-06 129
1715886386783 3.0046336139540054e-06 130
1715886846537 3.045757849790196e-06 131
1715887309812 3.0870401637748835e-06 132
1715887763109 3.12847722988879e-06 133
1715888218117 3.1700657096444514e-06 134
1715888673567 3.2118022523555294e-06 135
1715889137053 3.253683495406454e-06 136
1715889596280 3.2957060645235045e-06 137
1715890051084 3.3378665740468324e-06 138
1715890517187 3.380161627202796e-06 139
1715890988665 3.422587816377993e-06 140
1715891443227 3.4651417233938258e-06 141
1715891900725 3.507819919781563e-06 142
1715892365026 3.5506189670589165e-06 143
1715892834876 3.593535417006823e-06 144
1715893289649 3.6365658119474307e-06 145
1715893752712 3.6797066850226307e-06 146
1715894223880 3.722954560473241e-06 147
1715894675336 3.7663059539192003e-06 148
1715895132927 3.8097573726403153e-06 149
1715895576229 3.853305315857507e-06 150
1715896037647 3.8969462750149384e-06 151
1715896487877 3.940676734062833e-06 152
1715896939715 3.98449316974035e-06 153
1715897390997 4.028392051859994e-06 154
1715897826565 4.072369843591596e-06 155
1715898299997 4.116423001747464e-06 156
1715898762308 4.1605479770677644e-06 157
1715899231480 4.2047412145066455e-06 158
1715899683739 4.248999153518334e-06 159
1715900133635 4.293318228344498e-06 160
1715900600119 4.337694868300948e-06 161
1715901049576 4.382125498065707e-06 162
1715901502431 4.4266065379670545e-06 163
1715901956713 4.47113440427165e-06 164
1715902427839 4.515705509473772e-06 165
1715902885324 4.560316262583638e-06 166
1715903348079 4.6049630694174675e-06 167
1715903819798 4.64964233288655e-06 168
1715904295976 4.6943504532872365e-06 169
1715904748431 4.739083828591058e-06 170
1715905206394 4.7838388547345465e-06 171
1715905664502 4.828611925910193e-06 172
1715906126835 4.873399434856403e-06 173
1715906585927 4.918197773148575e-06 174
1715907041480 4.963003331489366e-06 175
1715907511793 5.0078125000000175e-06 176
1715907967446 5.052621668510635e-06 177
1715908428077 5.097427226851463e-06 178
1715908871240 5.142225565143629e-06 179
1715909332274 5.187013074089812e-06 180
1715909787870 5.2317861452654835e-06 181
1715910241140 5.276541171408964e-06 182
1715910696018 5.321274546712768e-06 183
1715911149910 5.365982667113478e-06 184
1715911607521 5.410661930582557e-06 185
1715912059237 5.455308737416392e-06 186
1715912518843 5.499919490526222e-06 187
1715912978648 5.544490595728278e-06 188
1715913451009 5.589018462032973e-06 189
1715913913455 5.633499501934289e-06 190
1715914368482 5.677930131699044e-06 191
1715914825138 5.722306771655496e-06 192
1715915274951 5.766625846481621e-06 193
1715915740544 5.8108837854933675e-06 194
1715916202684 5.855077022932229e-06 195
1715916688657 5.899201998252546e-06 196
1715917178113 5.943255156408415e-06 197
1715917681935 5.987232948140021e-06 198
1715918202763 6.031131830259653e-06 199
1715918727373 6.0749482659371735e-06 200
1715919277491 6.118678724985048e-06 201
1715919791959 6.162319684142524e-06 202
1715920299740 6.205867627359715e-06 203
1715920789140 6.249319046080799e-06 204
1715921314067 6.292670439526751e-06 205
1715921822166 6.335918314977383e-06 206
1715922319951 6.3790591880525425e-06 207
1715922848075 6.4220895829932075e-06 208
1715923378384 6.465006032941108e-06 209
1715923909578 6.50780508021842e-06 210
1715924397604 6.550483276606198e-06 211
1715924885873 6.593037183621985e-06 212
1715925352012 6.635463372797226e-06 213
1715925804692 6.677758425953189e-06 214
1715926264820 6.719918935476442e-06 215
1715926720384 6.761941504593566e-06 216
1715927188052 6.803822747644456e-06 217
1715927646911 6.845559290355497e-06 218
1715928103457 6.887147770111242e-06 219
1715928565992 6.928584836225118e-06 220
1715929028770 6.969867150209775e-06 221
1715929486229 7.0109913860460195e-06 222
1715929939716 7.051954230450272e-06 223
1715930391195 7.092752383142112e-06 224
1715930854739 7.133382557110002e-06 225
1715931308445 7.173841478875927e-06 226
1715931759686 7.214125888759264e-06 227
1715932222890 7.254232541139529e-06 228
1715932674625 7.294158204717684e-06 229
1715933135623 7.333899662776403e-06 230
1715933586386 7.373453713439406e-06 231
1715934041733 7.412817169929704e-06 232
1715934503967 7.451986860825566e-06 233
1715934964809 7.490959630316802e-06 234
1715935426489 7.529732338458611e-06 235
1715935883627 7.568301861424767e-06 236
1715936342938 7.606665091759146e-06 237
1715936816254 7.644818938625916e-06 238
1715937282518 7.682760328059246e-06 239
1715937740813 7.720486203210053e-06 240
1715938202251 7.75799352459294e-06 241
1715938672523 7.795279270330921e-06 242
1715939131191 7.832340436398727e-06 243
1715939586310 7.869174036864981e-06 244
1715940049010 7.90577710413281e-06 245
1715940527866 7.942146689178854e-06 246
1715940991991 7.978279861790606e-06 247
1715941454774 8.014173710803205e-06 248
1715941923602 8.049825344333117e-06 249
1715942394126 8.085231890011685e-06 250
1715942857487 8.120390495216692e-06 251
1715943311600 8.15529832730137e-06 252
1715943779976 8.18995257382356e-06 253
1715944243283 8.224350442771806e-06 254
1715944707656 8.25848916279024e-06 255
1715945162999 8.292365983402133e-06 256
1715945627975 8.325978175231489e-06 257
1715946089712 8.359323030222714e-06 258
1715946550448 8.392397861858907e-06 259
1715947010447 8.425200005378409e-06 260
1715947469567 8.457726817989077e-06 261
1715947931775 8.4899756790821e-06 262
1715948390941 8.521943990441963e-06 263
1715948856235 8.553629176457014e-06 264
1715949314964 8.58502868432561e-06 265
1715949773025 8.616139984263275e-06 266
1715950231516 8.646960569705247e-06 267
1715950696420 8.677487957509363e-06 268
1715951153128 8.707719688155148e-06 269
1715951605834 8.737653325943109e-06 270
1715952073203 8.767286459189932e-06 271
1715952528973 8.796616700423548e-06 272
1715952983413 8.82564168657534e-06 273
1715953430297 8.854359079169712e-06 274
1715953890338 8.882766564514011e-06 275
1715954352480 8.910861853883392e-06 276
1715954799227 8.938642683706194e-06 277
1715955254993 8.966106815746257e-06 278
1715955706747 8.993252037282526e-06 279
1715956165435 9.020076161288019e-06 280
1715956614386 9.046577026606158e-06 281
1715957068311 9.072752498124182e-06 282
1715957531065 9.098600466945513e-06 283
1715958007490 9.124118850559817e-06 284
1715958466164 9.14930559301093e-06 285
1715958918535 9.174158665061808e-06 286
1715959381584 9.198676064358739e-06 287
1715959838882 9.222855815592133e-06 288
1715960306300 9.246695970656161e-06 289
1715960769598 9.270194608805232e-06 290
1715961245621 9.293349836809321e-06 291
1715961709584 9.316159789105687e-06 292
1715962169723 9.338622627950199e-06 293
1715962632667 9.360736543564246e-06 294
1715963089163 9.382499754281438e-06 295
1715963562336 9.403910506691123e-06 296
1715964021216 9.424967075778803e-06 297
1715964498484 9.44566776506618e-06 298
1715964951249 9.466010906747057e-06 299
1715965417872 9.485994861822406e-06 300
1715965884116 9.505618020231679e-06 301
1715966336758 9.52487880098275e-06 302
1715966803668 9.543775652279703e-06 303
1715967263188 9.56230705164773e-06 304
1715967735137 9.58047150605503e-06 305
1715968191660 9.598267552034237e-06 306
1715968648498 9.615693755799487e-06 307
1715969119469 9.632748713362474e-06 308
1715969577282 9.649431050645288e-06 309
1715970022321 9.665739423590787e-06 310
1715970417652 9.681672518271751e-06 311
1715970823438 9.697229050996064e-06 312
1715971230930 9.71240776841035e-06 313
1715971624526 9.727207447600598e-06 314
1715972022087 9.741626896191729e-06 315
1715972438349 9.755664952442242e-06 316
1715972838312 9.769320485338943e-06 317
1715973236701 9.782592394687402e-06 318
1715973626336 9.795479611201047e-06 319
1715974033645 9.807981096587033e-06 320
1715974444081 9.820095843630127e-06 321
1715974840377 9.831822876273244e-06 322
1715975234485 9.84316124969691e-06 323
1715975636484 9.854110050394806e-06 324
1715976039780 9.864668396248103e-06 325
1715976445419 9.874835436595241e-06 326
1715976846719 9.884610352301622e-06 327
1715977241977 9.893992355825406e-06 328
1715977647779 9.90298069128026e-06 329
1715978050556 9.911574634497137e-06 330
1715978457264 9.919773493082243e-06 331
1715978862213 9.927576606472586e-06 332
1715979254930 9.934983345989798e-06 333
1715979663038 9.9419931148901e-06 334
1715980066973 9.948605348412936e-06 335
1715980461048 9.954819513825787e-06 336
1715980869288 9.960635110468385e-06 337
1715981281419 9.966051669791412e-06 338
1715981700151 9.971068755395478e-06 339
1715982094734 9.975685963065604e-06 340
1715982491052 9.979902920804336e-06 341
1715982901004 9.98371928886132e-06 342
1715983309481 9.987134759760543e-06 343
1715983711982 9.99014905832557e-06 344
1715984103107 9.992761941701446e-06 345
1715984514269 9.994973199374188e-06 346
1715984925045 9.996782653188207e-06 347
1715985325755 9.99819015735969e-06 348
1715985724622 9.99919559848967e-06 349
