1715830088288 5.298845013846522 0
1715830306602 5.214531893315523 1
1715830543567 4.8115768834300665 2
1715830756046 4.426191619556883 3
1715830987703 4.226910292454388 4
1715831218280 4.08197919830032 5
1715831427590 4.042548486072084 6
1715831668353 4.019929971383966 7
1715831887687 4.013218492269516 8
1715832102011 4.017075756321782 9
1715832339885 4.021249909115874 10
1715832553363 4.027824676555136 11
1715832784784 4.0329500255377395 12
1715833017239 4.015137555158657 13
1715833250093 4.0244651857925495 14
1715833572333 3.9985444720672523 15
1715833906878 4.015788827253425 16
1715834334526 4.031586376221283 17
1715834808802 4.022825485986212 18
1715835278061 4.015805396048919 19
1715835730007 4.013810927453249 20
1715836190237 3.9871317575807157 21
1715836652279 4.008319412236628 22
1715837099666 3.9769591896430305 23
1715837557593 4.0015287937029544 24
1715838019455 3.96025673461997 25
1715838486814 3.9694256257751714 26
1715838947816 3.9901346240354623 27
1715839396426 3.972320214561794 28
1715839860893 3.954930368324985 29
1715840324264 3.95647937707279 30
1715840779837 3.9708513079778007 31
1715841242457 3.955377454990926 32
1715841710313 3.93551314201044 33
1715842183942 3.9550768279510997 34
1715842642808 3.9532808227383573 35
1715843101087 3.9362673033838687 36
1715843569266 3.937381601851919 37
1715844022370 3.8863123137017954 38
1715844493853 3.8776914406081904 39
1715844955577 3.8556526037661927 40
1715845409301 3.858191208994907 41
1715845870318 3.8596860274024634 42
1715846334662 3.842304169483807 43
1715846803039 3.8451468542866083 44
1715847252260 3.834129787657572 45
1715847719529 3.845170030127401 46
1715848192804 3.822883275539979 47
1715848648473 3.7979730497235837 48
1715849109390 3.8048458358515864 49
1715849563503 3.7735386510258135 50
1715850037837 3.7774119130943133 51
1715850489570 3.7555741285500317 52
1715850949090 3.750765235527702 53
1715851417720 3.7012227812538976 54
1715851881244 3.69345256621423 55
1715852340066 3.694331160058146 56
1715852779963 3.672510032420573 57
1715853246941 3.6574633484301358 58
1715853701703 3.6594976484775543 59
1715854154837 3.635431896733201 60
1715854615841 3.6232221385707026 61
1715855085229 3.615507074672243 62
1715855541759 3.5715919337842776 63
1715855996751 3.574137890468473 64
1715856455368 3.531879998419596 65
1715856920563 3.5183404722939366 66
1715857398522 3.483016002437343 67
1715857861805 3.4636173960955245 68
1715858325772 3.467461757685827 69
1715858782165 3.4417280794485756 70
1715859247778 3.4224608294341876 71
1715859705046 3.4144109208946642 72
1715860163089 3.365710109472275 73
1715860633094 3.381077213131863 74
1715861102288 3.3506777927927347 75
1715861574065 3.342748677600985 76
1715862035553 3.308373524442963 77
1715862502296 3.2669541038896726 78
1715862968008 3.2418677625448806 79
1715863443012 3.228057764146639 80
1715863908151 3.226057403113531 81
1715864374189 3.1683698996253638 82
1715864838021 3.1210108354039816 83
1715865304449 3.130844066972318 84
1715865768109 3.1131754763748334 85
1715866220650 3.0580745766992155 86
1715866697130 3.0503304484097855 87
1715867158311 3.0014364227004675 88
1715867619604 2.984822766288467 89
1715868072135 2.9931082647779714 90
1715868540317 2.959657420606717 91
1715869006798 2.914817715468614 92
1715869449387 2.891530784899774 93
1715869908419 2.8932746878784634 94
1715870361809 2.9085111903107683 95
1715870825016 2.844145341735819 96
1715871278068 2.820827328640482 97
1715871733787 2.7580011344474293 98
1715872188662 2.72824347505103 99
1715872640603 2.7364656089440635 100
1715873102163 2.6688095298798187 101
1715873553868 2.6946048872626345 102
1715874010310 2.6617610062594 103
1715874463001 2.6267036711392193 104
1715874921511 2.6148556820724322 105
1715875385745 2.5785324991397234 106
1715875838678 2.5370673900065213 107
1715876302434 2.558898217328217 108
1715876763949 2.532009221613407 109
1715877227162 2.4629735846234406 110
1715877673779 2.436595754131027 111
1715878125912 2.4445093397213067 112
1715878584950 2.3708089366555214 113
1715879050584 2.391742923013542 114
1715879504150 2.3479568255336387 115
1715879955307 2.3377093173887418 116
1715880418483 2.322800972215507 117
1715880880813 2.304900669209335 118
1715881331884 2.2688296262336816 119
1715881783475 2.239392896709235 120
1715882246699 2.2410466745495796 121
1715882702573 2.2194519859293234 122
1715883163744 2.177172110132549 123
1715883617196 2.15074241809223 124
1715884081247 2.14100869194321 125
1715884541210 2.104027870880521 126
1715885002782 2.1244636408012845 127
1715885461425 2.090361528098583 128
1715885917504 2.086839787338091 129
1715886386785 2.058260372151499 130
1715886846540 2.069678728023301 131
1715887309814 2.008324398942616 132
1715887763112 2.0037200878495756 133
1715888218122 1.9702999154510705 134
1715888673575 1.9660402769627778 135
1715889137059 1.9456654135947642 136
1715889596282 1.8971484096153923 137
1715890051086 1.9384191094533256 138
1715890517188 1.8893537080806235 139
1715890988669 1.8599870868999024 140
1715891443231 1.8378194917155348 141
1715891900728 1.8401678943115731 142
1715892365028 1.8366039236602576 143
1715892834880 1.8003980553020602 144
1715893289653 1.81228844270758 145
1715893752714 1.776374377310276 146
1715894223885 1.7940534916908846 147
1715894675341 1.7663200105661931 148
1715895132928 1.7621145403903464 149
1715895576231 1.7307005291399749 150
1715896037649 1.7352616974840993 151
1715896487880 1.7231738094402396 152
1715896939717 1.6989173046920611 153
1715897390999 1.6866620481014252 154
1715897826570 1.660826717381892 155
1715898300002 1.6490828592492186 156
1715898762313 1.6503811290730601 157
1715899231484 1.6431394206440968 158
1715899683741 1.6300122253596783 159
1715900133640 1.6141112190873728 160
1715900600121 1.6152510508570983 161
1715901049581 1.6183065396288168 162
1715901502436 1.6151629802973375 163
1715901956717 1.5787381079533827 164
1715902427844 1.5689640416075354 165
1715902885326 1.5896800134492957 166
1715903348082 1.5743483774687932 167
1715903819803 1.5134913267000862 168
1715904295978 1.5639479205660198 169
1715904748437 1.5334139069461303 170
1715905206397 1.5193113041636737 171
1715905664507 1.5168459146567013 172
1715906126837 1.5179457534914431 173
1715906585930 1.496109621356363 174
1715907041483 1.4957217214548069 175
1715907511798 1.487499830029581 176
1715907967452 1.4599232409635317 177
1715908428079 1.470686876417502 178
1715908871247 1.460185551772947 179
1715909332279 1.4338160063261571 180
1715909787872 1.4547438785109832 181
1715910241145 1.4265891963049122 182
1715910696026 1.4306120372012905 183
1715911149912 1.4407176890450974 184
1715911607523 1.423910975780176 185
1715912059242 1.4304082500545874 186
1715912518844 1.4214427706016146 187
1715912978654 1.3836543798122718 188
1715913451011 1.4057496651683166 189
1715913913457 1.392550121506919 190
1715914368484 1.3765545599162579 191
1715914825141 1.372710824660633 192
1715915274955 1.3969821631908417 193
1715915740547 1.368533498081176 194
1715916202686 1.350709682735412 195
1715916688659 1.3912301295153473 196
1715917178115 1.3806335537329963 197
1715917681937 1.3788004763748334 198
1715918202768 1.3588076135062652 199
1715918727376 1.3534945102165574 200
1715919277495 1.3190819957981939 201
1715919791964 1.3494946281223192 202
1715920299741 1.3140720214856707 203
1715920789142 1.339911212577768 204
1715921314071 1.3380976032627665 205
1715921822171 1.3161054791315743 206
1715922319953 1.3336872834226359 207
1715922848079 1.3342402847888677 208
1715923378386 1.3005134249510972 209
1715923909582 1.328857010797314 210
1715924397609 1.3233374622852907 211
1715924885879 1.3334584820853628 212
1715925352014 1.296609765485577 213
1715925804699 1.287776241807834 214
1715926264822 1.2865352390900902 215
1715926720386 1.3115238697956437 216
1715927188053 1.278448840846186 217
1715927646915 1.3200773698804171 218
1715928103462 1.283735029561364 219
1715928565997 1.2887857460781285 220
1715929028772 1.2873051561739133 221
1715929486231 1.2697053425337956 222
1715929939718 1.272631206104289 223
1715930391200 1.2769363318448481 224
1715930854741 1.257581399348767 225
1715931308447 1.2799330071910568 226
1715931759688 1.2848056590427523 227
1715932222892 1.2529813177559688 228
1715932674629 1.2564739921818608 229
1715933135628 1.2742163762450218 230
1715933586391 1.2450475018957388 231
1715934041737 1.2550740765164727 232
1715934503969 1.2562013279808604 233
1715934964813 1.2622290802714617 234
1715935426491 1.2433172780210557 235
1715935883629 1.2503323856255282 236
1715936342940 1.2314151324655698 237
1715936816256 1.252520887748055 238
1715937282523 1.2453237026929855 239
1715937740816 1.2297705134943775 240
1715938202253 1.2321268780075985 241
1715938672527 1.2430068912065548 242
1715939131194 1.2375307337421437 243
1715939586315 1.2480982890271621 244
1715940049015 1.2370789971040643 245
1715940527868 1.2335717381666536 246
1715940991992 1.2392626934401367 247
1715941454778 1.231785967298176 248
1715941923604 1.2337279977357907 249
1715942394128 1.2228610165741132 250
1715942857494 1.2069507540892 251
1715943311602 1.2153813404881435 252
1715943779977 1.2191312933421654 253
1715944243287 1.2172435923762943 254
1715944707659 1.2196372509326623 255
1715945163002 1.217289903079686 256
1715945627978 1.2312934997936953 257
1715946089716 1.2222834462704866 258
1715946550452 1.2102919206347154 259
1715947010452 1.18902249618069 260
1715947469569 1.2007148086052875 261
1715947931780 1.1904407830342003 262
1715948390943 1.2021937120867812 263
1715948856239 1.1901914485446785 264
1715949314966 1.2164316449476325 265
1715949773028 1.2017492421943208 266
1715950231518 1.2023941510073517 267
1715950696422 1.2100679391752118 268
1715951153130 1.2013773305908493 269
1715951605836 1.1943329930629418 270
1715952073205 1.1816953564791575 271
1715952528977 1.1871631330122119 272
1715952983418 1.1693863991809927 273
1715953430299 1.1884154949499213 274
1715953890340 1.1828508479115756 275
1715954352482 1.1808381145415099 276
1715954799229 1.1854795327653056 277
1715955254998 1.180605086133532 278
1715955706750 1.1649167678602363 279
1715956165440 1.1865421499571074 280
1715956614388 1.1720838903085045 281
1715957068316 1.1884144411786743 282
1715957531067 1.1490385399564453 283
1715958007492 1.1619513107706672 284
1715958466165 1.149152845306241 285
1715958918540 1.1769677557699059 286
1715959381588 1.1595415391999742 287
1715959838885 1.176747082044249 288
1715960306303 1.1687474715644899 289
1715960769600 1.150653213424527 290
1715961245623 1.1565673187699006 291
1715961709588 1.1357383969361368 292
1715962169725 1.1645501764572186 293
1715962632671 1.1398893738894358 294
1715963089165 1.1585456531332887 295
1715963562339 1.1758905798196793 296
1715964021220 1.1519082859158516 297
1715964498489 1.1599511343823827 298
1715964951252 1.151666124391815 299
1715965417876 1.1687276578791763 300
1715965884121 1.146366450611664 301
1715966336761 1.1400900131658367 302
1715966803670 1.1321693493620208 303
1715967263190 1.1270921202781408 304
1715967735142 1.1524126351527546 305
1715968191661 1.1379514866225098 306
1715968648503 1.1479377518205538 307
1715969119472 1.1494276337325573 308
1715969577284 1.14924658689162 309
1715970022323 1.132019835807707 310
1715970417654 1.1643498096129168 311
1715970823443 1.1621329658057378 312
1715971230932 1.1440965381005537 313
1715971624530 1.151659189844909 314
1715972022091 1.1272182820931724 315
1715972438352 1.134210006698318 316
1715972838315 1.1460748405560204 317
1715973236704 1.114545851783908 318
1715973626341 1.1184881496364656 319
1715974033646 1.1357263765581276 320
1715974444083 1.109099525148454 321
1715974840380 1.1100896446277266 322
1715975234487 1.1189586756669956 323
1715975636487 1.1429806362999522 324
1715976039786 1.1341110322138537 325
1715976445424 1.1148371772597665 326
1715976846721 1.1297144011958786 327
1715977241984 1.1215338349018409 328
1715977647783 1.1316353383919466 329
1715978050558 1.107503593939802 330
1715978457266 1.1023794976265535 331
1715978862217 1.1261689850817556 332
1715979254932 1.1213846020400524 333
1715979663042 1.1072038101113362 334
1715980066978 1.1350955838418526 335
1715980461053 1.090704645961523 336
1715980869291 1.114283782956393 337
1715981281422 1.1083239133915175 338
1715981700155 1.1021234551849572 339
1715982094736 1.0992953129436658 340
1715982491054 1.1105964522322882 341
1715982901009 1.107979431424452 342
1715983309483 1.1155679927248021 343
1715983711986 1.1160359651498173 344
1715984103111 1.0951339761200158 345
1715984514273 1.1105599356410296 346
1715984925048 1.0904947647257992 347
1715985325758 1.1191099467484846 348
1715985724624 1.0892127063935217 349
